#% Complete	depth_infty
0.00127226463104326	0.651576
0.00508905852417303	9.325888
0.00636132315521628	19.29448
0.0089058524173028	30.535328
0.0101781170483461	40.153744
0.0114503816793893	52.934256
0.0127226463104326	61.891064
0.0139949109414758	73.017408
0.0152671755725191	84.604184
0.0165394402035623	100.2626
0.0190839694656489	119.027216
0.0203562340966921	130.279448
0.0216284987277354	141.52456
0.0229007633587786	153.551096
0.0241730279898219	201.474296
0.0254452926208651	224.912792
0.0267175572519084	239.931392
0.0279898218829517	261.032656
0.0292620865139949	273.382568
0.0305343511450382	285.26872
0.0318066157760814	322.07048
0.0330788804071247	363.897544
0.0343511450381679	433.3874
0.0356234096692112	445.124672
0.0368956743002544	469.465152
0.0381679389312977	481.69048
0.039440203562341	530.299984
0.0407124681933842	554.44908
0.0419847328244275	578.402176
0.0432569974554707	590.894624
0.044529262086514	615.180144
0.0458015267175573	651.524768
0.0470737913486005	825.98992
0.0483460559796438	850.424056
0.049618320610687	950.823328
0.0508905852417303	975.658328
0.0521628498727735	999.86024
0.0534351145038168	1062.041136
0.0547073791348601	1086.791952
0.0559796437659033	1123.361512
0.0572519083969466	1147.861784
0.0585241730279898	1184.510872
0.0597964376590331	1208.513464
0.0610687022900763	1286.84252
0.0623409669211196	1427.984296
0.0636132315521628	1477.040336
0.0648854961832061	1513.988512
0.0661577608142494	1850.912632
0.0674300254452926	1899.29304
0.0687022900763359	1936.811432
0.0699745547073791	1974.688672
0.0712468193384224	2012.121912
0.0725190839694656	2060.208104
0.0737913486005089	2108.93268
0.0750636132315522	2144.876256
0.0763358778625954	2193.910944
0.0776081424936387	2538.050824
0.0788804071246819	2585.26532
0.0801526717557252	2627.179352
0.0814249363867685	2669.18552
0.0826972010178117	2700.349152
0.083969465648855	2742.198096
0.0852417302798982	2784.25336
0.0865139949109415	2815.339248
0.0877862595419847	2867.647512
0.089058524173028	2898.942008
0.0903307888040712	2951.032904
0.0916030534351145	2982.499264
0.0928753180661578	3034.870632
0.094147582697201	3103.356688
0.0954198473282443	3155.2154
0.0966921119592875	3196.866912
0.0979643765903308	3248.397072
0.099236641221374	3288.708984
0.100508905852417	4550.603096
0.101781170483461	4590.914704
0.103053435114504	4641.252664
0.104325699745547	4681.465288
0.10559796437659	4721.670192
0.106870229007634	4761.93312
0.108142493638677	4812.470032
0.10941475826972	4874.348808
0.110687022900763	4924.906224
0.111959287531807	4975.523912
0.11323155216285	5026.069816
0.114503816793893	5066.408888
0.115776081424936	5116.723152
0.11704834605598	5156.93324
0.118320610687023	5197.157624
0.119592875318066	5247.534072
0.120865139949109	5287.891008
0.122137404580153	5328.040336
0.123409669211196	5378.402848
0.124681933842239	5418.583904
0.125954198473282	5448.697792
0.127226463104326	5488.853424
0.128498727735369	5539.169728
0.129770992366412	5579.378528
0.131043256997455	5619.637512
0.132315521628499	5670.03316
0.133587786259542	5710.2554
0.134860050890585	5750.386184
0.136132315521628	5790.688928
0.137404580152672	5841.055168
0.138676844783715	5881.289976
0.139949109414758	5931.579584
0.141221374045802	5982.087456
0.142493638676845	6032.544184
0.143765903307888	6072.794736
0.145038167938931	6186.279208
0.146310432569975	6216.320224
0.147582697201018	6266.740592
0.148854961832061	6306.939736
0.150127226463104	6357.367568
0.151399491094148	6397.589504
0.152671755725191	6447.892008
0.153944020356234	6488.154816
0.155216284987277	8946.480976
0.156488549618321	8986.765696
0.157760814249364	9037.069432
0.159033078880407	9077.400184
0.16030534351145	9137.92172
0.161577608142494	9178.228408
0.162849872773537	9218.418152
0.16412213740458	9268.748536
0.165394402035623	9308.984256
0.166666666666667	9359.41196
0.16793893129771	9409.816424
0.169211195928753	9461.195256
0.170483460559796	9510.977584
0.17175572519084	9551.287456
0.173027989821883	9623.985464
0.174300254452926	9674.8712
0.175572519083969	9725.512512
0.176844783715013	9765.695976
0.178117048346056	9805.985232
0.179389312977099	9856.381128
0.180661577608142	9906.969344
0.181933842239186	9947.285584
0.183206106870229	9987.521936
0.184478371501272	10037.898696
0.185750636132316	10078.15388
0.187022900763359	10139.013328
0.188295165394402	10179.280048
0.189567430025445	10229.515488
0.190839694656489	10269.81356
0.192111959287532	10310.067208
0.193384223918575	10360.40392
0.194656488549618	10410.683248
0.195928753180662	10450.97696
0.197201017811705	10491.16468
0.198473282442748	10541.534184
0.199745547073791	10581.702216
0.201017811704835	10632.165352
0.202290076335878	10672.375104
0.203562340966921	10722.742984
0.204834605597964	10762.998552
0.206106870229008	10803.179056
0.207379134860051	10853.448368
0.208651399491094	10893.682216
0.209923664122137	10933.913352
0.211195928753181	10984.274744
0.212468193384224	11024.52992
0.213740458015267	11074.76776
0.21501272264631	11104.856584
0.216284987277354	11155.220888
0.217557251908397	11195.424992
0.21882951653944	11245.771816
0.220101781170483	11296.09852
0.221374045801527	11336.35476
0.22264631043257	11386.773704
0.223918575063613	11437.119144
0.225190839694656	11487.54056
0.2264631043257	11517.58372
0.227735368956743	11567.920984
0.229007633587786	11608.185952
0.23027989821883	11658.593296
0.231552162849873	11698.771424
0.232824427480916	11738.891392
0.234096692111959	11779.05028
0.235368956743003	11829.460008
0.236641221374046	11879.794232
0.237913486005089	11920.090584
0.239185750636132	11960.25672
0.240458015267176	12010.539168
0.241730279898219	12050.695856
0.243002544529262	12101.010864
0.244274809160305	12261.467632
0.245547073791349	12311.857112
0.246819338422392	12362.10244
0.248091603053435	12402.42708
0.249363867684478	12452.697736
0.250636132315522	12492.9724
0.251908396946565	12533.18952
0.253180661577608	12583.501464
0.254452926208651	12623.765528
0.255725190839695	12674.155136
0.256997455470738	12724.60172
0.258269720101781	12764.763256
0.259541984732824	12815.175848
0.260814249363868	12865.500736