#% Complete	depth_1_nohash
0.0104838709677419	0.858176
0.0129032258064516	1.026512
0.0153225806451613	1.142272
0.0169354838709677	1.242016
0.0185483870967742	1.309216
0.0193548387096774	1.477328
0.0201612903225806	1.68176
0.0217741935483871	1.738176
0.0225806451612903	1.802256
0.0233870967741935	1.855888
0.0241935483870968	1.893552
0.025	1.926992
0.0258064516129032	1.97072
0.0266129032258065	2.006016
0.0274193548387097	2.066224
0.0282258064516129	2.128672
0.0290322580645161	2.160656
0.0298387096774194	2.21896
0.0306451612903226	2.238576
0.0314516129032258	2.288208
0.032258064516129	2.34696
0.0330645161290323	2.372976
0.0338709677419355	2.436496
0.0346774193548387	2.475984
0.0354838709677419	2.512304
0.0362903225806452	2.562864
0.0370967741935484	2.612576
0.0379032258064516	2.651632
0.0387096774193548	2.702752
0.0395161290322581	2.95144
0.0403225806451613	3.300928
0.0411290322580645	3.324496
0.0419354838709677	3.379648
0.042741935483871	3.421456
0.0435483870967742	3.467552
0.0443548387096774	3.518064
0.0451612903225806	3.555744
0.0459677419354839	3.6028
0.0467741935483871	3.647296
0.0475806451612903	3.690768
0.0483870967741935	3.739232
0.0491935483870968	3.786368
0.05	3.834592
0.0508064516129032	3.881984
0.0516129032258065	3.917952
0.0524193548387097	3.966992
0.0532258064516129	4.021008
0.0540322580645161	4.06288
0.0548387096774194	4.109728
0.0556451612903226	4.151472
0.0564516129032258	4.199296
0.057258064516129	4.248496
0.0580645161290323	4.295856
0.0588709677419355	4.342432
0.0596774193548387	4.390096
0.0604838709677419	4.434992
0.0612903225806452	4.480656
0.0620967741935484	4.528416
0.0629032258064516	4.576112
0.0637096774193548	4.618096
0.0645161290322581	4.66656
0.0653225806451613	4.722
0.0661290322580645	4.776096
0.0669354838709677	4.83232
0.067741935483871	4.890448
0.0685483870967742	4.944096
0.0693548387096774	5.002784
0.0701612903225806	5.057104
0.0709677419354839	5.113328
0.0717741935483871	5.16832
0.0725806451612903	5.81464
0.0733870967741935	5.870304
0.0741935483870968	5.927648
0.075	5.98376
0.0758064516129032	6.038976
0.0766129032258065	6.095648
0.0774193548387097	6.151312
0.0782258064516129	6.20608
0.0790322580645161	6.262304
0.0798387096774194	6.31752
0.0806451612903226	6.374192
0.0814516129032258	6.429968
0.082258064516129	6.487088
0.0830645161290323	6.543312
0.0838709677419355	6.59864
0.0846774193548387	6.655312
0.0854838709677419	6.711088
0.0862903225806452	6.76608
0.0870967741935484	6.822304
0.0879032258064516	6.877744
0.0887096774193548	6.934304
0.0895161290322581	6.990192
0.0903225806451613	7.0472
0.0911290322580645	7.10152
0.0919354838709677	7.158864
0.092741935483871	7.213632
0.0935483870967742	7.26952
0.0943548387096774	7.326416
0.0951612903225806	7.382752
0.0959677419354839	7.438192
0.0967741935483871	7.494864
0.0975806451612903	7.550752
0.0983870967741935	7.605968
0.0991935483870968	7.662192
0.1	7.717744
0.100806451612903	7.774304
0.101612903225806	7.830304
0.10241935483871	7.88552
0.103225806451613	7.941856
0.104032258064516	7.997408
0.104838709677419	8.05408
0.105645161290323	8.109968
0.106451612903226	8.166864
0.107258064516129	8.221632
0.108064516129032	8.278752
0.108870967741935	8.333856
0.109677419354839	8.389856
0.110483870967742	8.44664
0.111290322580645	8.50152
0.112096774193548	9.73848
0.112903225806452	9.793584
0.113709677419355	9.849584
0.114516129032258	9.906368
0.115322580645161	9.961248
0.116129032258065	10.018368
0.116935483870968	10.073584
0.117741935483871	10.129584
0.118548387096774	10.186368
0.119354838709677	10.24136
0.120161290322581	10.298368
0.120967741935484	10.353696
0.121774193548387	10.409696
0.12258064516129	10.465248
0.123387096774194	10.521472
0.124193548387097	10.577248
0.125	10.633808