#% Complete	depth_infty
0.0	0.075144
0.000242424242424242	0.199816
0.000484848484848485	0.272256
0.000727272727272727	0.410904
0.00096969696969697	0.481248
0.00121212121212121	0.550608
0.00145454545454545	0.835744
0.0016969696969697	0.900224
0.00193939393939394	0.972168
0.00218181818181818	1.039616
0.00242424242424242	1.107728
0.00266666666666667	1.179088
0.00290909090909091	1.24844
0.00315151515151515	1.673608
0.00339393939393939	1.741024
0.00363636363636364	1.805312
0.00387878787878788	1.875728
0.00412121212121212	1.946536
0.00436363636363636	2.019064
0.00460606060606061	2.15544
0.00484848484848485	2.22072
0.00509090909090909	2.288536
0.00533333333333333	2.358272
0.00557575757575758	2.42384
0.00581818181818182	2.489232
0.00606060606060606	2.748552
0.0063030303030303	3.266304
0.00654545454545455	3.33392
0.00678787878787879	3.399912
0.00703030303030303	3.46508
0.00727272727272727	3.53388
0.00751515151515152	3.597408
0.00775757575757576	3.734208
0.008	3.799056
0.00824242424242424	3.867064
0.00848484848484849	3.932544
0.00872727272727273	3.999616
0.00896969696969697	4.07112
0.00921212121212121	4.138096
0.00945454545454546	4.204272
0.0096969696969697	4.337592
0.00993939393939394	4.40208
0.0101818181818182	4.467896
0.0104242424242424	4.537448
0.0106666666666667	4.604984
0.0109090909090909	4.672696
0.0111515151515152	4.736448
0.0113939393939394	4.865512
0.0116363636363636	4.9304
0.0118787878787879	4.989888
0.0121212121212121	5.436584
0.0123636363636364	5.500416
0.0126060606060606	5.567
0.0128484848484848	6.460344
0.0130909090909091	6.525208
0.0133333333333333	6.589432
0.0135757575757576	6.661416
0.0138181818181818	6.72488
0.0140606060606061	6.85108
0.0143030303030303	6.915208
0.0145454545454545	6.980392
0.0147878787878788	7.042488
0.015030303030303	7.107528
0.0152727272727273	7.178448
0.0155151515151515	7.239824
0.0157575757575758	7.301688
0.016	7.435416
0.0162424242424242	7.50252
0.0164848484848485	7.56812
0.0167272727272727	7.629192
0.016969696969697	7.693384
0.0172121212121212	7.758616
0.0174545454545455	7.819656
0.0176969696969697	7.950768
0.0179393939393939	8.01092
0.0181818181818182	8.07604
0.0184242424242424	8.139224
0.0186666666666667	8.200936
0.0189090909090909	8.264376
0.0191515151515152	8.329312
0.0193939393939394	8.455376
0.0196363636363636	8.515016
0.0198787878787879	8.57688
0.0201212121212121	8.641408
0.0203636363636364	8.701696
0.0206060606060606	8.762464
0.0208484848484848	8.825208
0.0210909090909091	8.888464
0.0213333333333333	9.017816
0.0215757575757576	9.077408
0.0218181818181818	9.136304
0.0220606060606061	9.195192
0.0223030303030303	9.25824
0.0225454545454545	9.321296
0.0227878787878788	9.381168
0.023030303030303	9.503656
0.0232727272727273	9.56844
0.0235151515151515	9.629232
0.0237575757575758	9.689048
0.024	12.096064
0.0242424242424242	10.584592
0.0244848484848485	10.710576
0.0247272727272727	10.775664
0.024969696969697	10.833616
0.0252121212121212	10.892712
0.0254545454545455	10.951944
0.0256969696969697	11.01268
0.0259393939393939	11.073648
0.0261818181818182	11.19608
0.0264242424242424	11.25744