#% Complete	depth_0
0.000814249363867684	0.059384
0.00124681933842239	0.095432
0.0016030534351145	0.118872
0.00192111959287532	0.137464
0.0021882951653944	0.153208
0.00243002544529262	0.184688
0.00264631043256997	0.196936
0.00283715012722646	0.214128
0.00302798982188295	0.228136
0.00320610687022901	0.23828
0.00337150127226463	0.247736
0.00353689567430025	0.256536
0.00370229007633588	0.265496
0.00385496183206107	0.274344
0.00399491094147583	0.28324
0.00413486005089058	0.29116
0.00427480916030534	0.311432
0.00440203562340967	0.318152
0.00452926208651399	0.337736
0.00464376590330789	0.34464
0.00475826972010178	0.364408
0.00487277353689567	0.371336
0.00498727735368957	0.377528
0.00508905852417303	0.38388
0.00519083969465649	0.389568
0.00529262086513995	0.408072
0.00539440203562341	0.413752
0.00549618320610687	0.419152
0.0055852417302799	0.424488
0.00568702290076336	0.435608
0.00577608142493639	0.440928
0.00586513994910941	0.4466
0.00595419847328244	0.452072
0.00604325699745547	0.457384
0.00611959287531807	0.462224
0.00620865139949109	0.4674
0.00628498727735369	0.472168
0.00636132315521628	0.47704
0.00643765903307888	0.481912
0.00651399491094148	0.486376
0.00659033078880407	0.490568
0.00666666666666667	0.494936
0.00674300254452926	0.499
0.00680661577608143	0.503352
0.00688295165394402	0.507616
0.00695928753180662	0.511408
0.00702290076335878	0.515528
0.00709923664122137	0.519424
0.00716284987277354	0.52364
0.00723918575063613	0.528184
0.0073027989821883	0.531888
0.00736641221374046	0.535768
0.00744274809160305	0.539832
0.00750636132315522	0.543928
0.00756997455470738	0.547768
0.00763358778625954	0.55184
0.00769720101781171	0.55548
0.00774809160305343	0.559096
0.0078117048346056	0.562912
0.00787531806615776	0.566936
0.00793893129770992	0.57056
0.00798982188295165	0.57436
0.00805343511450382	0.57796
0.00810432569974555	0.581512
0.00816793893129771	0.58468
0.00821882951653944	0.588328
0.00826972010178117	0.591896
0.00833333333333333	0.595104
0.00838422391857506	0.598048
0.00843511450381679	0.601128
0.00848600508905852	0.62892
0.00853689567430025	0.632056
0.00860050890585242	0.635224
0.00865139949109415	0.638008
0.00870229007633588	0.641424
0.00875318066157761	0.644144
0.00880407124681934	0.647416
0.00885496183206107	0.650296
0.0089058524173028	0.653336
0.00895674300254453	0.656216
0.00900763358778626	0.659112
0.00905852417302799	0.662224
0.00910941475826972	0.665272
0.00916030534351145	0.692936
0.00919847328244275	0.69556
0.00924936386768448	0.698208
0.00930025445292621	0.70108
0.00935114503816794	0.728776
0.00940203562340967	0.731944
0.00944020356234097	0.734448
0.0094910941475827	0.737032
0.00954198473282443	0.739936
0.00958015267175573	0.74296
0.00963104325699746	0.758008
0.00966921119592875	0.760984
0.00972010178117048	0.763864
0.00975826972010178	0.766504
0.00980916030534351	0.769064
0.00986005089058524	0.771576
0.00989821882951654	0.774264
0.00993638676844784	0.776704
0.00998727735368957	0.779224
0.0100254452926209	0.781808
0.0100763358778626	0.784392
0.0101145038167939	0.787048
0.0101653944020356	0.7898
0.0102035623409669	0.792616
0.0102417302798982	0.795256
0.0102926208651399	0.798008
0.0103307888040712	0.800624
0.0103689567430025	0.802984
0.0104071246819338	0.80524
0.0104580152671756	0.807688
0.0104961832061069	0.81052
0.0105343511450382	0.812688
0.0105725190839695	0.814888
0.0106106870229008	0.817384
0.0106615776081425	0.81988
0.0106997455470738	0.82244
0.0107379134860051	0.824984
0.0107760814249364	0.827352
0.0108142493638677	0.829448
0.010852417302799	0.83188
0.0108905852417303	0.834296
0.0109287531806616	0.836544
0.0109669211195929	0.838728
0.0110050890585242	0.841104
0.0110432569974555	0.843216
0.0110814249363868	0.845616
0.0111195928753181	0.847704
0.0111577608142494	0.849624
0.0111959287531807	0.851704
0.011234096692112	0.854008
0.0112722646310433	0.85668
0.0113104325699746	0.859208
0.0113486005089059	0.8614
0.0113740458015267	0.863416
0.011412213740458	0.865512
0.0114503816793893	0.867688
0.0114885496183206	0.870168
0.0115267175572519	0.872184
0.0115648854961832	0.874032
0.0115903307888041	0.876288
0.0116284987277354	0.878304
0.0116666666666667	0.88032
0.011704834605598	0.882488
0.0117430025445293	0.885048
0.0117684478371501	0.88688
0.0118066157760814	0.8892
0.0118447837150127	0.891208
0.0118702290076336	0.893424
0.0119083969465649	0.895608
0.0119465648854962	0.897656
0.011972010178117	0.899824
0.0120101781170483	0.901752
0.0120483460559796	0.903832
0.0120737913486005	0.905576
0.0121119592875318	0.907384
0.0121501272264631	0.909352
0.012175572519084	0.911296
0.0122137404580153	0.913368
0.0122391857506361	0.915224
0.0122773536895674	0.91732
0.0123155216284987	0.919408
0.0123409669211196	0.92144
0.0123791348600509	0.923352
0.0124045801526718	0.925752
0.0124427480916031	0.927792
0.0124681933842239	0.929832
0.0125063613231552	0.93156
0.0125318066157761	0.933304
0.0125699745547074	0.93556
0.0125954198473282	0.937272
0.0126335877862595	0.938944
0.0126590330788804	0.940592
0.0126972010178117	0.942328
0.0127226463104326	0.944384
0.0127608142493639	0.94612
0.0127862595419847	0.947816
0.012824427480916	0.949552
0.0128498727735369	0.951312
0.0128880407124682	0.953064
0.0129134860050891	0.954952
0.0129389312977099	0.956992
0.0129770992366412	0.95892
0.0130025445292621	0.960672
0.0130407124681934	0.962344
0.0130661577608142	0.96428
0.0130916030534351	0.965936
0.0131297709923664	0.967592
0.0131552162849873	0.969528
0.0131933842239186	0.971384
0.0132188295165394	0.97332
0.0132442748091603	0.974904
0.0132824427480916	0.976808
0.0133078880407125	0.978504
0.0133333333333333	0.980136
0.0133715012722646	0.981904
0.0133969465648855	0.98356
0.0134351145038168	0.98524
0.0134605597964377	0.98708
0.0134860050890585	0.988784
0.0135241730279898	0.99036
0.0135496183206107	0.991976
0.0135750636132316	0.993864
0.0136132315521629	0.995736
0.0136386768447837	0.997488
0.0136641221374046	0.999432
0.0136895674300254	1.00128
0.0137277353689567	1.002952
0.0137531806615776	1.00468
0.0137786259541985	1.006336
0.0138167938931298	1.00812
0.0138422391857506	1.010232
0.0138676844783715	1.0122
0.0138931297709924	1.013784
0.0139185750636132	1.015776
0.0139567430025445	1.017528
0.0139821882951654	1.019464
0.0140076335877863	1.021336
0.0140330788804071	1.023136
0.014058524173028	1.024664
0.0140966921119593	1.026776
0.0141221374045802	1.028328
0.014147582697201	1.029816
0.0141730279898219	1.032296
0.0141984732824427	1.033704
0.0142239185750636	1.035048
0.0142493638676845	1.036472
0.0142875318066158	1.038008
0.0143129770992366	1.039688
0.0143384223918575	1.041464
0.0143638676844784	1.043256
0.0143893129770992	1.0446
0.0144147582697201	1.046072
0.014440203562341	1.047944
0.0144656488549618	1.049352
0.0144910941475827	1.050808
0.0145165394402036	1.05232
0.0145547073791349	1.053752
0.0145801526717557	1.055264
0.0146055979643766	1.056952
0.0146310432569975	1.058688
0.0146564885496183	1.060128
0.0146819338422392	1.06164
0.0147073791348601	1.063448
0.0147328244274809	1.065024
0.0147582697201018	1.066536
0.0147837150127226	1.068288
0.0148091603053435	1.0698
0.0148346055979644	1.071648
0.0148600508905852	1.073128
0.0148854961832061	1.074488
0.014910941475827	1.076216
0.0149363867684478	1.0778
0.0149618320610687	1.079344
0.0149872773536896	1.080936
0.0150127226463104	1.082496
0.0150381679389313	1.084296
0.0150636132315522	1.086096
0.015089058524173	1.087384
0.0151145038167939	1.088824
0.0151399491094148	1.090152
0.0151653944020356	1.091784
0.0151908396946565	1.09324
0.0152162849872774	1.094728
0.0152417302798982	1.096088
0.0152671755725191	1.097448
0.0152926208651399	1.09876
0.0153180661577608	1.10012
0.0153435114503817	1.101544
0.0153689567430025	1.10316
0.0153944020356234	1.104448
0.0154198473282443	1.105808
0.0154452926208651	1.107176
0.015470737913486	1.108456
0.0154961832061069	1.11044
0.0155216284987277	1.112048
0.0155470737913486	1.113352
0.0155725190839695	1.114968
0.0155979643765903	1.116552
0.0156234096692112	1.117992
0.0156361323155216	1.119544
0.0156615776081425	1.12116
0.0156870229007634	1.122672
0.0157124681933842	1.124024
0.0157379134860051	1.125248
0.015763358778626	1.126568
0.0157888040712468	1.128104
0.0158142493638677	1.129672
0.0158396946564885	1.131464
0.015852417302799	1.132792
0.0158778625954198	1.13404
0.0159033078880407	1.135496
0.0159287531806616	1.136944
0.0159541984732824	1.138344
0.0159796437659033	1.139576
0.0160050890585242	1.140872
0.0160178117048346	1.142064
0.0160432569974555	1.1434
0.0160687022900763	1.144872
0.0160941475826972	1.146208
0.0161195928753181	1.147504
0.0161450381679389	1.148824
0.0161704834605598	1.150024
0.0161832061068702	1.15156
0.0162086513994911	1.153
0.016234096692112	1.154456
0.0162595419847328	1.155608
0.0162849872773537	1.157064
0.0163104325699746	1.158536
0.016323155216285	1.159752
0.0163486005089059	1.161096
0.0163740458015267	1.162568
0.0163994910941476	1.1638
0.0164249363867684	1.165144
0.0164376590330789	1.166536
0.0164631043256997	1.16796
0.0164885496183206	1.169192
0.0165139949109415	1.17092
0.0165394402035623	1.172184
0.0165521628498728	1.173408
0.0165776081424936	1.174728
0.0166030534351145	1.176456
0.0166284987277354	1.177776
0.0166412213740458	1.178968
0.0166666666666667	1.27852
0.0166921119592875	1.279672
0.0167175572519084	1.281128
0.0167302798982188	1.282728
0.0167557251908397	1.284152
0.0167811704834606	1.285752
0.0168066157760814	1.28692
0.0168193384223919	1.288192
0.0168447837150127	1.289384
0.0168702290076336	1.2908
0.0168956743002545	1.29196
0.0169083969465649	1.293464
0.0169338422391858	1.294928
0.0169592875318066	1.296152
0.0169847328244275	1.29764
0.0169974554707379	1.298864
0.0170229007633588	1.30004
0.0170483460559796	1.301448
0.0170610687022901	1.302952
0.0170865139949109	1.304248
0.0171119592875318	1.305472
0.0171246819338422	1.355928
0.0171501272264631	1.357336
0.017175572519084	1.358808
0.0172010178117048	1.360056
0.0172137404580153	1.361352
0.0172391857506361	1.362728
0.017264631043257	1.36388
0.0172773536895674	1.36508
0.0173027989821883	1.366488
0.0173282442748092	1.36756
0.0173409669211196	1.369584
0.0173664122137405	1.370808
0.0173918575063613	1.372024
0.0174045801526718	1.373296
0.0174300254452926	1.374824
0.0174554707379135	1.376008
0.0174681933842239	1.377232
0.0174936386768448	1.378384
0.0175190839694656	1.379608
0.0175318066157761	1.38076
0.0175572519083969	1.3822
0.0175699745547074	1.383496
0.0175954198473282	1.384768
0.0176208651399491	1.385928
0.0176335877862595	1.411912
0.0176590330788804	1.413016
0.0176844783715013	1.414408
0.0176972010178117	1.415688
0.0177226463104326	1.41704
0.017735368956743	1.418432
0.0177608142493639	1.419824
0.0177862595419847	1.420976
0.0177989821882952	1.42216
0.017824427480916	1.423528
0.0178371501272265	1.424656
0.0178625954198473	1.426072
0.0178880407124682	1.427608
0.0179007633587786	1.428832
0.0179262086513995	1.429984
0.0179389312977099	1.431056
0.0179643765903308	1.432208
0.0179898218829517	1.43336
0.0180025445292621	1.43436
0.018027989821883	1.435544
0.0180407124681934	1.436792
0.0180661577608142	1.438088
0.0180916030534351	1.43924
0.0181043256997455	1.440352
0.0181297709923664	1.441504
0.0181424936386768	1.442688
0.0181679389312977	1.443768
0.0181806615776081	1.444936
0.018206106870229	1.446232
0.0182315521628499	1.447384
0.0182442748091603	1.448464
0.0182697201017812	1.449616
0.0182824427480916	1.450768
0.0183078880407125	1.451784
0.0183206106870229	1.453048
0.0183460559796438	1.454344
0.0183587786259542	1.455376
0.0183842239185751	1.456528
0.0184096692111959	1.457608
0.0184223918575064	1.45876
0.0184478371501272	1.460104
0.0184605597964377	1.461152
0.0184860050890585	1.462304
0.018498727735369	1.46372
0.0185241730279898	1.464936
0.0185368956743003	1.466256
0.0185623409669211	1.467336
0.018587786259542	1.468488
0.0186005089058524	1.469632
0.0186259541984733	1.470784
0.0186386768447837	1.471784
0.0186641221374046	1.473064
0.018676844783715	1.474568
0.0187022900763359	1.475592
0.0187150127226463	1.476704
0.0187404580152672	1.477784
0.0187531806615776	1.479144
0.0187786259541985	1.480424
0.0187913486005089	1.481624
0.0188167938931298	1.482848
0.0188295165394402	1.484296
0.0188549618320611	1.48552
0.0188676844783715	1.4866
0.0188931297709924	1.487928
0.0189058524173028	1.489
0.0189312977099237	1.490248
0.0189440203562341	1.49124
0.018969465648855	1.492272
0.0189821882951654	1.493688
0.0190076335877863	1.49484
0.0190203562340967	1.495952
0.0190458015267176	1.497256
0.019058524173028	1.498688
0.0190839694656489	1.499704
0.0190966921119593	1.500696
0.0191221374045802	1.501944
0.0191348600508906	1.503336
0.0191603053435115	1.504296
0.0191730279898219	1.505608
0.0191857506361323	1.506832
0.0192111959287532	1.507912
0.0192239185750636	1.50884
0.0192493638676845	1.50992
0.0192620865139949	1.511168
0.0192875318066158	1.512248
0.0193002544529262	1.513432
0.0193256997455471	1.514776
0.0193384223918575	1.516088
0.0193638676844784	1.51716
0.0193765903307888	1.518088
0.0193893129770992	1.519048
0.0194147582697201	1.520232
0.0194274809160305	1.521504
0.0194529262086514	1.52268
0.0194656488549618	1.52388
0.0194910941475827	1.525112
0.0195038167938931	1.52636
0.0195165394402036	1.527608
0.0195419847328244	1.528616
0.0195547073791349	1.529608
0.0195801526717557	1.530688
0.0195928753180662	1.531728
0.0196055979643766	1.532696
0.0196310432569975	1.533664
0.0196437659033079	1.5346
0.0196692111959288	1.535496
0.0196819338422392	1.536464
0.0196946564885496	1.537432
0.0197201017811705	1.53836
0.0197328244274809	1.5396
0.0197582697201018	1.540776
0.0197709923664122	1.5418
0.0197837150127226	1.543024
0.0198091603053435	1.54396
0.0198218829516539	1.545304
0.0198473282442748	1.546456
0.0198600508905852	1.547496
0.0198727735368957	1.548872
0.0198982188295165	1.550216
0.019910941475827	1.551416
0.0199363867684478	1.552424
0.0199491094147583	1.553432
0.0199618320610687	1.554368
0.0199872773536896	1.555376
0.02	1.556712
0.0200127226463104	1.55796
0.0200381679389313	1.55892
0.0200508905852417	1.559928
0.0200636132315522	1.560864
0.020089058524173	1.561872
0.0201017811704835	1.563096
0.0201272264631043	1.564296
0.0201399491094148	1.565232
0.0201526717557252	1.566192
0.0201781170483461	1.567272
0.0201908396946565	1.568376
0.0202035623409669	1.569528
0.0202290076335878	1.570552
0.0202417302798982	1.571656
0.0202544529262087	1.572648
0.0202798982188295	1.573824
0.02029262086514	1.57476
0.0203053435114504	1.575592
0.0203307888040712	1.576544
0.0203435114503817	1.577752
0.0203562340966921	1.578688
0.020381679389313	1.579696
0.0203944020356234	1.580872
0.0204071246819338	1.581872
0.0204325699745547	1.58284
0.0204452926208651	1.583768
0.0204580152671756	1.584736
0.0204834605597964	1.585672
0.0204961832061069	1.586608
0.0205089058524173	1.587832
0.0205343511450382	1.588744
0.0205470737913486	1.589608
0.020559796437659	1.590808
0.0205725190839695	1.591704
0.0205979643765903	1.592536
0.0206106870229008	1.593592
0.0206234096692112	1.594496
0.0206488549618321	1.595432
0.0206615776081425	1.596368
0.0206743002544529	1.597272
0.0206997455470738	1.598328
0.0207124681933842	1.599608
0.0207251908396947	1.600616
0.0207506361323155	1.601864
0.020763358778626	1.602896
0.0207760814249364	1.603816
0.0207888040712468	1.604648
0.0208142493638677	1.605544
0.0208269720101781	1.606648
0.0208396946564885	1.607656
0.0208651399491094	1.60876
0.0208778625954198	1.609624
0.0208905852417303	1.610584
0.0209033078880407	1.61152
0.0209287531806616	1.612456
0.020941475826972	1.613312
0.0209541984732824	1.614176
0.0209796437659033	1.615112
0.0209923664122137	1.616264
0.0210050890585242	1.617576
0.0210178117048346	1.618824
0.0210432569974555	1.619808
0.0210559796437659	1.620776
0.0210687022900763	1.621688
0.0210814249363868	1.622496
0.0211068702290076	1.623432
0.0211195928753181	1.624288
0.0211323155216285	1.625224
0.0211577608142494	1.62612
0.0211704834605598	1.627056
0.0211832061068702	1.62828
0.0211959287531807	1.629464
0.0212213740458015	1.630552
0.021234096692112	1.631392
0.0212468193384224	1.632328
0.0212595419847328	1.633256
0.0212849872773537	1.634312
0.0212977099236641	1.635176
0.0213104325699746	1.636088
0.021323155216285	1.637144
0.0213486005089059	1.63808
0.0213613231552163	1.638944
0.0213740458015267	1.639848
0.0213867684478371	1.641
0.021412213740458	1.642024
0.0214249363867684	1.64308
0.0214376590330789	1.643992
0.0214503816793893	1.64524
0.0214758269720102	1.646392
0.0214885496183206	1.647384
0.021501272264631	1.648552
0.0215139949109415	1.649376
0.0215267175572519	1.65024
0.0215521628498728	1.651048
0.0215648854961832	1.651912
0.0215776081424936	1.653
0.0215903307888041	1.653832
0.0216157760814249	1.654696
0.0216284987277354	1.655752
0.0216412213740458	1.656936
0.0216539440203562	1.657944
0.0216666666666667	1.658936
0.0216921119592875	1.659928
0.021704834605598	1.66108
0.0217175572519084	1.661968
0.0217302798982188	1.662832
0.0217430025445293	1.663656
0.0217684478371501	1.664648
0.0217811704834606	1.665584
0.021793893129771	1.66648
0.0218066157760814	1.667416
0.0218193384223919	1.668408
0.0218447837150127	1.669232
0.0218575063613232	1.670312
0.0218702290076336	1.6712
0.021882951653944	1.672168
0.0218956743002545	1.67332
0.0219211195928753	1.67428
0.0219338422391857	1.675336
0.0219465648854962	1.676144
0.0219592875318066	1.676952
0.021972010178117	1.677752
0.0219974554707379	1.6786
0.0220101781170483	1.679464
0.0220229007633588	1.680328
0.0220356234096692	1.681144
0.0220483460559796	1.682008
0.0220610687022901	1.68304
0.0220865139949109	1.684072
0.0220992366412214	1.684936
0.0221119592875318	1.685744
0.0221246819338422	1.686616
0.0221374045801527	1.689304
0.0221628498727735	1.690344
0.022175572519084	1.691232
0.0221882951653944	1.692024
0.0222010178117048	1.692904
0.0222137404580153	1.693944
0.0222264631043257	1.694808
0.0222519083969466	1.695608
0.022264631043257	1.696376
0.0222773536895674	1.697248
0.0222900763358779	1.698032
0.0223027989821883	1.698872
0.0223155216284987	1.699928
0.0223282442748092	1.700872
0.02235368956743	1.701888
0.0223664122137405	1.702872
0.0223791348600509	1.704024
0.0223918575063613	1.705056
0.0224045801526718	1.706088
0.0224173027989822	1.707048
0.0224427480916031	1.707912
0.0224554707379135	1.708936
0.0224681933842239	1.709736
0.0224809160305343	1.710584
0.0224936386768448	1.711296
0.0225063613231552	1.71216
0.0225190839694656	1.712984
0.0225318066157761	1.713736
0.0225572519083969	1.714592
0.0225699745547074	1.715416
0.0225826972010178	1.716208
0.0225954198473282	1.717072
0.0226081424936387	1.717864
0.0226208651399491	1.718656
0.0226335877862595	1.71952
0.0226590330788804	1.72052
0.0226717557251908	1.72144
0.0226844783715013	1.722232
0.0226972010178117	1.723016
0.0227099236641221	1.723832
0.0227226463104326	1.724944
0.022735368956743	1.725768
0.0227480916030534	1.726744
0.0227735368956743	1.727688
0.0227862595419847	1.728648
0.0227989821882952	1.729832
0.0228117048346056	1.730648
0.022824427480916	1.73144
0.0228371501272265	1.73228
0.0228498727735369	1.733264
0.0228625954198473	1.734088
0.0228753180661578	1.73488
0.0229007633587786	1.735672
0.0229134860050891	1.736472
0.0229262086513995	1.737176
0.0229389312977099	1.738232
0.0229516539440204	1.738976
0.0229643765903308	1.739768
0.0229770992366412	1.740696
0.0229898218829517	1.741656
0.0230025445292621	1.742408
0.023027989821883	1.74316
0.0230407124681934	1.743896
0.0230534351145038	1.744728
0.0230661577608142	1.745504
0.0230788804071247	1.746296
0.0230916030534351	1.747328
0.0231043256997455	1.74812
0.023117048346056	1.749016
0.0231297709923664	1.749944
0.0231424936386768	1.75072
0.0231679389312977	1.751688
0.0231806615776081	1.752552
0.0231933842239186	1.753384
0.023206106870229	1.754392
0.0232188295165394	1.755208
0.0232315521628499	1.755928
0.0232442748091603	1.756992
0.0232569974554707	1.7578
0.0232697201017812	1.758528
0.0232824427480916	1.75932
0.023295165394402	1.760064
0.0233078880407125	1.760904
0.0233333333333333	1.761768
0.0233460559796438	1.762472
0.0233587786259542	1.76356
0.0233715012722646	1.764552
0.0233842239185751	1.765384
0.0233969465648855	1.766168
0.0234096692111959	1.766984
0.0234223918575064	1.767976
0.0234351145038168	1.769016
0.0234478371501272	1.76984
0.0234605597964377	1.77056
0.0234732824427481	1.771448
0.0234860050890585	1.772344
0.023498727735369	1.773024
0.0235241730279898	1.77396
0.0235368956743003	1.774776
0.0235496183206107	1.775568
0.0235623409669211	1.776552
0.0235750636132316	1.777512
0.023587786259542	1.778352
0.0236005089058524	1.779
0.0236132315521628	1.78012
0.0236259541984733	1.78084
0.0236386768447837	1.781632
0.0236513994910941	1.782416
0.0236641221374046	1.783224
0.023676844783715	1.783896
0.0236895674300254	1.784656
0.0237022900763359	1.785376
0.0237150127226463	1.7862
0.0237277353689567	1.787016
0.0237404580152672	1.787984
0.0237531806615776	1.788824
0.0237786259541985	1.789736
0.0237913486005089	1.790408
0.0238040712468193	1.791096
0.0238167938931298	1.79192
0.0238295165394402	1.792584
0.0238422391857506	1.793352
0.0238549618320611	1.794072
0.0238676844783715	1.79508
0.0238804071246819	1.795824
0.0238931297709924	1.79676
0.0239058524173028	1.797576
0.0239185750636132	1.798296
0.0239312977099237	1.799016
0.0239440203562341	1.799896
0.0239567430025445	1.800856
0.023969465648855	1.801792
0.0239821882951654	1.802568
0.0239949109414758	1.803272
0.0240076335877863	1.804232
0.0240203562340967	1.80532
0.0240330788804071	1.806312
0.0240458015267176	1.807272
0.024058524173028	1.808136
0.0240712468193384	1.8088
0.0240839694656489	1.809592
0.0240966921119593	1.810408
0.0241094147582697	1.81124
0.0241221374045802	1.812008
0.0241348600508906	1.812872
0.024147582697201	1.813592
0.0241603053435115	1.814336
0.0241730279898219	1.815176
0.0241857506361323	1.816136
0.0241984732824427	1.816936
0.0242111959287532	1.817576
0.0242239185750636	1.818288
0.024236641221374	1.819128
0.0242493638676845	1.819968
0.0242620865139949	1.820648
0.0242875318066158	1.821384
0.0243002544529262	1.822072
0.0243129770992366	1.822776
0.0243256997455471	1.823448
0.0243384223918575	1.82412
0.0243511450381679	1.824808
0.0243638676844784	1.825544
0.0243765903307888	1.826232
0.0243893129770992	1.827096
0.0244020356234097	1.827912
0.0244147582697201	1.828632
0.0244274809160305	1.829496
0.024440203562341	1.830312
0.0244529262086514	1.831032
0.0244656488549618	1.831784
0.0244783715012723	1.832552
0.0244910941475827	1.83324
0.0245038167938931	1.83396
0.0245165394402036	1.83468
0.024529262086514	1.835432
0.0245419847328244	1.836136
0.0245547073791349	1.836968
0.0245674300254453	1.837784
0.0245801526717557	1.838488
0.0245928753180662	1.839352
0.0246055979643766	1.840312
0.024618320610687	1.841128
0.0246310432569975	1.842488
0.0246437659033079	1.843128
0.0246564885496183	1.8438
0.0246692111959288	1.844512
0.0246819338422392	1.845232
0.0246946564885496	1.845984
0.0247073791348601	1.846736
0.0247201017811705	1.84748
0.0247328244274809	1.848312
0.0247455470737913	1.848984
0.0247582697201018	1.84972
0.0247709923664122	1.850408
0.0247837150127226	1.851208
0.0247964376590331	1.852
0.0248091603053435	1.85272
0.0248218829516539	1.85344
0.0248346055979644	1.85416
0.0248473282442748	1.854856
0.0248600508905852	1.855784
0.0248727735368957	1.856424
0.0248854961832061	1.857112
0.0248982188295165	1.85788
0.024910941475827	1.858712
0.0249236641221374	1.859384
0.0249363867684478	1.860024
0.0249491094147583	1.8606
0.0249618320610687	1.861352
0.0249745547073791	1.862104
0.0249872773536896	1.862824
0.025	1.863688
0.0250127226463104	1.864432
0.0250254452926209	1.86508
0.0250381679389313	1.865656
0.0250508905852417	1.866552
0.0250636132315522	1.86732
0.0250763358778626	1.868
0.025089058524173	1.868752
0.0251017811704835	1.869416
0.0251145038167939	1.870168
0.0251272264631043	1.871032
0.0251399491094148	1.871912
0.0251526717557252	1.873352
0.0251653944020356	1.874248
0.0251781170483461	1.87508
0.0251908396946565	1.875752
0.0252035623409669	1.876432
0.0252162849872774	1.87716
0.0252290076335878	1.877752
0.0252417302798982	1.878472
0.0252544529262087	1.87912
0.0252671755725191	1.879864
0.0252798982188295	1.88076
0.0252926208651399	1.881512
0.0253053435114504	1.882232
0.0253180661577608	1.88288
0.0253307888040712	1.88388
0.0253435114503817	1.884744
0.0253562340966921	1.885472
0.0253689567430025	1.88636
0.025381679389313	1.88708
0.0253944020356234	1.8878
0.0254071246819338	1.889288
0.0254198473282443	1.890088
0.0254325699745547	1.890808
0.0254452926208651	1.891456
0.0254580152671756	1.892104
0.025470737913486	1.892856
0.0254834605597964	1.893504
0.0254961832061069	1.894288
0.0255089058524173	1.894936
0.0255216284987277	1.895656
0.0255343511450382	1.896304
0.0255470737913486	1.896952
0.025559796437659	1.897736
0.0255725190839695	1.898384
0.0255852417302799	1.899048
0.0255979643765903	1.899672
0.0256106870229008	1.90104
0.0256234096692112	1.901688
0.0256361323155216	1.902336
0.0256488549618321	1.903032
0.0256615776081425	1.903624
0.0256743002544529	1.904392
0.0256870229007634	1.905032
0.0256997455470738	1.905896
0.0257124681933842	1.906536
0.0257251908396947	1.907184
0.0257379134860051	1.9078
0.0257506361323155	1.908568
0.025763358778626	1.909248
0.0257760814249364	1.90996
0.0257888040712468	1.910712
0.0258015267175573	1.911928
0.0258142493638677	1.912616
0.0258269720101781	1.91332
0.0258396946564886	1.914168
0.025852417302799	1.914936
0.0258651399491094	1.915776
0.0258778625954198	1.916424
0.0258905852417303	1.917072
0.0259033078880407	1.917792
0.0259160305343511	1.91844
0.0259287531806616	1.919256
0.025941475826972	1.919976
0.0259541984732824	1.920696
0.0259669211195929	1.922328
0.0259796437659033	1.92312
0.0259923664122137	1.92384
0.0260050890585242	1.924488
0.0260178117048346	1.92516
0.026030534351145	1.926024
0.0260432569974555	1.926952
0.0260559796437659	1.927624
0.0260687022900763	1.9286
0.0260814249363868	1.929296
0.0260941475826972	1.93012
0.0261068702290076	1.93156
0.0261195928753181	1.93236
0.0261323155216285	1.932936
0.0261450381679389	1.933552
0.0261577608142494	1.934264
0.0261704834605598	1.934904
0.0261832061068702	1.935552
0.0261959287531807	1.936424
0.0262086513994911	1.937288
0.0262213740458015	1.938024
0.026234096692112	1.939208
0.0262468193384224	1.939856
0.0262595419847328	1.940552
0.0262722646310433	1.941416
0.0262849872773537	1.942056
0.0262977099236641	1.942632
0.0263104325699746	1.943368
0.026323155216285	1.944016
0.0263358778625954	1.944808
0.0263486005089059	1.9462
0.0263613231552163	1.94692
0.0263740458015267	1.947784
0.0263867684478372	1.948616
0.0263994910941476	1.949256
0.026412213740458	1.949904
0.0264249363867684	1.950488
0.0264376590330789	1.951064
0.0264503816793893	1.951688
0.0264631043256997	1.952832
0.0264758269720102	1.95348
0.0264885496183206	1.954128
0.026501272264631	1.95484
0.0265139949109415	1.955704
0.0265267175572519	1.956568
0.0265394402035623	1.957208
0.0265521628498728	1.957832
0.0265648854961832	1.959016
0.0265776081424936	1.959624
0.0265903307888041	1.960464
0.0266030534351145	1.961112
0.0266157760814249	1.96176
0.0266284987277354	1.962408
0.0266412213740458	1.96308
0.0266539440203562	1.963848
0.0266666666666667	1.965168
0.0266793893129771	1.965816
0.0266921119592875	1.966456
0.026704834605598	1.967032
0.0267175572519084	1.96768
0.0267302798982188	1.968328
0.0267430025445293	1.968904
0.0267557251908397	1.97044
0.0267684478371501	1.971256
0.0267811704834606	1.972072
0.026793893129771	1.972648
0.0268066157760814	1.973296
0.0268193384223919	1.97388
0.0268320610687023	1.974512
0.0268447837150127	1.975336
0.0268575063613232	1.976784
0.0268702290076336	1.977496
0.026882951653944	1.978144
0.0268956743002545	1.97872
0.0269083969465649	1.979464
0.0269211195928753	1.980112
0.0269338422391858	1.980936
0.0269465648854962	1.982232
0.0269592875318066	1.982904
0.0269720101781171	1.983448
0.0269847328244275	1.984128
0.0269974554707379	1.984808
0.0270101781170483	1.985384
0.0270229007633588	1.986632
0.0270356234096692	1.98724
0.0270483460559796	1.98808
0.0270610687022901	1.988728
0.0270737913486005	1.989496
0.0270865139949109	1.990192
0.0270992366412214	1.990792
0.0271119592875318	1.99196
0.0271246819338422	1.992536
0.0271374045801527	1.993112
0.0271501272264631	1.99376
0.0271628498727735	1.994504
0.027175572519084	1.995176
0.0271882951653944	1.996352
0.0272010178117048	1.997
0.0272137404580153	1.997608
0.0272264631043257	1.998216
0.0272391857506361	1.998856
0.0272519083969466	1.999432
0.027264631043257	2.000576
0.0272773536895674	2.001208
0.0272900763358779	2.001752
0.0273027989821883	2.00572
0.0273155216284987	2.006424
0.0273282442748092	2.007
0.0273409669211196	2.008528
0.02735368956743	2.009208
0.0273664122137405	2.009784
0.0273791348600509	2.010744
0.0273918575063613	2.011408
0.0274045801526718	2.012088
0.0274173027989822	2.013304
0.0274300254452926	2.014072
0.0274427480916031	2.014936
0.0274554707379135	2.015448
0.0274681933842239	2.016056
0.0274809160305344	2.017256
0.0274936386768448	2.017912
0.0275063613231552	2.018776
0.0275190839694656	2.019544
0.0275318066157761	2.020312
0.0275445292620865	2.021176
0.0275572519083969	2.022448
0.0275699745547074	2.023016
0.0275826972010178	2.023528
0.0275954198473282	2.0242
0.0276081424936387	2.024728
0.0276208651399491	2.02592
0.0276335877862595	2.026552
0.02764631043257	2.027416
0.0276590330788804	2.028216
0.0276717557251908	2.028912
0.0276844783715013	2.03004
0.0276972010178117	2.030712
0.0277099236641221	2.03148
0.0277226463104326	2.032248
0.027735368956743	2.032952
0.0277480916030534	2.034384
0.0277608142493639	2.035032
0.0277735368956743	2.035608
0.0277862595419847	2.036408
0.0277989821882952	2.037032
0.0278117048346056	2.038536
0.027824427480916	2.039056
0.0278371501272265	2.039632
0.0278498727735369	2.04028
0.0278625954198473	2.040856
0.0278753180661578	2.042056
0.0278880407124682	2.042576
0.0279007633587786	2.043152
0.0279134860050891	2.04376
0.0279262086513995	2.044408
0.0279389312977099	2.045608
0.0279516539440204	2.046376
0.0279643765903308	2.04724
0.0279770992366412	2.048008
0.0279898218829517	2.049448
0.0280025445292621	2.05012
0.0280152671755725	2.050888
0.028027989821883	2.05156
0.0280407124681934	2.0522
0.0280534351145038	2.053608
0.0280661577608142	2.05412
0.0280788804071247	2.05492
0.0280916030534351	2.055616
0.0281043256997455	2.05684
0.028117048346056	2.057608
0.0281297709923664	2.058376
0.0281424936386768	2.059072
0.0281552162849873	2.060496
0.0281679389312977	2.061072
0.0281806615776081	2.06168
0.0281933842239186	2.062328
0.028206106870229	2.062904
0.0282188295165394	2.064296
0.0282315521628499	2.064872
0.0282442748091603	2.065672
0.0282569974554707	2.066296
0.0282697201017812	2.067432
0.0282824427480916	2.068008
0.028295165394402	2.06852
0.0283078880407125	2.069032
0.0283206106870229	2.07044
0.0283333333333333	2.071304
0.0283460559796438	2.071848
0.0283587786259542	2.072584
0.0283715012722646	2.073736
0.0283842239185751	2.074248
0.0283969465648855	2.074824
0.0284096692111959	2.075352
0.0284223918575064	2.076696
0.0284351145038168	2.077208
0.0284478371501272	2.077784
0.0284605597964377	2.07836
0.0284732824427481	2.07948
0.0284860050890585	2.080248
0.028498727735369	2.08108
0.0285114503816794	2.081688
0.0285241730279898	2.083096
0.0285368956743003	2.083864
0.0285496183206107	2.084464
0.0285623409669211	2.085648
0.0285750636132316	2.086248
0.028587786259542	2.08676
0.0286005089058524	2.087328
0.0286132315521628	2.088664
0.0286259541984733	2.089176
0.0286386768447837	2.089752
0.0286513994910941	2.090328
0.0286641221374046	2.091496
0.028676844783715	2.092072
0.0286895674300254	2.092648
0.0287022900763359	2.093992
0.0287150127226463	2.094512
0.0287277353689567	2.095088
0.0287404580152672	2.095704
0.0287531806615776	2.096808
0.028765903307888	2.097608
0.0287786259541985	2.098184
0.0287913486005089	2.098744
0.0288040712468193	2.099712
0.0288167938931298	2.100288
0.0288295165394402	2.100896
0.0288422391857506	2.102296
0.0288549618320611	2.102744
0.0288676844783715	2.103576
0.0288804071246819	2.104216
0.0288931297709924	2.10532
0.0289058524173028	2.1058
0.0289185750636132	2.106344
0.0289312977099237	2.107504
0.0289440203562341	2.108008
0.0289567430025445	2.10852
0.028969465648855	2.109032
0.0289821882951654	2.11
0.0289949109414758	2.110608
0.0290076335877863	2.111184
0.0290203562340967	2.112264
0.0290330788804071	2.11284
0.0290458015267176	2.113416
0.029058524173028	2.113944
0.0290712468193384	2.115056
0.0290839694656489	2.115632
0.0290966921119593	2.116152
0.0291094147582697	2.117128
0.0291221374045802	2.117704
0.0291348600508906	2.11828
0.029147582697201	2.1196
0.0291603053435114	2.120168
0.0291730279898219	2.120712
0.0291857506361323	2.12116
0.0291984732824427	2.122536
0.0292111959287532	2.122984
0.0292239185750636	2.123784
0.029236641221374	2.125208
0.0292493638676845	2.125784