#% Complete	depth_0
0.00564516129032258	0.449776
0.00806451612903226	0.565704
0.00967741935483871	0.744336
0.0104838709677419	0.809408
0.0120967741935484	0.86496
0.0129032258064516	0.913152
0.0137096774193548	0.957256
0.0145161290322581	0.998048
0.0153225806451613	1.03296
0.0161290322580645	1.096952
0.0169354838709677	1.126296
0.017741935483871	1.181536
0.0185483870967742	1.231024
0.0193548387096774	1.254
0.0201612903225806	1.495064
0.0209677419354839	1.554896
0.0217741935483871	1.59164
0.0225806451612903	1.625136
0.0233870967741935	1.671008
0.0241935483870968	1.71692
0.025	1.761424
0.0258064516129032	1.801712
0.0266129032258065	1.851792
0.0274193548387097	1.889928
0.0282258064516129	1.936744
0.0290322580645161	1.978536
0.0298387096774194	2.019944
0.0306451612903226	2.069432
0.0314516129032258	2.115848
0.032258064516129	2.157776
0.0330645161290323	2.199208
0.0338709677419355	2.24012
0.0346774193548387	2.285544
0.0354838709677419	2.331032
0.0362903225806452	2.37476
0.0370967741935484	2.416728
0.0379032258064516	2.461088
0.0387096774193548	2.50416
0.0395161290322581	2.748112
0.0403225806451613	2.984536
0.0411290322580645	3.028432
0.0419354838709677	3.071472
0.042741935483871	3.116896
0.0435483870967742	3.16304
0.0443548387096774	3.205136
0.0451612903225806	3.251152
0.0459677419354839	3.295224
0.0467741935483871	3.337976
0.0475806451612903	3.38044
0.0483870967741935	3.422736
0.0491935483870968	3.46584
0.05	3.509424
0.0508064516129032	3.553456
0.0516129032258065	3.595392
0.0524193548387097	3.640656
0.0532258064516129	3.686256
0.0540322580645161	3.730624
0.0548387096774194	3.775096
0.0556451612903226	3.81924
0.0564516129032258	3.865248
0.057258064516129	3.908992
0.0580645161290323	3.95452
0.0588709677419355	3.998848
0.0596774193548387	4.043
0.0604838709677419	4.087424
0.0612903225806452	4.133088
0.0620967741935484	4.176344
0.0629032258064516	4.21844
0.0637096774193548	4.26264
0.0645161290322581	4.308152
0.0653225806451613	4.360776
0.0661290322580645	4.412048
0.0669354838709677	4.464672
0.067741935483871	4.516152
0.0685483870967742	4.568776
0.0693548387096774	4.620256
0.0701612903225806	4.672984
0.0709677419354839	4.724568
0.0717741935483871	4.775112
0.0725806451612903	5.221904
0.0733870967741935	5.272552
0.0741935483870968	5.324344
0.075	5.377072
0.0758064516129032	5.428864
0.0766129032258065	5.481696
0.0774193548387097	5.533488
0.0782258064516129	5.584448
0.0790322580645161	5.636344
0.0798387096774194	5.689176
0.0806451612903226	5.741176
0.0814516129032258	5.79224
0.082258064516129	5.84424
0.0830645161290323	5.897072
0.0838709677419355	5.949176
0.0846774193548387	6.000344
0.0854838709677419	6.052448
0.0862903225806452	6.105384
0.0870967741935484	6.157488
0.0879032258064516	6.208864
0.0887096774193548	6.260968
0.0895161290322581	6.312448
0.0903225806451613	6.364656
0.0911290322580645	6.416136
0.0919354838709677	6.468344
0.092741935483871	6.52128
0.0935483870967742	6.572136
0.0943548387096774	6.625072
0.0951612903225806	6.677384
0.0959677419354839	6.728968
0.0967741935483871	6.78128
0.0975806451612903	6.832968
0.0983870967741935	6.88528
0.0991935483870968	6.936968
0.1	6.98928
0.100806451612903	7.041072
0.101612903225806	7.09224
0.10241935483871	7.145176
0.103225806451613	7.196448
0.104032258064516	7.24824
0.104838709677419	7.300656
0.105645161290323	7.352552
0.106451612903226	7.404968
0.107258064516129	7.456864
0.108064516129032	7.50824
0.108870967741935	7.560136
0.109677419354839	7.612656
0.110483870967742	7.664552
0.111290322580645	7.717072
0.112096774193548	8.555632
0.112903225806452	8.607008
0.113709677419355	8.659112
0.114516129032258	8.711632
0.115322580645161	8.763632