#% Complete	depth_1_nohash
0.00015748031496063	0.018072
0.000196850393700787	0.024064
0.000236220472440945	0.026472
0.000267716535433071	0.02888
0.000299212598425197	0.03112
0.000322834645669291	0.033192
0.000354330708661417	0.036408
0.00037007874015748	0.044056
0.000385826771653543	0.045344
0.000401574803149606	0.046408
0.000417322834645669	0.047472
0.000433070866141732	0.048312
0.000440944881889764	0.049264
0.000448818897637795	0.049824
0.000464566929133858	0.050552
0.00047244094488189	0.05128
0.000480314960629921	0.052008
0.000488188976377953	0.052512
0.000496062992125984	0.053184
0.000503937007874016	0.053688
0.000511811023622047	0.054416
0.000519685039370079	0.05492
0.00052755905511811	0.05548
0.000535433070866142	0.055984
0.000543307086614173	0.059624
0.000551181102362205	0.060072
0.000559055118110236	0.060688
0.000566929133858268	0.061472
0.000574803149606299	0.06192
0.000582677165354331	0.062424
0.000590551181102362	0.062872
0.000598425196850394	0.063376
0.000606299212598425	0.064272
0.000614173228346457	0.06472
0.000622047244094488	0.065224
0.00062992125984252	0.066512
0.000637795275590551	0.066848
0.000645669291338583	0.067408
0.000653543307086614	0.06892
0.000661417322834646	0.069648
0.000669291338582677	0.071048
0.000677165354330709	0.07172
0.00068503937007874	0.07312
0.000692913385826772	0.073792
0.000700787401574803	0.075136
0.000708661417322835	0.075976
0.000716535433070866	0.076312
0.000724409448818898	0.077096
0.000732283464566929	0.083736
0.000740157480314961	0.084352
0.000748031496062992	0.084856
0.000755905511811024	0.085416
0.000763779527559055	0.085752
0.000771653543307087	0.086312
0.000779527559055118	0.086872
0.00078740157480315	0.087488
0.000795275590551181	0.088048
0.000803149606299213	0.088608
0.000811023622047244	0.089224
0.000818897637795276	0.089784
0.000826771653543307	0.090344
0.000834645669291339	0.09096
0.00084251968503937	0.09152
0.000850393700787402	0.09208
0.000858267716535433	0.092696
0.000866141732283465	0.092976
0.000874015748031496	0.093536
0.000881889763779528	0.094096
0.000889763779527559	0.094712
0.000897637795275591	0.095272
0.000905511811023622	0.095832
0.000913385826771654	0.096448
0.000921259842519685	0.097008
0.000929133858267717	0.097568
0.000937007874015748	0.098184
0.00094488188976378	0.098744
0.000952755905511811	0.099304
0.000960629921259843	0.09992
0.000968503937007874	0.10048
0.000976377952755905	0.10104
0.000984251968503937	0.101656
0.000992125984251969	0.101936
0.001	0.102496
0.00100787401574803	0.103056
0.00101574803149606	0.103672
0.00102362204724409	0.104232
0.00103149606299213	0.117176
0.00103937007874016	0.117792
0.00104724409448819	0.118352
0.00105511811023622	0.118912
0.00106299212598425	0.119528
0.00107086614173228	0.120088
0.00107874015748031	0.120648
0.00108661417322835	0.121264
0.00109448818897638	0.121824
0.00110236220472441	0.122384
0.00111023622047244	0.122944
0.00111811023622047	0.12328
0.0011259842519685	0.12384
0.00113385826771654	0.1244
0.00114173228346457	0.125016
0.0011496062992126	0.125576
0.00115748031496063	0.126192
0.00116535433070866	0.126752
0.00117322834645669	0.127312
0.00118110236220472	0.127872
0.00118897637795276	0.128432
0.00119685039370079	0.129048
0.00120472440944882	0.129608
0.00121259842519685	0.130168
0.00122047244094488	0.130728
0.00122834645669291	0.131288
0.00123622047244094	0.131904
0.00124409448818898	0.132464
0.00125196850393701	0.133024
0.00125984251968504	0.133584
0.00126771653543307	0.134144
0.0012755905511811	0.134704
0.00128346456692913	0.13532
0.00129133858267717	0.13588
0.0012992125984252	0.13644
0.00130708661417323	0.13672
0.00131496062992126	0.13728
0.00132283464566929	0.13784
0.00133070866141732	0.138456
0.00133858267716535	0.139016
0.00134645669291339	0.139576
0.00135433070866142	0.140136
0.00136220472440945	0.140696
0.00137007874015748	0.141312
0.00137795275590551	0.141872
0.00138582677165354	0.142432
0.00139370078740157	0.142992
0.00140157480314961	0.143552
0.00140944881889764	0.144112
0.00141732283464567	0.144728
0.0014251968503937	0.145288
0.00143307086614173	0.145848
0.00144094488188976	0.146408
0.0014488188976378	0.146968
0.00145669291338583	0.147584
0.00146456692913386	0.148144
0.00147244094488189	0.148704
0.00148031496062992	0.149264
0.00148818897637795	0.149824
0.00149606299212598	0.150384
0.00150393700787402	0.151
0.00151181102362205	0.15156
0.00151968503937008	0.15212
0.00152755905511811	0.1524
0.00153543307086614	0.15296
0.00154330708661417	0.15352
0.0015511811023622	0.154136
0.00155905511811024	0.154696
0.00156692913385827	0.155256