#% Complete	depth_infty
0.00392156862745098	0.6
0.00915032679738562	1.0
0.0130718954248366	1.6
0.0183006535947712	2.4
0.0235294117647059	2.4
0.0274509803921569	3.6
0.0326797385620915	3.8
0.0379084967320261	4.2
0.0431372549019608	4.7
0.0470588235294118	5.5
0.0522875816993464	6.6
0.057516339869281	6.6
0.061437908496732	7.3
0.0666666666666667	7.8
0.0705882352941176	8.2
0.0758169934640523	8.7
0.0797385620915033	9.2
0.0823529411764706	12.0
0.0875816993464052	12.5
0.0915032679738562	12.7
0.0967320261437909	13.4
0.100653594771242	13.9
0.105882352941176	14.1
0.109803921568627	14.6
0.115032679738562	15.1
0.118954248366013	15.5
0.124183006535948	16.0
0.128104575163399	16.5
0.133333333333333	16.9
0.138562091503268	17.2
0.142483660130719	17.9
0.14640522875817	20.5
0.147712418300654	23.5
0.151633986928105	24.0
0.156862745098039	24.4
0.16078431372549	24.9
0.166013071895425	25.6
0.169934640522876	25.6
0.17516339869281	26.1
0.179084967320261	26.8
0.184313725490196	27.0
0.188235294117647	27.7
0.193464052287582	28.0
0.197385620915033	28.2
0.202614379084967	28.9
0.206535947712418	29.4
0.211764705882353	29.8
0.216993464052288	30.1
0.220915032679739	30.6
0.226143790849673	31.0
0.230065359477124	31.5
0.235294117647059	32.2
0.23921568627451	32.2
0.244444444444444	32.7
0.248366013071895	33.4
0.25359477124183	33.9
0.257516339869281	34.3
0.262745098039216	34.6
0.266666666666667	34.8
0.271895424836601	35.5
0.273202614379085	40.6
0.277124183006536	46.7
0.281045751633987	47.0
0.286274509803922	47.4
0.290196078431373	47.9
0.295424836601307	48.4
0.299346405228758	48.8
0.304575163398693	49.1
0.308496732026144	49.8
0.313725490196078	50.0
0.317647058823529	50.5
0.322875816993464	51.0
0.326797385620915	51.2
0.33202614379085	51.9
0.335947712418301	52.4
0.341176470588235	52.6
0.345098039215686	53.1
0.350326797385621	53.6
0.354248366013072	54.0
0.359477124183007	54.5
0.363398692810458	55.0
0.368627450980392	55.2
0.373856209150327	55.7
0.377777777777778	56.4
0.383006535947712	56.6
0.386928104575163	57.1
0.392156862745098	57.6
0.396078431372549	57.8
0.401307189542484	58.3
0.405228758169935	59.0
0.410457516339869	59.2
0.41437908496732	59.2
0.418300653594771	59.2
0.422222222222222	59.2
0.426143790849673	59.2
0.430065359477124	59.2
0.433986928104575	59.2
0.437908496732026	59.2
0.441830065359477	59.2
0.445751633986928	59.2
0.449673202614379	59.2
0.45359477124183	59.2
0.457516339869281	59.2
0.461437908496732	59.2
0.465359477124183	59.2
0.469281045751634	59.2
0.473202614379085	59.2
0.477124183006536	59.2
0.481045751633987	59.2
0.484967320261438	59.2
0.488888888888889	59.2
0.49281045751634	59.2
0.496732026143791	59.2
0.500653594771242	59.2
0.504575163398693	59.2
0.508496732026144	59.2
0.512418300653595	59.2
0.516339869281046	59.2
0.520261437908497	59.2
0.524183006535948	59.2
0.528104575163399	59.2
0.53202614379085	59.2
0.535947712418301	59.2
0.539869281045752	59.2
0.543790849673203	59.2
0.547712418300654	59.2
0.551633986928105	59.2
0.555555555555556	59.2
0.559477124183007	59.2
0.563398692810458	59.2
0.567320261437908	59.2
0.571241830065359	59.2
0.57516339869281	59.2
0.579084967320261	59.2
0.583006535947712	59.2
0.586928104575163	59.2
0.590849673202614	59.2
0.594771241830065	59.2
0.598692810457516	59.2
0.602614379084967	59.2
0.606535947712418	59.2
0.610457516339869	59.2
0.61437908496732	59.2
0.618300653594771	59.2
0.622222222222222	59.2
0.626143790849673	59.2
0.630065359477124	59.2
0.633986928104575	59.2
0.637908496732026	59.2
0.641830065359477	59.2
0.645751633986928	59.2
0.649673202614379	59.2
0.65359477124183	59.2
0.657516339869281	59.2
0.661437908496732	59.2
0.665359477124183	59.2
0.669281045751634	59.2
0.673202614379085	59.2
0.677124183006536	59.2
0.681045751633987	59.2
0.684967320261438	59.2
0.688888888888889	59.2
0.69281045751634	59.2
0.696732026143791	59.2
0.700653594771242	59.2
0.704575163398693	59.2
0.708496732026144	59.2
0.712418300653595	59.2
0.716339869281046	59.2
0.720261437908497	59.2
0.724183006535948	59.2
0.728104575163399	59.2
0.73202614379085	59.2
0.735947712418301	59.2
0.739869281045752	59.2
0.743790849673203	59.2
0.747712418300654	59.2
0.751633986928105	59.2
0.755555555555556	59.2
0.759477124183007	59.2
0.763398692810457	59.2
0.767320261437909	59.2
0.77124183006536	59.2
0.77516339869281	59.2
0.779084967320261	59.2
0.783006535947712	59.2
0.786928104575163	59.2
0.790849673202614	59.2
0.794771241830065	59.2
0.798692810457516	59.2
0.802614379084967	59.2
0.806535947712418	59.2
0.810457516339869	59.2
0.81437908496732	59.2
0.818300653594771	59.2
0.822222222222222	59.2
0.826143790849673	59.2
0.830065359477124	59.2
0.833986928104575	59.2
0.837908496732026	59.2
0.841830065359477	59.2
0.845751633986928	59.2
0.849673202614379	59.2
0.85359477124183	59.2
0.857516339869281	59.2
0.861437908496732	59.2
0.865359477124183	59.2
0.869281045751634	59.2
0.873202614379085	59.2
0.877124183006536	59.2
0.881045751633987	59.2
0.884967320261438	59.2
0.888888888888889	59.2
0.89281045751634	59.2
0.896732026143791	59.2
0.900653594771242	59.2
0.904575163398693	59.2
0.908496732026144	59.2
0.912418300653595	59.2
0.916339869281046	59.2
0.920261437908497	59.2
0.924183006535948	59.2
0.928104575163399	59.2
0.93202614379085	59.2
0.935947712418301	59.2
0.939869281045752	59.2
0.943790849673203	59.2
0.947712418300654	59.2
0.951633986928105	59.2
0.955555555555556	59.2
0.959477124183007	59.2
0.963398692810458	59.2
0.967320261437909	59.2
0.969934640522876	59.2
0.973856209150327	59.2
0.977777777777778	59.2
0.981699346405229	59.2
0.98562091503268	59.2
0.989542483660131	59.2
0.993464052287582	59.2
0.997385620915033	59.2