#% Complete	depth_infty
0.00601307189542484	37.012736
0.0122875816993464	73.071976
0.0183006535947712	117.693144
0.0245751633986928	144.428376
0.0305882352941176	188.635656
0.0366013071895425	232.1622
0.0428758169934641	255.002328
0.0494117647058823	277.414728
0.0556862745098039	299.958048
0.0603921568627451	401.779984
0.0661437908496732	435.959392
0.0718954248366013	464.8732
0.0776470588235294	493.851952
0.0833986928104575	523.28276
0.0891503267973856	552.486352
0.0949019607843137	581.315152
0.100653594771242	610.592752
0.103529411764706	801.57172
0.109281045751634	830.396032
0.115032679738562	859.436032
0.12078431372549	888.404752
0.126535947712418	917.589952
0.132287581699346	946.342192
0.138039215686275	975.165712
0.143790849673203	1004.092192
0.149542483660131	1033.184992
0.155294117647059	1062.314752
0.161045751633987	1091.705872
0.166797385620915	1121.294992
0.172549019607843	1150.440592
0.178300653594771	1179.491152
0.183790849673203	1282.587144
0.184313725490196	1561.906272
0.190065359477124	1591.096752
0.195816993464052	1620.040128
0.20156862745098	1649.031552
0.207320261437908	1678.026672
0.213071895424837	1707.079872
0.218823529411765	1736.072352
0.224575163398693	1765.305072
0.230326797385621	1794.408432
0.236078431372549	1823.524992
0.241830065359477	1852.897632
0.247581699346405	1881.962976
0.253333333333333	1910.87916
0.259084967320261	1939.953744
0.26483660130719	1968.833232
0.270588235294118	1997.78268
0.276339869281046	2026.831392
0.282091503267974	2055.660192
0.287843137254902	2084.378112
0.29359477124183	2113.808832
0.299346405228758	2142.898992
0.305098039215686	2172.089472
0.310849673202614	2201.060832
0.316862745098039	2229.937152
0.322614379084967	2258.797632
0.328366013071895	2287.773216
0.334117647058824	2316.911952
0.339869281045752	2345.714352
0.34562091503268	2374.960272
0.348496732026144	2641.542112
0.351895424836601	3111.345808
0.357647058823529	3140.438608
0.363398692810458	3169.837648
0.369150326797386	3199.426768
0.374901960784314	3228.345328
0.380653594771242	3257.820928
0.38640522875817	3286.668208
0.392156862745098	3315.736456
0.397908496732026	3345.088768
0.403660130718954	3373.888528
0.409411764705882	3403.203088
0.414640522875817	3413.578288
0.419607843137255	3413.578288
0.424575163398693	3413.578288
0.429542483660131	3413.578288
0.434248366013072	3413.578288
0.43921568627451	3413.578288
0.444183006535948	3413.578288
0.449150326797386	3413.578288
0.454117647058824	3413.578288
0.459084967320261	3413.578288
0.463790849673203	3413.578288
0.468758169934641	3413.578288
0.473725490196078	3413.578288
0.478692810457516	3413.578288
0.483660130718954	3413.578288
0.488627450980392	3413.578288
0.493333333333333	3413.578288
0.498300653594771	3413.578288
0.503267973856209	3413.578288
0.508235294117647	3413.578288
0.513202614379085	3413.578288
0.517908496732026	3413.578288
0.522875816993464	3413.578288
0.527843137254902	3413.578288
0.53281045751634	3413.578288
0.537777777777778	3413.578288
0.542745098039216	3413.578288
0.547450980392157	3413.578288
0.552418300653595	3413.578288
0.557385620915033	3413.578288
0.562352941176471	3413.578288
0.567320261437908	3413.578288
0.57202614379085	3413.578288
0.576993464052288	3413.578288
0.581960784313725	3413.578288
0.586928104575163	3413.578288
0.591895424836601	3413.578288
0.596862745098039	3413.578288
0.60156862745098	3413.578288
0.606535947712418	3413.578288
0.611503267973856	3413.578288
0.616470588235294	3413.578288
0.621437908496732	3413.578288
0.626143790849673	3413.578288
0.631111111111111	3413.578288
0.636078431372549	3413.578288
0.641045751633987	3413.578288
0.646013071895425	3413.578288
0.650980392156863	3413.578288
0.655686274509804	3413.578288
0.660653594771242	3413.578288
0.66562091503268	3413.578288
0.670588235294118	3413.578288
0.675555555555556	3413.578288
0.680261437908497	3413.578288
0.685228758169935	3413.578288
0.690196078431373	3413.578288
0.69516339869281	3413.578288
0.700130718954248	3413.578288
0.705098039215686	3413.578288
0.709803921568627	3413.578288
0.714771241830065	3413.578288
0.719738562091503	3413.578288
0.724705882352941	3413.578288
0.729673202614379	3413.578288
0.73437908496732	3413.578288
0.739346405228758	3413.578288
0.744313725490196	3413.578288
0.749281045751634	3413.578288
0.754248366013072	3413.578288
0.75921568627451	3413.578288
0.763921568627451	3413.578288
0.768888888888889	3413.578288
0.773856209150327	3413.578288
0.778823529411765	3413.578288
0.783790849673203	3413.578288
0.788496732026144	3413.578288
0.793464052287582	3413.578288
0.79843137254902	3413.578288
0.803398692810458	3413.578288
0.808366013071895	3413.578288
0.813333333333333	3413.578288
0.818039215686274	3413.578288
0.823006535947712	3413.578288
0.82797385620915	3413.578288
0.832941176470588	3413.578288
0.837908496732026	3413.578288
0.842614379084967	3413.578288
0.847581699346405	3413.578288
0.852549019607843	3413.578288
0.857516339869281	3413.578288
0.862483660130719	3413.578288
0.867450980392157	3413.578288
0.872156862745098	3413.578288
0.877124183006536	3413.578288
0.882091503267974	3413.578288
0.887058823529412	3413.578288
0.89202614379085	3413.578288
0.896993464052288	3413.578288
0.901699346405229	3413.578288
0.906666666666667	3413.578288
0.911633986928105	3413.578288
0.916601307189542	3413.578288
0.92156862745098	3413.578288
0.926274509803922	3413.578288
0.931241830065359	3413.578288
0.936209150326797	3413.578288
0.941176470588235	3413.578288
0.946143790849673	3413.578288
0.951111111111111	3413.578288
0.955816993464052	3413.578288
0.96078431372549	3413.578288
0.965751633986928	3413.578288
0.970718954248366	3413.578288
0.975686274509804	3413.578288
0.980392156862745	3413.578288
0.985359477124183	3413.578288
0.990326797385621	3413.578288
0.995294117647059	3413.578288
0.999738562091503	3413.578288