#% Complete	depth_1
0.0246913580246914	0.240808
0.0617283950617284	0.482952
0.0987654320987654	0.776856
0.135802469135802	0.966632
0.172839506172839	1.362912
0.209876543209877	1.553376
0.246913580246914	1.74384
0.283950617283951	1.935048
0.320987654320988	2.537688
0.358024691358025	2.728288
0.395061728395062	2.918504
0.432098765432099	3.109464
0.469135802469136	3.30004
0.506172839506173	3.490336
0.54320987654321	3.680112
0.580246913580247	3.870632
0.617283950617284	5.299616
0.654320987654321	5.087944
0.691358024691358	5.278792
0.728395061728395	5.46912
0.765432098765432	5.65928
0.802469135802469	5.849056
0.839506172839506	6.039712
0.876543209876543	6.229928
0.91358024691358	6.420888
0.950617283950617	6.6116