#% Complete	depth_infty_optsoff
0.0246913580246914	0.153048
0.0617283950617284	0.323968
0.0987654320987654	0.547768
0.135802469135802	0.665144
0.172839506172839	0.994712
0.209876543209877	1.112512
0.246913580246914	1.230256
0.283950617283951	1.348568
0.320987654320988	1.889896
0.358024691358025	2.007784
0.395061728395062	2.1254
0.432098765432099	2.243416
0.469135802469136	2.361336
0.506172839506173	2.4788
0.555555555555556	2.596328
0.592592592592593	2.714096
0.617283950617284	3.679648
0.654320987654321	3.797448
0.691358024691358	3.91528
0.728395061728395	4.033112
0.765432098765432	4.150608
0.802469135802469	4.268136
0.839506172839506	4.385904
0.876543209876543	4.503584
0.925925925925926	4.621744
0.962962962962963	4.739488
0.987654320987654	4.846192