#% Complete	depth_1
0.0015748031496063	0.175856
0.00393700787401575	0.384328
0.00590551181102362	0.63928
0.00826771653543307	0.801568
0.00984251968503937	1.138936
0.0114173228346457	1.321272
0.0118110236220472	1.376656
0.0133858267716535	1.479696
0.0149606299212598	1.576128
0.0165354330708661	1.686224
0.0177165354330709	2.170976
0.0188976377952756	2.272504
0.0204724409448819	2.37644
0.0220472440944882	2.486648
0.0236220472440945	2.587672
0.0248031496062992	2.693008
0.0263779527559055	2.80456
0.0279527559055118	2.90984
0.0295275590551181	3.011368
0.0307086614173228	3.09576
0.0318897637795276	3.175896
0.0330708661417323	3.258832
0.0346456692913386	3.360136
0.0354330708661417	3.431144
0.037007874015748	3.538776
0.0381889763779528	4.40396
0.0397637795275591	4.514112
0.0409448818897638	4.603768
0.0417322834645669	4.679312
0.0425196850393701	4.715992
0.0433070866141732	4.786216
0.0448818897637795	4.901072
0.0468503937007874	5.02528
0.0484251968503937	5.1356
0.0496062992125984	5.227944
0.0511811023622047	5.341456
0.0523622047244095	5.432512
0.0539370078740158	5.536616
0.0559055118110236	5.675048
0.0574803149606299	5.800992
0.0590551181102362	5.898376
0.0602362204724409	5.977504
0.0610236220472441	6.039776
0.0622047244094488	6.135368
0.0637795275590551	6.246696
0.0645669291338583	6.298048
0.065748031496063	6.38328
0.0669291338582677	6.464032
0.0692913385826772	6.620664
0.0708661417322835	6.742912
0.0724409448818898	6.843656
0.0744094488188976	6.98612
0.0755905511811024	8.652048
0.0763779527559055	8.718456
0.0783464566929134	8.836336
0.0791338582677165	8.916304
0.0807086614173228	9.012064
0.0822834645669291	9.119808
0.0834645669291339	9.223912
0.0846456692913386	9.30472
0.0858267716535433	9.373992
0.0877952755905512	9.519256
0.0893700787401575	9.628344
0.0913385826771654	9.764928
0.0929133858267717	9.890704
0.094488188976378	9.987416
0.0960629921259843	10.108376
0.0976377952755905	10.213544
0.0984251968503937	10.289872
0.0996062992125984	10.36452
0.101181102362205	10.483688
0.102755905511811	10.574352
0.103937007874016	10.678008
0.105511811023622	10.78816
0.107086614173228	10.897248
0.108267716535433	10.9878
0.109842519685039	11.102656
0.111417322834646	11.188
0.11259842519685	11.280288
0.114173228346457	11.38708
0.115354330708661	11.4918
0.116929133858268	11.600384
0.118503937007874	11.711264
0.12007874015748	11.816992
0.121653543307087	11.931512
0.123228346456693	12.055944
0.124803149606299	12.160048
0.126377952755906	12.270088
0.127952755905512	12.376096
0.129527559055118	12.49588
0.131102362204724	12.612864
0.132283464566929	12.703808
0.134251968503937	12.819224
0.135826771653543	12.945504
0.13740157480315	13.052016
0.139370078740157	13.19196
0.141338582677165	13.333752
0.14251968503937	13.43136
0.144094488188976	13.52516
0.145669291338583	13.63212
0.147244094488189	13.762432
0.149212598425197	13.906296
0.150787401574803	14.008888
0.152362204724409	14.107504
0.152755905511811	18.875288
0.153543307086614	17.350376
0.15511811023622	17.455208
0.156692913385827	17.576616
0.158267716535433	17.689848
0.159842519685039	17.800112
0.161417322834646	17.91536
0.16259842519685	18.000032
0.164566929133858	18.149496
0.166535433070866	18.267152
0.166929133858268	18.299632
0.168503937007874	18.408664
0.169685039370079	18.489528
0.171259842519685	18.622136
0.173622047244094	18.772104
0.174803149606299	18.868256
0.176377952755906	18.984792
0.178346456692913	19.118072
0.179527559055118	19.2014
0.17992125984252	19.219936
0.180314960629921	19.248272
0.180708661417323	19.279184
0.181102362204724	19.309928
0.182283464566929	19.403616
0.183464566929134	19.48028
0.18503937007874	19.57912
0.187007874015748	19.725056
0.188976377952756	19.8664
0.190944881889764	20.016256
0.192913385826772	20.152
0.19488188976378	20.302192
0.197244094488189	20.454624
0.198425196850394	20.5342
0.198818897637795	20.576816
0.2	20.66104
0.201574803149606	20.77668
0.203149606299213	20.877872
0.204330708661417	20.967416
0.205905511811024	21.07488
0.20748031496063	21.189848
0.208661417322835	21.283704
0.209842519685039	21.352192
0.210629921259843	21.423928
0.211417322834646	21.480376
0.211811023622047	21.495552
0.212204724409449	21.515152
0.213385826771654	21.62508
0.215354330708661	21.763568
0.217322834645669	21.88352
0.217716535433071	21.914208
0.219291338582677	22.032592
0.221259842519685	22.17892
0.22244094488189	22.261408
0.223622047244094	22.339976
0.224015748031496	22.373016
0.224409448818898	22.397712
0.224803149606299	22.422352
0.225196850393701	22.452368
0.227165354330709	22.576464
0.228740157480315	22.709632
0.22992125984252	22.7784
0.230708661417323	22.825664
0.232283464566929	22.937496
0.233858267716535	23.073128
0.236220472440945	23.219736
0.237795275590551	23.34932
0.239763779527559	23.483384
0.241732283464567	23.637328
0.244094488188976	23.792224
0.246062992125984	23.9404
0.248425196850394	24.092272
0.250393700787402	24.240112
0.252362204724409	24.38896
0.254330708661417	24.511264
0.255511811023622	24.611896
0.257086614173228	24.715664
0.258267716535433	24.795072
0.260236220472441	24.936136
0.262204724409449	25.088008
0.264173228346457	25.238312
0.266535433070866	25.39248
0.268503937007874	25.540264
0.269291338582677	25.597832
0.269685039370079	25.630256
0.270472440944882	25.67052
0.272047244094488	25.77748
0.274015748031496	25.927672
0.275984251968504	26.0754
0.278346456692913	26.221616
0.280314960629921	26.363968
0.282283464566929	26.51136