#% Complete	depth_1_nohash
0.00714285714285714	0.384328
0.015	0.801568
0.0207142857142857	1.321272
0.0242857142857143	1.479696
0.03	1.686224
0.0342857142857143	2.272504
0.04	2.486648
0.045	2.693008
0.0507142857142857	2.90984
0.0557142857142857	3.095704
0.06	3.258832
0.0642857142857143	3.431144
0.0692857142857143	4.40396
0.0742857142857143	4.603712
0.0771428571428571	4.715936
0.0814285714285714	4.901072
0.0878571428571429	5.135488
0.0928571428571429	5.341344
0.0978571428571429	5.536504
0.104285714285714	5.80088
0.109285714285714	5.977448
0.112857142857143	6.135368
0.117142857142857	6.297936
0.121428571428571	6.463864
0.128571428571429	6.742912
0.135	6.986008
0.138571428571429	8.712464
0.143571428571429	8.91132
0.148571428571429	9.114656
0.153571428571429	9.299288
0.159285714285714	9.512256
0.165	9.758264
0.171428571428571	9.983216
0.177142857142857	10.207552
0.180714285714286	10.362448
0.185714285714286	10.569536
0.191428571428571	10.781048
0.196428571428571	10.983544
0.201428571428571	11.184752
0.206428571428571	11.38204
0.212142857142857	11.595456
0.217857142857143	11.813016
0.223571428571429	12.048608
0.229285714285714	12.262696
0.235	12.491288
0.24	12.69748
0.246428571428571	12.940016
0.252857142857143	13.183896
0.258571428571429	13.427496
0.263571428571429	13.628984
0.270714285714286	13.898792
0.275714285714286	14.10112
0.278571428571429	17.338728
0.283571428571429	17.559088
0.29	17.789136
0.294285714285714	17.981608
0.302142857142857	18.263792
0.305714285714286	18.40396
0.310714285714286	18.602592
0.317142857142857	18.852632
0.322857142857143	19.103232
0.326428571428571	19.218256
0.327857142857143	19.274704
0.330714285714286	19.39572
0.335	19.566352
0.342142857142857	19.853912
0.349285714285714	20.131952
0.357142857142857	20.43564
0.360714285714286	20.570824
0.365714285714286	20.759712
0.370714285714286	20.957616
0.375714285714286	21.17316
0.380714285714286	21.349056
0.383571428571429	21.478808
0.384285714285714	21.510672
0.390714285714286	21.74352
0.395	21.909784
0.401428571428571	22.168896
0.405714285714286	22.336504
0.407142857142857	22.395752
0.408571428571429	22.448952
0.415	22.69664
0.417857142857143	22.820064
0.424285714285714	23.054144
0.431428571428571	23.342376
0.438571428571429	23.617224
0.446428571428571	23.922368
0.453571428571429	24.225496
0.461428571428571	24.509472
0.465714285714286	24.702728
0.471428571428571	24.916144
0.479285714285714	25.219328
0.487142857142857	25.520944
0.489285714285714	25.628744
0.492857142857143	25.757432
0.500714285714286	26.055296
0.507857142857143	26.3456
0.515	26.63876
0.521428571428571	26.875584
0.527142857142857	27.09852
0.534285714285714	27.390112
0.537142857142857	27.495224
0.539285714285714	27.570824
0.540714285714286	27.628392
0.542142857142857	27.674648
0.546428571428571	27.851664
0.552142857142857	28.069112
0.557857142857143	34.605136
0.56	34.683752
0.567857142857143	34.9866
0.575714285714286	35.28816
0.583571428571429	35.591848
0.590714285714286	35.887416
0.597142857142857	36.137736
0.602142857142857	36.334072
0.607142857142857	36.539312
0.614285714285714	36.822504
0.622142857142857	37.126136
0.629285714285714	37.389224
0.635714285714286	37.650632
0.642142857142857	37.892888
0.645	38.01956
0.651428571428571	38.278728
0.657857142857143	38.510288
0.663571428571429	38.748736
0.670714285714286	39.010088
0.672142857142857	39.087704
0.676428571428571	39.258448
0.681428571428571	39.432328
0.684285714285714	39.559
0.690714285714286	39.804672
0.697142857142857	40.05432
0.700714285714286	40.208544
0.706428571428571	40.411936
0.71	40.568008
0.715714285714286	40.770112
0.717857142857143	40.872928
0.72	40.962192
0.724285714285714	41.113112
0.731428571428571	41.401624
0.739285714285714	41.700944
0.747142857142857	42.011128
0.754285714285714	42.311344
0.759285714285714	42.49172
0.762142857142857	42.59308
0.765	42.705192
0.767142857142857	42.807336
0.769285714285714	42.901528
0.775	43.099936
0.778571428571429	43.239656
0.782857142857143	43.417456