#% Complete	depth_1_nohash
0.0209090909090909	0.019232
0.0309090909090909	0.025392
0.0381818181818182	0.036176
0.0445454545454545	0.040152
0.05	0.04368
0.0554545454545455	0.046816
0.06	0.049728
0.0645454545454545	0.052472
0.0690909090909091	0.054992
0.0727272727272727	0.069784
0.0763636363636364	0.07208
0.08	0.074264
0.0836363636363636	0.076336
0.0863636363636364	0.078352
0.09	0.080312
0.0927272727272727	0.089024
0.0954545454545455	0.112128
0.0990909090909091	0.122976
0.101818181818182	0.133824
0.105454545454545	0.144672
0.108181818181818	0.15552
0.110909090909091	0.190912
0.114545454545455	0.20176
0.117272727272727	0.212608
0.120909090909091	0.223456
0.123636363636364	0.234304
0.126363636363636	0.245152