#% Complete	depth_1_nohash
0.00261437908496732	0.262952
0.00392156862745098	0.393312
0.00470588235294118	0.449896
0.00522875816993464	0.487672
0.0057516339869281	0.54328
0.00601307189542484	0.571872
0.0065359477124183	0.67864
0.00705882352941176	0.718424
0.00758169934640523	0.741728
0.00784313725490196	0.763632
0.00810457516339869	0.780664
0.00836601307189543	0.806296
0.00862745098039216	0.82488
0.00888888888888889	0.84332
0.00915032679738562	0.862544
0.00941176470588235	0.8822
0.00967320261437908	0.89432
0.00993464052287582	0.910008
0.0101960784313725	0.937872
0.0104575163398693	0.954496
0.010718954248366	0.969216
0.0109803921568627	0.98368
0.0112418300653595	1.007248
0.0115032679738562	1.023008
0.0117647058823529	1.038168
0.0120261437908497	1.161016
0.0122875816993464	1.235224
0.0125490196078431	1.24748
0.0130718954248366	1.275264
0.0133333333333333	1.298968
0.0135947712418301	1.314632
0.0138562091503268	1.33528
0.0141176470588235	1.353416
0.0143790849673203	1.370344
0.014640522875817	1.390968
0.0149019607843137	1.45932
0.0151633986928105	1.473936
0.0154248366013072	1.48904
0.0156862745098039	1.512376
0.0159477124183007	1.528936
0.0162091503267974	1.543688
0.0164705882352941	1.5622
0.0167320261437909	1.58348
0.0169934640522876	1.59988
0.0172549019607843	1.617776
0.017516339869281	1.632
0.0177777777777778	1.649
0.0180392156862745	1.665816
0.0183006535947712	1.68796
0.018562091503268	1.710328
0.0188235294117647	1.71948
0.0190849673202614	1.7436
0.0193464052287582	1.755
0.0196078431372549	1.77576
0.0198692810457516	1.791736
0.0201307189542484	1.812808
0.0203921568627451	1.829464
0.0206535947712418	1.84532
0.0209150326797386	1.865192
0.0211764705882353	1.886552
0.021437908496732	1.906576
0.0216993464052288	1.915784
0.0219607843137255	1.934008
0.0222222222222222	1.953152
0.022483660130719	1.970848
0.0227450980392157	1.988088
0.0230065359477124	2.00668
0.0232679738562091	2.024736
0.0235294117647059	2.043576
0.0237908496732026	2.059208
0.0240522875816993	2.175328
0.0243137254901961	2.393488
0.0245751633986928	2.408608
0.0248366013071895	2.425
0.0250980392156863	2.441752
0.025359477124183	2.461696
0.0256209150326797	2.476656
0.0258823529411765	2.496136
0.0261437908496732	2.519872
0.0264052287581699	2.527216
0.0266666666666667	2.545456
0.0269281045751634	2.562912
0.0271895424836601	2.58308
0.0274509803921569	2.600264
0.0277124183006536	2.618384
0.0279738562091503	2.634328
0.0282352941176471	2.651024
0.0284967320261438	2.667664
0.0287581699346405	2.68476
0.0290196078431373	2.702392
0.029281045751634	2.721216
0.0295424836601307	2.739416
0.0298039215686275	2.763864
0.0300653594771242	2.77252
0.0303267973856209	2.795896
0.0305882352941176	2.807496
0.0308496732026144	2.824504
0.0311111111111111	2.84236