#% Complete	depth_1
0.00330788804071247	0.29928
0.00458015267175573	0.400936
0.00508905852417303	0.48056
0.00585241730279898	0.527832
0.00636132315521628	0.561976
0.00661577608142494	0.588584
0.00712468193384224	0.61056
0.00737913486005089	0.639352
0.00788804071246819	0.6658
0.00814249363867684	0.68804
0.00865139949109415	0.746552
0.0089058524173028	0.764144
0.00916030534351145	0.817864
0.0094147582697201	0.860632
0.00966921119592875	0.903808
0.0099236641221374	0.916408
0.0101781170483461	0.93788
0.0104325699745547	0.95212
0.0106870229007634	0.96856
0.010941475826972	0.9828
0.0111959287531807	0.994136
0.0114503816793893	1.013992
0.011704834605598	1.042296
0.0119592875318066	1.053744
0.0122137404580153	1.066544
0.0124681933842239	1.0842
0.0127226463104326	1.101744
0.0129770992366412	1.1146
0.0132315521628499	1.125912
0.0134860050890585	1.144408
0.0137404580152672	1.157608
0.0139949109414758	1.19108
0.0142493638676845	1.198232
0.0145038167938931	1.220672
0.0147582697201018	1.231392
0.0150127226463104	1.25424
0.0152671755725191	1.263192
0.0155216284987277	1.28212
0.0157760814249364	1.302544
0.016030534351145	1.317616
0.0162849872773537	1.334448
0.0165394402035623	1.425992
0.016793893129771	1.511112
0.0170483460559796	1.529824
0.0173027989821883	1.598936
0.0175572519083969	1.615488
0.0178117048346056	1.686168
0.0180661577608142	1.698824
0.0183206106870229	1.71248
0.0185750636132316	1.728136
0.0188295165394402	1.747808
0.0190839694656489	1.767168
0.0193384223918575	1.785896
0.0195928753180662	1.800688
0.0198473282442748	1.820184
0.0201017811704835	1.836528
0.0203562340966921	1.852104
0.0206106870229008	1.868232
0.0208651399491094	1.884728
0.0211195928753181	1.898176
0.0213740458015267	1.924488
0.0216284987277354	1.939864
0.021882951653944	1.955624
0.0221374045801527	1.97488
0.0223918575063613	1.997408
0.02264631043257	2.01368
0.0229007633587786	2.028
0.0231552162849873	2.044608
0.0234096692111959	2.06544
0.0236641221374046	2.077696
0.0239185750636132	2.094392
0.0241730279898219	2.114104
0.0244274809160305	2.129152
0.0246819338422392	2.148656
0.0249363867684478	2.162248
0.0251908396946565	2.179544
0.0254452926208651	2.197288
0.0256997455470738	2.21336
0.0259541984732824	2.230712
0.0262086513994911	2.245656
0.0264631043256997	2.2644