#% Complete	depth_infty_optsoff
0.0909090909090909	0.089408
0.136363636363636	0.349072
0.190909090909091	0.522864
0.236363636363636	0.79496
0.281818181818182	0.968688
0.336363636363636	1.338736
0.381818181818182	1.512464
0.436363636363636	1.68616
0.481818181818182	1.859888
0.536363636363636	2.42648
0.581818181818182	2.600176
0.627272727272727	2.773872
0.681818181818182	2.947568
0.727272727272727	3.121264
0.781818181818182	3.29496
0.827272727272727	3.468656
0.881818181818182	3.642352
0.927272727272727	3.816048
0.972727272727273	4.775344