#% Complete	depth_0
0.000133858267716535	0.014096
0.00015748031496063	0.018184
0.000181102362204724	0.019584
0.000196850393700787	0.02412
0.000220472440944882	0.025352
0.000236220472440945	0.026584
0.000251968503937008	0.027816
0.000267716535433071	0.028936
0.000283464566929134	0.030056
0.000299212598425197	0.031288
0.00031496062992126	0.032296
0.000330708661417323	0.033248
0.000338582677165354	0.034144
0.000354330708661417	0.036464
0.000362204724409449	0.037416
0.00037007874015748	0.044112
0.000377952755905512	0.044728
0.000385826771653543	0.045456
0.000401574803149606	0.046072
0.000409448818897638	0.047192
0.000417322834645669	0.047472
0.000425196850393701	0.048032
0.000433070866141732	0.048424
0.000440944881889764	0.049376
0.000448818897637795	0.0496
0.000456692913385827	0.050328
0.000464566929133858	0.050664
0.00047244094488189	0.051336
0.000480314960629921	0.052008
0.000488188976377953	0.052624
0.000496062992125984	0.052848
0.000503937007874016	0.05352
0.000511811023622047	0.054136
0.000519685039370079	0.054696
0.00052755905511811	0.055536
0.000535433070866142	0.05604
0.000543307086614173	0.05968
0.000551181102362205	0.060128
0.000559055118110236	0.060688
0.000566929133858268	0.061304
0.000574803149606299	0.061752
0.000582677165354331	0.0622
0.000590551181102362	0.062984
0.000598425196850394	0.063376
0.000606299212598425	0.064104
0.000614173228346457	0.064496
0.000622047244094488	0.06528
0.00062992125984252	0.065952
0.000637795275590551	0.066848
0.000645669291338583	0.067464
0.000653543307086614	0.06864
0.000661417322834646	0.06976
0.000669291338582677	0.070768
0.000677165354330709	0.071832
0.00068503937007874	0.07284
0.000692913385826772	0.073904
0.000700787401574803	0.074856
0.000708661417322835	0.075864
0.000716535433070866	0.076312
0.000724409448818898	0.083232
0.000732283464566929	0.083736
0.000740157480314961	0.084296
0.000748031496062992	0.084744
0.000755905511811024	0.085192
0.000763779527559055	0.085808
0.000771653543307087	0.086368
0.000779527559055118	0.086928