#% Complete	depth_1
0.00392156862745098	0.477216
0.00915032679738562	0.977312
0.0143790849673203	1.594432
0.0196078431372549	1.968368
0.0235294117647059	2.712304
0.0287581699346405	3.180424
0.0339869281045752	3.55696
0.0379084967320261	3.927296
0.0431372549019608	4.300976
0.0470588235294118	5.21944
0.0522875816993464	5.948528
0.057516339869281	6.31488
0.061437908496732	6.705704
0.065359477124183	7.102056
0.0705882352941176	7.493424
0.0745098039215686	7.888168
0.0797385620915033	8.280376
0.0823529411764706	9.770144
0.0862745098039216	10.523264
0.0915032679738562	10.911488
0.0954248366013072	11.30032
0.0993464052287582	11.678376
0.104575163398693	12.067232
0.108496732026144	12.460272
0.112418300653595	12.844024
0.117647058823529	13.227256
0.12156862745098	13.622928
0.125490196078431	14.014712
0.130718954248366	14.422192
0.134640522875817	14.812488
0.139869281045752	15.211704
0.143790849673203	15.604568
0.14640522875817	18.175248
0.150326797385621	19.30772
0.154248366013072	19.696856
0.159477124183007	20.08896
0.163398692810458	20.47316
0.167320261437908	20.861952
0.172549019607843	21.24332
0.176470588235294	21.624896
0.180392156862745	22.01464
0.18562091503268	22.40044
0.189542483660131	22.790992
0.193464052287582	23.180992
0.198692810457516	23.56992
0.202614379084967	23.962888
0.206535947712418	24.347296
0.211764705882353	24.742336
0.215686274509804	25.137064
0.220915032679739	25.531344
0.22483660130719	25.917984
0.228758169934641	26.300848
0.233986928104575	26.691608
0.237908496732026	27.088304
0.241830065359477	27.47996
0.247058823529412	27.870408
0.250980392156863	28.261232
0.254901960784314	28.647576
0.260130718954248	29.03868
0.264052287581699	29.417488
0.26797385620915	29.804904
0.273202614379085	30.202
0.27843137254902	35.38888
0.281045751633987	37.23752
0.286274509803922	37.622256
0.290196078431373	38.014912
0.294117647058824	38.399664
0.299346405228758	38.809584
0.303267973856209	39.18684
0.30718954248366	39.561408
0.312418300653595	39.956584
0.316339869281046	40.3316
0.320261437908497	40.718664
0.325490196078431	41.099856
0.329411764705882	41.495208
0.333333333333333	41.88928
0.338562091503268	42.281664
0.342483660130719	42.665928
0.34640522875817	43.057488
0.351633986928105	43.441888
0.355555555555556	43.819952
0.359477124183007	44.206488
0.364705882352941	44.60284
0.368627450980392	44.99232
0.372549019607843	45.383528
0.377777777777778	45.771352
0.381699346405229	46.165072
0.386928104575163	46.551792
0.390849673202614	46.930192
0.394771241830065	47.309392
0.398692810457516	47.694696
0.403921568627451	48.084784
0.407843137254902	48.475176
0.411764705882353	48.808664
0.415686274509804	49.091648
0.419607843137255	49.374632
0.422222222222222	49.657616
0.426143790849673	49.940808
0.430065359477124	50.223896
0.433986928104575	50.506984
0.436601307189542	50.790176
0.440522875816993	51.073368
0.444444444444444	51.356144
0.447058823529412	51.639336
0.450980392156863	51.922528
0.454901960784314	52.20572
0.458823529411765	52.488808
0.461437908496732	52.772
0.465359477124183	53.055088
0.469281045751634	53.338072
0.471895424836601	56.730592
0.474509803921569	56.907504
0.47843137254902	57.190592
0.481045751633987	57.47368
0.484967320261438	57.756768
0.488888888888889	58.039752
0.491503267973856	58.322944
0.495424836601307	58.605928
0.499346405228758	58.888704
0.503267973856209	59.172
0.505882352941176	59.45488
0.509803921568627	59.738176
0.513725490196078	60.02116
0.516339869281046	60.304248
0.520261437908497	60.587336
0.524183006535948	60.87032
0.528104575163399	61.153304
0.530718954248366	61.436392
0.534640522875817	61.719376
0.538562091503268	62.002464
0.542483660130719	62.285656
0.545098039215686	62.568744
0.549019607843137	62.851728
0.552941176470588	63.134816
0.555555555555556	63.4178
0.559477124183007	63.701096
0.563398692810458	63.984184
0.567320261437908	64.267376
0.569934640522876	64.55036
0.573856209150327	64.833552
0.577777777777778	65.11664
0.580392156862745	65.399832
0.584313725490196	65.683024
0.588235294117647	65.966008
0.592156862745098	66.249096
0.594771241830065	66.532392
0.598692810457516	66.815792
0.602614379084967	67.098672
0.606535947712418	67.381864
0.609150326797386	67.664952
0.613071895424837	67.948144
0.616993464052288	68.231024
0.619607843137255	68.514216
0.623529411764706	68.797304
0.627450980392157	69.080288
0.631372549019608	69.363272
0.633986928104575	69.646464
0.637908496732026	69.929344
0.641830065359477	70.212328
0.644444444444444	70.495416
0.648366013071895	70.778504
0.652287581699346	71.061696
0.656209150326797	71.344784
0.658823529411765	71.627768
0.662745098039216	71.910856
0.666666666666667	72.19384
0.670588235294118	72.476824
0.673202614379085	72.759912
0.677124183006536	73.043
0.681045751633987	73.326192
0.683660130718954	73.609384
0.687581699346405	73.892472
0.691503267973856	74.175456
0.695424836601307	74.458336
0.698039215686274	74.741632
0.701960784313725	75.024616
0.705882352941177	75.3076
0.708496732026144	75.590688
0.712418300653595	75.874088
0.716339869281046	76.157176
0.720261437908497	76.44016
0.722875816993464	76.723144
0.726797385620915	77.006336
0.729411764705882	86.617416
0.730718954248366	83.594848
0.734640522875817	83.877624
0.737254901960784	84.160608
0.741176470588235	84.443904
0.745098039215686	84.726784
0.749019607843137	85.009872
0.751633986928105	85.292856
0.755555555555556	85.575944
0.759477124183007	85.858824
0.762091503267974	86.141912
0.766013071895425	86.425104
0.769934640522876	86.708192
0.773856209150327	86.991072
0.776470588235294	87.274368
0.780392156862745	87.55756
0.784313725490196	87.840544
0.786928104575163	88.123632
0.790849673202614	88.40672
0.794771241830065	88.689912
0.798692810457516	88.972896
0.801307189542484	89.255984
0.805228758169935	89.539176
0.809150326797386	89.822264
0.813071895424837	90.105248
0.815686274509804	90.38844
0.819607843137255	90.671528
0.823529411764706	90.954616
0.826143790849673	91.237704
0.830065359477124	91.520688
0.833986928104575	91.803672
0.837908496732026	92.086656
0.840522875816993	92.369744
0.844444444444444	92.652936
0.848366013071895	92.93592
0.850980392156863	93.218904
0.854901960784314	93.501992
0.858823529411765	93.784872
0.862745098039216	94.067856
0.865359477124183	94.350944
0.869281045751634	94.634032
0.873202614379085	94.91712
0.877124183006536	95.199896
0.879738562091503	95.482984
0.883660130718954	95.765864
0.887581699346405	96.049056
0.890196078431372	96.331936
0.894117647058824	96.615128
0.898039215686275	96.89832
0.901960784313726	97.1812
0.904575163398693	97.464288
0.908496732026144	97.747376
0.912418300653595	98.030672
0.915032679738562	98.313552
0.918954248366013	98.59664
0.922875816993464	98.879832
0.926797385620915	99.162816
0.929411764705882	99.445904
0.933333333333333	99.728992
0.937254901960784	100.01208
0.941176470588235	100.295064
0.943790849673203	100.578152
0.947712418300654	100.861344
0.951633986928105	101.144536
0.954248366013072	101.427624
0.958169934640523	101.710712
0.962091503267974	101.993904
0.966013071895425	102.277096
0.968627450980392	102.559976
0.972549019607843	102.84296
0.976470588235294	103.126048
0.979084967320261	103.409344
0.983006535947712	103.692328
0.986928104575163	103.975208
0.990849673202614	104.2584
0.993464052287582	104.541384
0.997385620915033	104.824264