#% Complete	depth_infty
0.00642857142857143	0.00048
0.015	0.00048
0.0207142857142857	0.00048
0.0242857142857143	0.00048
0.0292857142857143	0.00048
0.0342857142857143	0.00048
0.04	0.00048
0.045	0.00048
0.0507142857142857	0.00048
0.0557142857142857	0.00048
0.0592857142857143	0.00048
0.0642857142857143	0.00048
0.0692857142857143	0.00048
0.0742857142857143	0.00048
0.0771428571428571	0.00048
0.0814285714285714	0.00048
0.0871428571428571	0.00048
0.0921428571428571	0.00048
0.0971428571428571	0.00048
0.103571428571429	0.00048
0.108571428571429	0.00048
0.112142857142857	0.00048
0.116428571428571	0.00048
0.120714285714286	0.00048
0.127142857142857	0.00048
0.133571428571429	0.00048
0.139285714285714	0.00048
0.143571428571429	0.00048
0.148571428571429	0.00048
0.153571428571429	0.00048
0.158571428571429	0.00048
0.165	0.00048
0.170714285714286	0.00048
0.176428571428571	0.00048
0.18	0.00048
0.185	0.00048
0.190714285714286	0.00048
0.195714285714286	0.00048
0.200714285714286	0.00048
0.205714285714286	0.00048
0.210714285714286	0.00048
0.216428571428571	0.00048
0.222142857142857	0.00048
0.227142857142857	0.00048
0.232857142857143	0.00048
0.238571428571429	0.00048
0.244285714285714	0.00048
0.25	0.00048
0.256428571428571	0.00048
0.261428571428571	0.00048
0.267142857142857	0.00048
0.273571428571429	0.00048
0.278571428571429	0.00048
0.284285714285714	0.00048
0.29	0.00048
0.295	0.00048
0.301428571428571	0.00048
0.305	0.00048
0.31	0.00048
0.316428571428571	0.00048
0.322857142857143	0.00048
0.325714285714286	0.00048
0.327142857142857	0.00048
0.330714285714286	0.00048
0.334285714285714	0.00048
0.341428571428571	0.00048
0.347857142857143	0.00048
0.355714285714286	0.00048
0.36	0.00048
0.363571428571429	0.00048
0.369285714285714	0.00048
0.374285714285714	0.00048
0.379285714285714	0.00048
0.382857142857143	0.00048
0.384285714285714	0.00048
0.387857142857143	0.00048
0.394285714285714	0.00048
0.398571428571429	0.00048
0.404285714285714	0.00048
0.406428571428571	0.00048
0.407857142857143	0.00048
0.412142857142857	0.00048
0.417142857142857	0.00048
0.420714285714286	0.00048
0.427857142857143	0.00048
0.434285714285714	0.00048
0.442142857142857	0.00048
0.449285714285714	0.00048
0.457142857142857	0.00048
0.462857142857143	0.00048
0.467857142857143	0.00048
0.474285714285714	0.00048
0.481428571428571	0.00048
0.488571428571429	0.00048
0.49	0.00048
0.495	0.00048
0.502142857142857	0.00048
0.509285714285714	0.00048
0.516428571428571	0.00048
0.521428571428571	0.00048
0.527857142857143	0.00048
0.535	0.00048
0.537142857142857	0.00048
0.539285714285714	0.00048
0.540714285714286	0.00048
0.542142857142857	0.00048
0.546428571428571	0.00048
0.552142857142857	0.00048
0.559285714285714	0.00048
0.567142857142857	0.00048
0.574285714285714	0.00048
0.582142857142857	0.00048
0.589285714285714	0.00048
0.596428571428571	0.00048
0.600714285714286	0.00048
0.606428571428571	0.00048
0.612857142857143	0.00048
0.62	0.00048
0.627142857142857	0.00048
0.632857142857143	0.00048
0.64	0.00048
0.642857142857143	0.00048
0.649285714285714	0.00048
0.654285714285714	0.00048
0.661428571428571	0.00048
0.666428571428571	0.00048
0.671428571428571	0.00048
0.673571428571429	0.00048
0.679285714285714	0.00048
0.682857142857143	0.00048
0.687142857142857	0.00048
0.693571428571429	0.00048
0.698571428571429	0.00048
0.702142857142857	0.00048
0.708571428571429	0.00048
0.712142857142857	0.00048
0.717142857142857	0.00048
0.718571428571429	0.00048
0.720714285714286	0.00048
0.726428571428571	0.00048
0.733571428571429	0.00048
0.740714285714286	0.00048
0.748571428571429	0.00048
0.755714285714286	0.00048
0.759285714285714	0.00048
0.762142857142857	0.00048
0.765	0.00048
0.767857142857143	0.00048
0.77	0.00048
0.775714285714286	0.00048
0.778571428571429	0.00048
0.782857142857143	0.00048
0.787142857142857	0.00048
0.792142857142857	0.00048
0.797857142857143	0.00048
0.805714285714286	0.00048
0.811428571428571	0.00048
0.814285714285714	0.00048
0.82	0.00048
0.827142857142857	0.00048
0.834285714285714	0.00048
0.841428571428571	0.00048
0.847142857142857	0.00048
0.852142857142857	0.00048
0.857857142857143	0.00048
0.862142857142857	0.00048
0.867857142857143	0.00048
0.872142857142857	0.00048
0.875714285714286	0.00048
0.881428571428571	0.00048
0.887142857142857	0.00048
0.892857142857143	0.00048
0.899285714285714	0.00048
0.903571428571429	0.00048
0.907857142857143	0.00048
0.914285714285714	0.00048
0.920714285714286	0.00048
0.925714285714286	0.00048
0.93	0.00048
0.936428571428571	0.00048
0.943571428571429	0.00048
0.948571428571429	0.00048
0.952142857142857	0.00048
0.955	0.00048
0.96	0.00048
0.967142857142857	0.00048
0.973571428571429	0.00048
0.98	0.00048
0.985	0.00048
0.990714285714286	0.00048
0.996428571428571	0.00048