#% Complete	depth_1_nohash
7.27272727272727e-05	0.056152
0.000109090909090909	0.08844
0.000133333333333333	0.103176
0.000157575757575758	0.115712
0.00016969696969697	0.139784
0.000193939393939394	0.16236
0.000206060606060606	0.171832
0.00023030303030303	0.18084
0.000242424242424242	0.189112
0.000254545454545455	0.1968
0.000266666666666667	0.204168
0.000278787878787879	0.211104
0.000290909090909091	0.217816
0.000303030303030303	0.22444
0.000315151515151515	0.230952
0.000327272727272727	0.23724
0.000339393939393939	0.2434
0.000351515151515151	0.249288
0.000363636363636364	0.255016
0.000375757575757576	0.315048
0.000387878787878788	0.320328
0.0004	0.325496
0.000412121212121212	0.330416
0.000424242424242424	0.340304
0.000436363636363636	0.345104
0.000448484848484848	0.354376
0.000460606060606061	0.358984
0.000472727272727273	0.367792
0.000484848484848485	0.372216
0.000496969696969697	0.380616
0.000509090909090909	0.388616
0.000521212121212121	0.392472
0.000533333333333333	0.400168
0.000545454545454545	0.407688
0.000557575757575758	0.414992
0.00056969696969697	0.418616
0.000581818181818182	0.425672
0.000593939393939394	0.432664
0.000606060606060606	0.439552
0.000618181818181818	0.446504
0.00063030303030303	0.453016
0.000642424242424242	0.459656
0.000654545454545455	0.469464
0.000666666666666667	0.475736
0.000678787878787879	0.48212
0.000690909090909091	0.48804
0.000703030303030303	0.494056
0.000715151515151515	0.502856
0.000727272727272727	0.508728
0.000739393939393939	0.514472
0.000751515151515151	0.621136
0.000763636363636364	0.626728
0.000775757575757576	0.635352
0.000787878787878788	0.64068
0.0008	0.648632
0.000812121212121212	0.653712
0.000824242424242424	0.661256
0.000836363636363636	0.668712
0.000848484848484849	0.673808
0.000860606060606061	0.681336
0.000872727272727273	0.688632
0.000884848484848485	0.69572
0.000896969696969697	0.70272
0.000909090909090909	0.707528
0.000921212121212121	0.714392
0.000933333333333333	0.72132
0.000945454545454545	0.728232
0.000957575757575758	0.735336
0.00096969696969697	0.741688
0.000981818181818182	0.750272
0.000993939393939394	0.756872
0.00100606060606061	0.763192
0.00101818181818182	0.769464
0.00103030303030303	0.775672
0.00104242424242424	0.783768
0.00105454545454545	0.790072
0.00106666666666667	0.796168
0.00107878787878788	0.803976
0.00109090909090909	0.80956
0.0011030303030303	0.817168
0.00111515151515152	0.823208
0.00112727272727273	0.8308
0.00113939393939394	0.83832
0.00115151515151515	0.843864
0.00116363636363636	0.8512
0.00117575757575758	0.858504
0.00118787878787879	0.865656
0.0012	0.87092
0.00121212121212121	0.877976
0.00122424242424242	0.885216
0.00123636363636364	0.89208
0.00124848484848485	0.899112
0.00126060606060606	0.905824
0.00127272727272727	0.912472
0.00128484848484848	0.919288
0.0012969696969697	0.926024
0.00130909090909091	0.932616
0.00132121212121212	0.9392