#% Complete	depth_0
0.0209090909090909	0.019288
0.0309090909090909	0.025448
0.0381818181818182	0.036232
0.0445454545454545	0.040208
0.0509090909090909	0.043736
0.0554545454545455	0.046872
0.06	0.049784
0.0645454545454545	0.052472
0.0690909090909091	0.055048
0.0727272727272727	0.06984
0.0763636363636364	0.07208
0.08	0.074264
0.0836363636363636	0.076392
0.0863636363636364	0.078408
0.09	0.080368
0.0927272727272727	0.089216
0.0963636363636364	0.112352
0.0990909090909091	0.123168
0.101818181818182	0.134016
0.105454545454545	0.144864
0.108181818181818	0.155712
0.110909090909091	0.191104
0.114545454545455	0.201952
0.117272727272727	0.2128
0.120909090909091	0.223648
0.123636363636364	0.234496
0.126363636363636	0.245344