#% Complete	depth_5
0.0	0.179208
0.00381679389312977	6.898112
0.00636132315521628	15.310712
0.00763358778625954	24.78108
0.0089058524173028	34.461768
0.0114503816793893	43.232408
0.0127226463104326	63.744744
0.0139949109414758	74.259776
0.0152671755725191	84.555928
0.0165394402035623	101.565328
0.0178117048346056	116.617208
0.0190839694656489	126.32872
0.0203562340966921	136.781912
0.0216284987277354	146.632288
0.0229007633587786	156.717816
0.0241730279898219	204.702216
0.0254452926208651	226.006952
0.0267175572519084	236.741456
0.0279898218829517	258.38256
0.0292620865139949	279.671656
0.0305343511450382	290.474896
0.0318066157760814	324.688192
0.0330788804071247	366.37644
0.0343511450381679	433.732032
0.0356234096692112	443.665776
0.0368956743002544	464.48872
0.0381679389312977	485.811912
0.039440203562341	532.83244
0.0407124681933842	552.979928
0.0419847328244275	574.48508
0.0432569974554707	595.678024
0.044529262086514	625.713472
0.0458015267175573	658.001792
0.0470737913486005	827.475792
0.0483460559796438	884.226232
0.049618320610687	951.808272
0.0508905852417303	984.444
0.0521628498727735	1010.13192
0.0534351145038168	1062.29096
0.0547073791348601	1094.745624
0.0559796437659033	1125.801368
0.0572519083969466	1145.973072
0.0585241730279898	1178.983232
0.0597964376590331	1209.594992
0.0610687022900763	1239.831056
0.0623409669211196	1426.196144
0.0636132315521628	1479.905448
0.0648854961832061	1522.860496
0.0661577608142494	1865.11072
0.0674300254452926	1895.651704
0.0687022900763359	1938.197712
0.0699745547073791	1980.567856
0.0712468193384224	2023.623312
0.0725190839694656	2064.271288
0.0737913486005089	2104.669152
0.0750636132315522	2154.923128
0.0763358778625954	2195.290408
0.0776081424936387	2548.941904
0.0788804071246819	2597.249536
0.0801526717557252	2630.292152
0.0814249363867685	2672.3502
0.0826972010178117	2713.058944
0.083969465648855	2745.895152
0.0852417302798982	2780.020456
0.0865139949109415	2828.048008
0.0877862595419847	2868.51456
0.089058524173028	2910.301024
0.0903307888040712	2950.3834
0.0916030534351145	2992.135528
0.0928753180661578	3032.66592
0.094147582697201	3114.425744
0.0954198473282443	3161.765512
0.0966921119592875	3202.188392
0.0979643765903308	3256.235304
0.099236641221374	3299.301696
0.100508905852417	4556.059832
0.101781170483461	4598.934024
0.103053435114504	4648.952224
0.104325699745547	4684.736664
0.10559796437659	4727.64744
0.106870229007634	4770.576144
0.108142493638677	4821.318912
0.10941475826972	4882.920184
0.110687022900763	4933.896136
0.111959287531807	4977.434032
0.11323155216285	5028.155064
0.114503816793893	5078.207104
0.115776081424936	5121.146688
0.11704834605598	5164.03744
0.118320610687023	5206.947896
0.119592875318066	5249.876496
0.120865139949109	5300.196008
0.122137404580153	5335.990752
0.123409669211196	5386.036792
0.124681933842239	5421.834664
0.125954198473282	5457.616344
0.127226463104326	5500.502232
0.128498727735369	5543.420664
0.129770992366412	5586.30976
0.131043256997455	5629.195496
0.132315521628499	5679.226688
0.133587786259542	5722.155432
0.134860050890585	5757.970984
0.136132315521628	5800.832632
0.137404580152672	5850.890488
0.138676844783715	5893.783032
0.139949109414758	5936.70368
0.141221374045802	5986.698888
0.142493638676845	6043.830656
0.143765903307888	6086.704888
0.145038167938931	6192.582984
0.146310432569975	6228.42204
0.147582697201018	6278.479784
0.148854961832061	6314.213824
0.150127226463104	6364.229016
0.151399491094148	6407.139456
0.152671755725191	6450.032864
0.153944020356234	6500.04536
0.155216284987277	8956.260272
0.156488549618321	8999.143968
0.157760814249364	9042.082152
0.159033078880407	9092.07212
0.16030534351145	9142.007152
0.161577608142494	9192.044384
0.162849872773537	9234.961656
0.16412213740458	9277.843512
0.165394402035623	9320.789944
0.166666666666667	9370.796896
0.16793893129771	9420.7278
0.169211195928753	9463.6202
0.170483460559796	9514.996104
0.17175572519084	9557.892976
0.173027989821883	9637.403584
0.174300254452926	9688.929792
0.175572519083969	9733.090648
0.176844783715013	9776.055952
0.178117048346056	9818.926904
0.179389312977099	9868.958392
0.180661577608142	9919.646656
0.181933842239186	9955.466568
0.183206106870229	10006.030656
0.184478371501272	10048.901232
0.185750636132316	10099.5138
0.187022900763359	10150.226264
0.188295165394402	10200.228696
0.189567430025445	10235.974096
0.190839694656489	10278.9002
0.192111959287532	10328.903472
0.193384223918575	10371.784376
0.194656488549618	10421.788584
0.195928753180662	10464.717432
0.197201017811705	10500.481616
0.198473282442748	10550.483616
0.199745547073791	10593.37216
0.201017811704835	10643.3558
0.202290076335878	10686.157928
0.203562340966921	10736.125928
0.204834605597964	10779.042456
0.206106870229008	10821.948952
0.207379134860051	10864.846792
0.208651399491094	10907.747416
0.209923664122137	10950.614616
0.211195928753181	10993.529424
0.212468193384224	11043.51412
0.213740458015267	11086.420432
0.21501272264631	11122.163192
0.216284987277354	11172.17328
0.217557251908397	11215.044144
0.21882951653944	11257.875552
0.220101781170483	11307.926208
0.221374045801527	11350.721792
0.22264631043257	11400.7078
0.223918575063613	11450.733064
0.225190839694656	11500.69772
0.2264631043257	11536.480048
0.227735368956743	11579.379384
0.229007633587786	11629.399688
0.23027989821883	11672.825264
0.231552162849873	11715.667264
0.232824427480916	11751.437752
0.234096692111959	11794.253848
0.235368956743003	11844.21776