#% Complete	memory_depth_infty	memory_depth_1
0.0246913580246914	0.051016	0.0802693333333333
0.0617283950617284	0.107989333333333	0.160984
0.0987654320987654	0.182589333333333	0.258952
0.135802469135802	0.221714666666667	0.322210666666667
0.172839506172839	0.331570666666667	0.454304
0.209876543209877	0.370837333333333	0.517792
0.246913580246914	0.410085333333333	0.58128
0.283950617283951	0.449522666666667	0.645016
0.320987654320988	0.629965333333333	0.845896
0.358024691358025	0.669261333333333	0.909429333333333
0.395061728395062	0.708466666666667	0.972834666666667
0.432098765432099	0.747805333333333	1.036488
0.469135802469136	0.787112	1.10001333333333
0.506172839506173	0.826266666666667	1.16344533333333
0.617283950617284	1.22654933333333	1.76653866666667
0.654320987654321	1.265816	1.69598133333333
0.691358024691358	1.30509333333333	1.75959733333333
0.728395061728395	1.34437066666667	1.82304
0.765432098765432	1.383536	1.88642666666667
0.802469135802469	1.422712	1.94968533333333
0.839506172839506	1.461968	2.01323733333333
0.876543209876543	1.50119466666667	2.07664266666667