#% Complete	depth_1
0.0078740157480315	0.79132
0.0161417322834646	2.105576
0.0248031496062992	2.920736
0.0330708661417323	3.914304
0.0413385826771654	4.90748
0.05	5.520736
0.0590551181102362	6.138472
0.0677165354330709	6.758224
0.0755905511811024	8.123712
0.0838582677165354	9.485336
0.0925196850393701	10.102064
0.101181102362205	10.721312
0.109842519685039	11.338712
0.118503937007874	11.957064
0.127165354330709	12.57368
0.135826771653543	13.191416
0.144488188976378	13.803048
0.151968503937008	15.90672
0.159448818897638	18.011456
0.168110236220472	18.632384
0.176771653543307	19.250456
0.185433070866142	19.869928
0.194094488188976	20.487552
0.202755905511811	21.103496
0.211417322834646	21.720672
0.22007874015748	22.338128
0.228740157480315	22.952
0.23740157480315	23.570576
0.246062992125984	24.18596
0.254724409448819	24.803192
0.263385826771654	25.419024
0.272047244094488	26.034688
0.280708661417323	26.652032
0.287007874015748	30.240424
0.295669291338583	30.856256
0.304330708661417	31.473432
0.312992125984252	32.087192
0.321653543307087	32.701904
0.32755905511811	36.291136
0.336220472440945	36.905736
0.34488188976378	37.519272
0.353543307086614	38.133984
0.362204724409449	38.745896
0.370866141732283	39.361112
0.379527559055118	39.976384
0.388188976377953	40.59328
0.396850393700787	41.207544
0.405511811023622	41.821136
0.414173228346457	42.433552
0.422834645669291	43.051176
0.431496062992126	43.665944
0.439763779527559	44.279648
0.448425196850394	44.894192
0.457086614173228	45.507896
0.465748031496063	46.124232
0.474409448818898	46.737488
0.483070866141732	47.352928
0.491732283464567	47.968928
0.500393700787402	48.58476
0.509055118110236	49.199752
0.517716535433071	49.814072
0.526377952755905	50.426824