#% Complete	depth_infty
0.0444444444444444	10.523448
0.0888888888888889	21.195168
0.135802469135802	35.252384
0.182716049382716	42.51388
0.224691358024691	63.3584
0.274074074074074	70.621656
0.320987654320988	77.884976
0.367901234567901	85.147656
0.407407407407407	119.574016
0.454320987654321	126.835296
0.501234567901235	134.099072
0.548148148148148	141.361512
0.595061728395062	148.625776
0.644444444444444	155.891888
0.691358024691358	163.153568
0.738271604938272	170.417864
0.785185185185185	177.682248
0.817283950617284	239.269672
0.864197530864197	246.533568
0.911111111111111	253.797104
0.958024691358025	261.059296