#% Complete	depth_0
0.0	0.089232
0.00130718954248366	0.123448
0.00261437908496732	0.18536
0.00392156862745098	0.292736
0.00522875816993464	0.372224
0.0065359477124183	0.51088
0.00784313725490196	0.587056
0.00915032679738562	0.66576
0.0104575163398693	0.744512
0.0117647058823529	0.825136
0.0130718954248366	1.0258
0.0143790849673203	1.105584
0.0156862745098039	1.18412
0.0169934640522876	1.263144
0.0183006535947712	1.341008
0.0196078431372549	1.421824
0.0209150326797386	1.503096
0.0222222222222222	1.58344
0.0235294117647059	1.663568
0.0248366013071895	1.989352
0.0261437908496732	2.067968