#% Complete	depth_infty
0.00642857142857143	0.276336
0.0142857142857143	0.60192
0.02	0.992592
0.0242857142857143	1.156784
0.0292857142857143	1.330832
0.0342857142857143	1.701824
0.04	1.885136
0.045	2.06264
0.0507142857142857	2.25008
0.0557142857142857	2.409776
0.06	2.549696
0.0642857142857143	2.698544
0.0692857142857143	3.264192
0.0742857142857143	3.433104
0.0771428571428571	3.527184
0.0821428571428571	3.690624
0.0878571428571429	3.895728
0.0935714285714286	4.07496
0.0985714285714286	4.24176
0.105	4.46568
0.109285714285714	4.610256
0.113571428571429	4.750464
0.117857142857143	4.890912
0.122142857142857	5.039424
0.129285714285714	5.271216
0.135714285714286	5.483232
0.14	6.429776
0.145	6.591344
0.15	6.769184
0.155	6.929168
0.160714285714286	7.114736
0.166428571428571	7.32704
0.172857142857143	7.523504
0.177857142857143	7.708352
0.182142857142857	7.834832
0.187142857142857	8.01536
0.192857142857143	8.205536
0.197857142857143	8.375072
0.202857142857143	8.53304
0.207857142857143	8.718176
0.213571428571429	8.904512
0.219285714285714	9.092864
0.225	9.286976
0.230714285714286	9.472928
0.236428571428571	9.664976
0.241428571428571	9.839936
0.247857142857143	10.05416
0.254285714285714	10.2848
0.26	10.467248
0.265714285714286	10.649696
0.272142857142857	10.879184
0.277142857142857	11.048336
0.281428571428571	12.752976
0.287142857142857	12.953568
0.292857142857143	13.147584
0.298571428571429	13.348752
0.302857142857143	13.477728
0.307857142857143	13.640784
0.315	13.88376
0.32	14.066496
0.325714285714286	14.250336
0.327142857142857	14.290992
0.328571428571429	14.345712
0.332857142857143	14.490864
0.339285714285714	14.702688
0.346428571428571	14.953248
0.353571428571429	15.198768
0.36	15.392976
0.362857142857143	15.505056
0.368571428571429	15.691008
0.373571428571429	15.8628
0.379285714285714	16.040304
0.382857142857143	16.160256
0.384285714285714	16.217136
0.387857142857143	16.333776
0.394285714285714	16.55016
0.397857142857143	16.686192
0.404285714285714	16.883184
0.406428571428571	16.97088
0.407857142857143	17.012064
0.412142857142857	17.15232
0.417142857142857	17.322336
0.421428571428571	17.460912
0.428571428571429	17.704848
0.435714285714286	17.932416
0.442857142857143	18.197232
0.450714285714286	18.45576
0.458571428571429	18.710976
0.464285714285714	18.895632
0.468571428571429	19.054656
0.476428571428571	19.310496
0.484285714285714	19.572768
0.488571428571429	19.736736
0.490714285714286	19.797984
0.497857142857143	20.032704
0.505	20.285664
0.512857142857143	20.533632
0.52	20.786496
0.524285714285714	20.923968
0.531428571428571	21.178032
0.536428571428571	21.333312
0.538571428571429	21.406608
0.54	21.458256
0.541428571428571	21.501888
0.545	21.628512
0.55	21.778848
0.556428571428571	22.00392
0.56	25.2684
0.567857142857143	25.52808
0.575714285714286	25.787088
0.582857142857143	26.048016
0.590714285714286	26.302416
0.597142857142857	26.519952
0.602142857142857	26.687376
0.607142857142857	26.862528
0.614285714285714	27.10584
0.622142857142857	27.366672
0.629285714285714	27.592848
0.635714285714286	27.817344
0.642142857142857	28.024896
0.645	28.134624
0.651428571428571	28.355712
0.657857142857143	28.556736
0.663571428571429	28.759104
0.670714285714286	28.98576
0.672142857142857	29.04912
0.677142857142857	29.198736
0.681428571428571	29.348496
0.684285714285714	29.457168
0.690714285714286	29.667936
0.697142857142857	29.881152
0.700714285714286	30.009696
0.706428571428571	30.189696
0.71	30.320496
0.715714285714286	30.496656
0.717857142857143	30.580416
0.72	30.656592
0.724285714285714	30.793344
0.731428571428571	31.041312
0.739285714285714	31.298448
0.747142857142857	31.564608
0.755	31.822704
0.759285714285714	31.96968
0.762142857142857	32.058144
0.765	32.15328
0.767142857142857	32.240688
0.77	32.320416
0.775	32.497008
0.778571428571429	32.617248
0.782857142857143	32.762928
0.787142857142857	32.894736
0.792142857142857	33.070176
0.798571428571429	33.28752
0.806428571428571	33.546144
0.812142857142857	33.731856
0.814285714285714	33.817728
0.820714285714286	34.03272
0.827857142857143	34.283136
0.835714285714286	34.53408
0.842857142857143	34.77792
0.848571428571429	34.962624
0.853571428571429	35.134608
0.859285714285714	35.340672
0.864285714285714	35.487984
0.869285714285714	35.672784
0.872857142857143	35.795808
0.877857142857143	35.94672
0.883571428571429	36.157968
0.89	36.366672
0.895	36.536544
0.900714285714286	36.736896
0.905	36.8652
0.911428571428571	37.074432
0.917857142857143	37.291776
0.923571428571429	37.485648
0.927142857142857	37.61064
0.933571428571429	37.835952
0.940714285714286	38.0688
0.946428571428571	38.262528
0.951428571428571	38.436096
0.954285714285714	38.535024
0.957857142857143	38.650656
0.965	38.888928
0.972142857142857	39.127056
0.979285714285714	39.357168
0.984285714285714	39.540528
0.989285714285714	39.713664
0.995	39.881616