#% Complete	depth_3
0.000458015267175573	0.065512
0.000610687022900763	0.093992
0.000687022900763359	0.11096
0.000763358778625954	0.133176
0.000814249363867684	0.140664
0.000865139949109415	0.15292
0.000916030534351145	0.159
0.000966921119592875	0.164216
0.000992366412213741	0.168288
0.00104325699745547	0.173784
0.00106870229007634	0.179256
0.0010941475826972	0.18796
0.00111959287531807	0.192264
0.0011704834605598	0.199168
0.00119592875318066	0.212552
0.00124681933842239	0.233176
0.00129770992366412	0.236648
0.00132315521628499	0.239816
0.00137404580152672	0.261168
0.00139949109414758	0.27132
0.00145038167938931	0.277512
0.00147582697201018	0.2824
0.00150127226463104	0.28424
0.00152671755725191	0.303352
0.00155216284987277	0.309896
0.00157760814249364	0.313128
0.0016030534351145	0.316808
0.00162849872773537	0.320912
0.00165394402035623	0.322152
0.0016793893129771	0.32456
0.00170483460559796	0.326856
0.00173027989821883	0.332568
0.00175572519083969	0.334272
0.00178117048346056	0.337408
0.00180661577608142	0.342752
0.00183206106870229	0.344992
0.00185750636132316	0.346928
0.00188295165394402	0.351648
0.00190839694656489	0.353568
0.00193384223918575	0.358488
0.00195928753180662	0.364824
0.00198473282442748	0.365872
0.00201017811704835	0.369608
0.00203562340966921	0.382352
0.00206106870229008	0.38588
0.00208651399491094	0.391136
0.00211195928753181	0.39176
0.00213740458015267	0.394824
0.00216284987277354	0.398504
0.0021882951653944	0.403224
0.00221374045801527	0.431408
0.00223918575063613	0.433328
0.002264631043257	0.447944
0.00229007633587786	0.4508
0.00231552162849873	0.455224
0.00234096692111959	0.45816
0.00236641221374046	0.463168
0.00239185750636132	0.465656
0.00241730279898219	0.494584
0.00244274809160305	0.497896
0.00246819338422392	0.500136
0.00249363867684478	0.506536
0.00251908396946565	0.51772
0.00254452926208651	0.521208
0.00256997455470738	0.526928
0.00259541984732824	0.530552
0.00262086513994911	0.533632
0.00264631043256997	0.5386
0.00267175572519084	0.541608
0.00269720101781171	0.54756
0.00272264631043257	0.548088
0.00274809160305344	0.551016
0.0027735368956743	0.562096
0.00279898218829517	0.59664
0.00282442748091603	0.59956
0.0028498727735369	0.60144
0.00287531806615776	0.60452
0.00290076335877863	0.609808
0.00292620865139949	0.628104
0.00295165394402036	0.630928
0.00297709923664122	0.633712
0.00300254452926209	0.6708
0.00302798982188295	0.67312
0.00305343511450382	0.680288
0.00307888040712468	0.682032
0.00310432569974555	0.686744
0.00312977099236641	0.691848
0.00315521628498728	0.695456
0.00318066157760814	0.698016
0.00320610687022901	0.70256
0.00323155216284987	0.706432
0.00325699745547074	0.71156
0.0032824427480916	0.714544
0.00330788804071247	0.71812
0.00333333333333333	0.738664
0.0033587786259542	0.74228
0.00338422391857506	0.745912
0.00340966921119593	0.75052
0.00343511450381679	0.752528
0.00346055979643766	0.754776
0.00348600508905852	0.757656
0.00351145038167939	0.760408
0.00353689567430025	0.76632
0.00356234096692112	0.769824
0.00358778625954198	0.78568
0.00361323155216285	0.793328
0.00363867684478372	0.794224
0.00366412213740458	0.796656
0.00368956743002545	0.801808
0.00371501272264631	0.808944
0.00374045801526718	0.811984
0.00376590330788804	0.816008
0.00379134860050891	0.819408
0.00381679389312977	0.822544
0.00384223918575064	0.830959999999999
0.0038676844783715	0.835816
0.00389312977099237	0.839744
0.00391857506361323	0.8454
0.0039440203562341	0.848936
0.00396946564885496	0.854392
0.00399491094147583	0.856528
0.00402035623409669	0.862984
0.00404580152671756	0.870608
0.00407124681933842	0.8766
0.00409669211195929	0.88052
0.00412213740458015	0.889992
0.00414758269720102	0.893624
0.00417302798982188	0.895944
0.00419847328244275	0.94536
0.00422391857506361	0.950944
0.00424936386768448	0.9752
0.00427480916030534	1.038864
0.00430025445292621	1.051208
0.00432569974554707	1.05632
0.00435114503816794	1.059344
0.0043765903307888	1.063248
0.00440203562340967	1.06644
0.00442748091603053	1.07312
0.0044529262086514	1.12944
0.00447837150127226	1.130472
0.00450381679389313	1.136936
0.00452926208651399	1.141944
0.00455470737913486	1.151968
0.00458015267175573	1.160456
0.00460559796437659	1.1646
0.00463104325699746	1.16872
0.00465648854961832	1.174888
0.00468193384223919	1.179184
0.00470737913486005	1.191312
0.00473282442748092	1.258056
0.00475826972010178	1.268136
0.00478371501272265	1.268904
0.00480916030534351	1.277752
0.00483460559796438	1.281448
0.00486005089058524	1.291088
0.00488549618320611	1.299248
0.00491094147582697	1.34244
0.00493638676844784	1.354952
0.0049618320610687	1.356872
0.00498727735368957	1.363064
0.00501272264631043	1.368168
0.0050381679389313	1.371384
0.00506361323155216	1.373608
0.00508905852417303	1.379848
0.00511450381679389	1.38924
0.00513994910941476	1.391872
0.00516539440203562	1.406792
0.00519083969465649	1.474256
0.00521628498727735	1.478368
0.00524173027989822	1.49524
0.00526717557251908	1.502672
0.00529262086513995	1.5326
0.00531806615776081	1.540424
0.00534351145038168	1.55112
0.00536895674300254	1.554864
0.00539440203562341	1.563296
0.00541984732824427	1.564064
0.00544529262086514	1.570008
0.00547073791348601	1.577
0.00549618320610687	1.581896
0.00552162849872774	1.58744
0.0055470737913486	1.592912
0.00557251908396947	1.598216
0.00559796437659033	1.605448
0.0056234096692112	1.673544
0.00564885496183206	1.684072
0.00567430025445293	1.695992
0.00569974554707379	1.699296
0.00572519083969466	1.70424
0.00575063613231552	1.715752
0.00577608142493639	1.720504
0.00580152671755725	1.777088
0.00582697201017812	1.78788
0.00585241730279898	1.799384
0.00587786259541985	1.800008
0.00590330788804071	1.806872
0.00592875318066158	1.8102
0.00595419847328244	1.81848
0.00597964376590331	1.832416
0.00600508905852417	1.83768
0.00603053435114504	1.847576
0.0060559796437659	1.858816
0.00608142493638677	1.864864
0.00610687022900763	1.956992
0.0061323155216285	1.957616
0.00615776081424936	1.962016
0.00618320610687023	1.971096
0.00620865139949109	1.979976
0.00623409669211196	1.9858
0.00625954198473282	1.998816
0.00628498727735369	2.007776
0.00631043256997455	2.01548
0.00633587786259542	2.023384