#% Complete	depth_0
0.00183006535947712	0.18712
0.00261437908496732	0.23472
0.00313725490196078	0.327776
0.00366013071895425	0.368496
0.00418300653594771	0.398184
0.00470588235294118	0.426176
0.00496732026143791	0.447744
0.00522875816993464	0.469536
0.00549019607843137	0.48556
0.0057516339869281	0.54736
0.00601307189542484	0.562232
0.00627450980392157	0.639424
0.0065359477124183	0.65696
0.00679738562091503	0.673352
0.00705882352941176	0.7
0.0073202614379085	0.716
0.00758169934640523	0.728632
0.00784313725490196	0.74192
0.00810457516339869	0.762904
0.00836601307189543	0.7844
0.00862745098039216	0.801008
0.00888888888888889	0.82552
0.00915032679738562	0.83432
0.00941176470588235	0.8548
0.00967320261437908	0.87256
0.00993464052287582	0.88912
0.0101960784313725	0.90568
0.0104575163398693	0.924392
0.010718954248366	0.942704
0.0109803921568627	0.96016
0.0112418300653595	0.98
0.0115032679738562	0.998008
0.0117647058823529	1.01504
0.0120261437908497	1.184544
0.0122875816993464	1.245664
0.0125490196078431	1.266048
0.0128104575163399	1.282208
0.0130718954248366	1.299648
0.0133333333333333	1.317328
0.0135947712418301	1.334912
0.0138562091503268	1.353648
0.0141176470588235	1.373888
0.0143790849673203	1.389728
0.014640522875817	1.411696
0.0149019607843137	1.430688
0.0151633986928105	1.448496
0.0154248366013072	1.465936
0.0156862745098039	1.480608
0.0159477124183007	1.50244
0.0162091503267974	1.516912
0.0164705882352941	1.539328
0.0167320261437909	1.554848
0.0169934640522876	1.571968
0.0172549019607843	1.594408
0.017516339869281	1.60892
0.0177777777777778	1.628848
0.0180392156862745	1.644128
0.0183006535947712	1.666968
0.018562091503268	1.681168
0.0188235294117647	1.700344
0.0190849673202614	1.717168
0.0193464052287582	1.735168
0.0196078431372549	1.75452
0.0198692810457516	1.771264
0.0201307189542484	1.788528
0.0203921568627451	1.80916
0.0206535947712418	1.826864
0.0209150326797386	1.844128
0.0211764705882353	1.863888
0.021437908496732	1.881184
0.0216993464052288	1.898928
0.0219607843137255	1.917576
0.0222222222222222	1.93656
0.022483660130719	1.954256
0.0227450980392157	1.972688
0.0230065359477124	1.990232
0.0232679738562091	2.009648
0.0235294117647059	2.028728
0.0237908496732026	2.046128
0.0240522875816993	2.210384
0.0243137254901961	2.47544
0.0245751633986928	2.49184
0.0248366013071895	2.510728
0.0250980392156863	2.527384
0.025359477124183	2.54736
0.0256209150326797	2.56472
0.0258823529411765	2.5824
0.0261437908496732	2.59936
0.0264052287581699	2.619144
0.0266666666666667	2.634608
0.0269281045751634	2.653296
0.0271895424836601	2.67248
0.0274509803921569	2.69244
0.0277124183006536	2.70808
0.0279738562091503	2.7268
0.0282352941176471	2.74344
0.0284967320261438	2.762392
0.0287581699346405	2.779752
0.0290196078431373	2.798568
0.029281045751634	2.817352
0.0295424836601307	2.83576
0.0298039215686275	2.85784
0.0300653594771242	2.871488
0.0303267973856209	2.89192
0.0305882352941176	2.907808
0.0308496732026144	2.925872
0.0311111111111111	2.94296
0.0313725490196078	2.964064
0.0316339869281046	2.98032
0.0318954248366013	2.99808
0.032156862745098	3.01832
0.0324183006535948	3.03464