#% Complete	depth_infty
0.000393700787401575	2.340936
0.000551181102362205	3.328168
0.000708661417322835	4.060184
0.000866141732283465	4.681832
0.00094488188976378	5.23124
0.00102362204724409	5.72328
0.00110236220472441	6.16952
0.00118110236220472	6.667816
0.00125984251968504	7.071016
0.00133858267716535	7.428656
0.00141732283464567	7.797568
0.00149606299212598	8.137416
0.0015748031496063	8.455024
0.00165354330708661	9.078592
0.00173228346456693	9.373032
0.00181102362204724	9.65808
0.00188976377952756	10.19616
0.00196850393700787	10.712504
0.00204724409448819	10.970296
0.0021259842519685	11.437264
0.00220472440944882	11.89688
0.00228346456692913	12.127096
0.00236220472440945	12.5676
0.00244094488188976	13.131512
0.00251968503937008	13.545344
0.00259842519685039	13.937216
0.00267716535433071	14.315608
0.00275590551181102	14.883768
0.00283464566929134	15.246032
0.00291338582677165	15.595608
0.00299212598425197	16.100688
0.00307086614173228	16.44324
0.0031496062992126	16.935
0.00322834645669291	17.24568
0.00330708661417323	17.711048
0.00338582677165354	18.163864
0.00346456692913386	18.45584
0.00354330708661417	18.887536
0.00362204724409449	19.318232
0.0037007874015748	19.731992
0.00377952755905512	20.130608
0.00385826771653543	20.534296
0.00393700787401575	20.927616
0.00401574803149606	21.43076
0.00409448818897638	21.81144
0.00417322834645669	22.176152
0.00425196850393701	22.657664
0.00433070866141732	23.019472
0.00440944881889764	23.473672
0.00448818897637795	23.815248
0.00456692913385827	24.270032
0.00464566929133858	24.707608
0.0047244094488189	25.140736
0.00480314960629921	25.555328
0.00488188976377953	26.174424
0.00496062992125984	26.584752
0.00503937007874016	26.994736
0.00511811023622047	27.395536
0.00519685039370079	27.886424
0.0052755905511811	28.266504
0.00535433070866142	28.65568
0.00543307086614173	29.130912
0.00551181102362205	29.500272
0.00559055118110236	29.937544
0.00566929133858268	30.30888
0.00574803149606299	30.7548
0.00582677165354331	31.103128
0.00590551181102362	31.535352
0.00598425196850394	31.972664
0.00606299212598425	32.38484
0.00614173228346457	32.808832
0.00622047244094488	33.219912
0.0062992125984252	33.614416
0.00637795275590551	34.017128
0.00645669291338583	34.41092
0.00653543307086614	34.811152
0.00661417322834646	35.275936
0.00669291338582677	35.652104
0.00677165354330709	36.115096
0.0068503937007874	36.478296
0.00692913385826772	36.921584
0.00700787401574803	37.28228
0.00708661417322835	37.720976
0.00716535433070866	38.145424
0.00724409448818898	38.562312
0.00732283464566929	38.984848
0.00740157480314961	39.403
0.00748031496062992	39.807504
0.00755905511811024	40.213712
0.00763779527559055	40.615712
0.00771653543307087	41.009344
0.00779527559055118	41.404776
0.0078740157480315	41.861872
0.00795275590551181	42.249816
0.00803149606299213	42.684552
0.00811023622047244	43.069032
0.00818897637795276	43.506904
0.00826771653543307	43.873288
0.00834645669291339	44.306792
0.0084251968503937	44.71004
0.00850393700787402	45.137288
0.00858267716535433	45.559936
0.00866141732283465	45.979672
0.00874015748031496	46.386976
0.00881889763779528	46.79504
0.00889763779527559	47.19132
0.00897637795275591	47.586832
0.00905511811023622	48.033808
0.00913385826771653	48.429432
0.00921259842519685	48.814584
0.00929133858267716	49.257936
0.00937007874015748	49.48976
0.0094488188976378	49.589872
0.00952755905511811	49.883072
0.00960629921259843	50.311896
0.00968503937007874	50.618392
0.00976377952755906	50.773296
0.00984251968503937	50.970392
0.00992125984251968	51.17892
0.01	51.32204
0.0100787401574803	51.405384
0.0101574803149606	51.45888
0.0102362204724409	51.9532
0.0103149606299213	52.119728
0.0103937007874016	52.231656
0.0104724409448819	52.285584
0.0105511811023622	52.355744
0.0106299212598425	52.43412
0.0107086614173228	52.522352
0.0107874015748031	52.572872
0.0108661417322835	52.597272
0.0109448818897638	52.628352
0.0110236220472441	52.675664
0.0111023622047244	52.718096
0.0111811023622047	52.753488
0.011259842519685	52.774408
0.0113385826771654	52.813536
0.0114173228346457	52.85192
0.011496062992126	52.879816
0.0115748031496063	52.914792
0.0116535433070866	52.986552
0.0117322834645669	53.045432
0.0118110236220472	53.138616
0.0118897637795276	53.389192
0.0119685039370079	53.643112
0.0120472440944882	53.882976
0.0121259842519685	54.079696
0.0122047244094488	54.359096
0.0122834645669291	54.62124
0.0123622047244094	54.835488
0.0124409448818898	55.1842
0.0125196850393701	55.4466
0.0125984251968504	55.743528
0.0126771653543307	56.037008
0.012755905511811	56.298232
0.0128346456692913	56.560272
0.0129133858267717	56.851696
0.012992125984252	57.085424
0.0130708661417323	57.383968
0.0131496062992126	57.587496
0.0132283464566929	57.805784
0.0133070866141732	58.067944