#% Complete	depth_0
0.000857142857142857	0.0498
0.00107142857142857	0.071648
0.00125	0.078312
0.00139285714285714	0.083576
0.0015	0.088112
0.00160714285714286	0.092032
0.00167857142857143	0.095504
0.00178571428571429	0.098696
0.00185714285714286	0.101664
0.00192857142857143	0.104408
0.002	0.106984
0.00203571428571429	0.109392
0.00210714285714286	0.136208
0.00214285714285714	0.138392
0.00221428571428571	0.140464
0.00225	0.142424
0.00232142857142857	0.144328
0.00235714285714286	0.14612
0.00239285714285714	0.147912
0.00242857142857143	0.149592
0.0025	0.151216
0.00253571428571429	0.15284
0.00257142857142857	0.154352
0.00260714285714286	0.155864
0.00264285714285714	0.15732
0.00267857142857143	0.15872
0.00271428571428571	0.16012
0.00275	0.161464
0.00278571428571429	0.162808
0.00282142857142857	0.164096
0.00285714285714286	0.165328
0.00289285714285714	0.16656
0.00292857142857143	0.168968
0.00296428571428571	0.170144
0.003	0.171264
0.00303571428571429	0.172384
0.00307142857142857	0.173504
0.00310714285714286	0.175632
0.00314285714285714	0.17664
0.00317857142857143	0.177704
0.00321428571428571	0.17972
0.00325	0.180672
0.00328571428571429	0.182576
0.00332142857142857	0.183528
0.00335714285714286	0.185376
0.00339285714285714	0.186272
0.00342857142857143	0.188064
0.00346428571428571	0.188904
0.0035	0.19064
0.00353571428571429	0.192264
0.00357142857142857	0.193104
0.00360714285714286	0.194728
0.00364285714285714	0.196296
0.00367857142857143	0.197808
0.00371428571428571	0.19932
0.00375	0.200104
0.00378571428571429	0.20156
0.00382142857142857	0.20296
0.00385714285714286	0.204416
0.00389285714285714	0.20576
0.00392857142857143	0.20716
0.00396428571428571	0.208448
0.004	0.210464
0.00403571428571429	0.211696
0.00407142857142857	0.212984
0.00410714285714286	0.214216
0.00414285714285714	0.215448
0.00417857142857143	0.21724
0.00421428571428571	0.218472
0.00425	0.220208
0.00428571428571429	0.221328
0.00432142857142857	0.2716
0.00435714285714286	0.27328
0.00439285714285714	0.2744
0.00442857142857143	0.276024
0.00446428571428571	0.277592
0.0045	0.2786
0.00453571428571429	0.280168
0.00457142857142857	0.28168
0.00460714285714286	0.283192
0.00464285714285714	0.284648
0.00467857142857143	0.2856
0.00471428571428571	0.287056
0.00475	0.288456
0.00478571428571429	0.289856
0.00482142857142857	0.2912
0.00485714285714286	0.292992
0.00489285714285714	0.294336
0.00492857142857143	0.295624
0.00496428571428571	0.296912
0.005	0.2982
0.00503571428571429	0.29988
0.00507142857142857	0.301112
0.00510714285714286	0.302736
0.00514285714285714	0.303912
0.00517857142857143	0.305536
0.00521428571428571	0.306656
0.00525	0.308224
0.00528571428571429	0.309736
0.00532142857142857	0.310856
0.00535714285714286	0.312368
0.00539285714285714	0.313824
0.00542857142857143	0.315224
0.00546428571428571	0.31668
0.0055	0.31808
0.00553571428571429	0.31948
0.00557142857142857	0.320824
0.00560714285714286	0.322168
0.00564285714285714	0.323512
0.00567857142857143	0.3248
0.00571428571428571	0.32648
0.00575	0.327768
0.00578571428571429	0.329
0.00582142857142857	0.330568
0.00585714285714286	0.3318
0.00589285714285714	0.333368
0.00592857142857143	0.3346
0.00596428571428571	0.336056
0.006	0.337568
0.00603571428571429	0.339024
0.00607142857142857	0.34048
0.00610714285714286	0.3416
0.00614285714285714	0.343
0.00617857142857143	0.3444
0.00621428571428571	0.3458
0.00625	0.347424
0.00628571428571429	0.348768
0.00632142857142857	0.350112
0.00635714285714286	0.351456
0.00639285714285714	0.353024