#% Complete	memory_depth_infty	memory_depth_1
0.00392156862745098	0.075	0.119304
0.00915032679738562	0.125	0.244328
0.0235294117647059	0.3	0.678076
0.0379084967320261	0.525	0.981824
0.0431372549019608	0.5875	1.075244
0.0470588235294118	0.6875	1.30486
0.0522875816993464	0.825	1.487132
0.057516339869281	0.825	1.57872
0.061437908496732	0.9125	1.676426
0.0705882352941176	1.025	1.873356
0.0797385620915033	1.15	2.070094
0.0823529411764706	1.5	2.442536
0.0915032679738562	1.5875	2.727872
0.14640522875817	2.5625	4.543812
0.193464052287582	3.5	5.795248
0.202614379084967	3.6125	5.990722
0.206535947712418	3.675	6.086824
0.211764705882353	3.725	6.185584
0.220915032679739	3.825	6.382836
0.273202614379085	5.075	7.5505
0.281045751633987	5.875	9.30938
0.286274509803922	5.925	9.405564
0.290196078431373	5.9875	9.503728
0.299346405228758	6.1	9.702396
0.359477124183007	6.8125	11.051622
0.368627450980392	6.9	11.24808
0.377777777777778	7.05	11.442838
0.386928104575163	7.1375	11.637948
0.422222222222222	7.4	12.414404
0.426143790849673	7.4	12.485202
0.430065359477124	7.4	12.555974
0.433986928104575	7.4	12.626746
0.461437908496732	7.4	13.193
0.465359477124183	7.4	13.263772
0.469281045751634	7.4	13.334518
0.481045751633987	7.4	14.36842
0.484967320261438	7.4	14.439192
0.488888888888889	7.4	14.509938
0.516339869281046	7.4	15.076062
0.520261437908497	7.4	15.146834
0.524183006535948	7.4	15.21758
0.528104575163399	7.4	15.288326
0.555555555555556	7.4	15.85445
0.559477124183007	7.4	15.925274
0.563398692810458	7.4	15.996046
0.567320261437908	7.4	16.066844
0.594771241830065	7.4	16.633098
0.598692810457516	7.4	16.703948
0.602614379084967	7.4	16.774668
0.606535947712418	7.4	16.845466
0.633986928104575	7.4	17.411616
0.637908496732026	7.4	17.482336
0.641830065359477	7.4	17.553082
0.673202614379085	7.4	18.189978
0.677124183006536	7.4	18.26075
0.681045751633987	7.4	18.331548
0.708496732026144	7.4	18.897672
0.712418300653595	7.4	18.968522
0.716339869281046	7.4	19.039294
0.720261437908497	7.4	19.11004
0.751633986928105	7.4	21.323214
0.755555555555556	7.4	21.393986
0.759477124183007	7.4	21.464706
0.786928104575163	7.4	22.030908
0.790849673202614	7.4	22.10168
0.794771241830065	7.4	22.172478
0.798692810457516	7.4	22.243224
0.826143790849673	7.4	22.809426
0.830065359477124	7.4	22.880172
0.833986928104575	7.4	22.950918
0.837908496732026	7.4	23.021664
0.865359477124183	7.4	23.587736
0.869281045751634	7.4	23.658508
0.873202614379085	7.4	23.72928
0.877124183006536	7.4	23.799974
0.904575163398693	7.4	24.366072
0.908496732026144	7.4	24.436844
0.912418300653595	7.4	24.507668
0.943790849673203	7.4	25.144538
0.947712418300654	7.4	25.215336
0.951633986928105	7.4	25.286134
0.993464052287582	7.4	26.135346
0.997385620915033	7.4	26.206066