#% Complete	depth_infty
0.00047244094488189	0.0642
0.00062992125984252	0.083656
0.000708661417322835	0.097016
0.000866141732283465	0.103048
0.00094488188976378	0.10876
0.00102362204724409	0.120616
0.00110236220472441	0.126328
0.00118110236220472	0.132064
0.00125984251968504	0.13768
0.00141732283464567	0.143296
0.00149606299212598	0.148912
0.0015748031496063	0.154576
0.00165354330708661	0.17248
0.00173228346456693	0.178096
0.00181102362204724	0.183712
0.00196850393700787	0.189328
0.00204724409448819	0.194944
0.0021259842519685	0.20056
0.00220472440944882	0.206224
0.00228346456692913	0.21184
0.00244094488188976	0.217456
0.00251968503937008	0.223072
0.00259842519685039	0.228688
0.00267716535433071	0.234304
0.00275590551181102	0.23992
0.00283464566929134	0.27016
0.00299212598425197	0.275776
0.00307086614173228	0.281392
0.0031496062992126	0.287008
0.00322834645669291	0.292624
0.00330708661417323	0.29824
0.00338582677165354	0.303904
0.00354330708661417	0.30952
0.00362204724409449	0.315136
0.0037007874015748	0.320752
0.00377952755905512	0.326368
0.00385826771653543	0.331984
0.00393700787401575	0.3376
0.00409448818897638	0.343264
0.00417322834645669	0.34888
0.00425196850393701	0.354496
0.00433070866141732	0.360112
0.00440944881889764	0.365728
0.00448818897637795	0.371344
0.00464566929133858	0.377008
0.0047244094488189	0.382624
0.00480314960629921	0.38824
0.00488188976377953	0.393856
0.00496062992125984	0.39952
0.00503937007874016	0.405136
0.00519685039370079	0.410752
0.0052755905511811	0.465472
0.00535433070866142	0.471088
0.00543307086614173	0.476704
0.00551181102362205	0.482408
0.00566929133858268	0.488024
0.00574803149606299	0.49364
0.00582677165354331	0.499208
0.00590551181102362	0.504824
0.00598425196850394	0.51044
0.00606299212598425	0.516008
0.00622047244094488	0.521624
0.0062992125984252	0.52724
0.00637795275590551	0.532856
0.00645669291338583	0.538424
0.00653543307086614	0.54404
0.00661417322834646	0.549656
0.00677165354330709	0.555224
0.0068503937007874	0.56084
0.00692913385826772	0.566456
0.00700787401574803	0.572024
0.00708661417322835	0.57764
0.00716535433070866	0.583256
0.00732283464566929	0.588824
0.00740157480314961	0.59444
0.00748031496062992	0.600056
0.00755905511811024	0.605736
0.00763779527559055	0.611304
0.00771653543307087	0.616872
0.00779527559055118	0.622512
0.00795275590551181	0.628032
0.00803149606299213	0.633504
0.00811023622047244	0.639024
0.00818897637795276	0.644544
0.00826771653543307	0.650016
0.00834645669291339	0.655536
0.00850393700787402	0.661056
0.00858267716535433	0.666528
0.00866141732283465	0.672048
0.00874015748031496	0.677568
0.00881889763779528	0.683104
0.00889763779527559	0.688576
0.00897637795275591	0.694096
0.00913385826771653	0.699568
0.00921259842519685	0.70504
0.00929133858267716	0.710512
0.00937007874015748	0.715984
0.0094488188976378	0.721456
0.00952755905511811	0.726976
0.00960629921259843	0.732448
0.00976377952755906	0.73792
0.00984251968503937	0.745088
0.00992125984251968	0.75252
0.01	0.777064
0.0100787401574803	0.78396
0.0101574803149606	0.788376
0.0102362204724409	0.895432
0.0103149606299213	0.901184
0.0103937007874016	0.907008
0.0104724409448819	0.912336
0.0105511811023622	0.919864
0.0106299212598425	0.934416
0.0107086614173228	0.940648
0.0107874015748031	0.948608
0.0108661417322835	0.952176
0.0109448818897638	0.959952
0.0110236220472441	0.967192
0.0111023622047244	0.989032
0.0111811023622047	0.996016
0.011259842519685	1.002144
0.0113385826771654	1.012112
0.0114173228346457	1.024736
0.011496062992126	1.033216
0.0115748031496063	1.042872
0.0116535433070866	1.052336
0.0117322834645669	1.063184
0.0118110236220472	1.071952
0.0118897637795276	1.079408
0.0119685039370079	1.089864
0.0120472440944882	1.102408
0.0121259842519685	1.10996
0.0122047244094488	1.1408
0.0122834645669291	1.154328
0.0123622047244094	1.164968
0.0124409448818898	1.174112
0.0125196850393701	1.208856
0.0125984251968504	1.220464
0.0126771653543307	1.233416
0.012755905511811	1.24632
0.0128346456692913	1.25676
0.0129133858267717	1.268904
0.012992125984252	1.281616
0.0130708661417323	1.291152
0.0131496062992126	1.304232
0.0132283464566929	1.318904
0.0133070866141732	1.331088
0.0133858267716535	1.343936
0.0134645669291339	1.354328
0.0135433070866142	1.367888
0.0136220472440945	1.379848
0.0137007874015748	1.392336