#% Complete	depth_0
0.0123456790123457	0.13748
0.0246913580246914	0.166648
0.037037037037037	0.22988
0.0493827160493827	0.320048
0.0617283950617284	0.370064
0.0740740740740741	0.421088
0.0864197530864197	0.477032
0.0987654320987654	0.589832
0.111111111111111	0.644792
0.123456790123457	0.699344
0.135802469135802	0.753512
0.148148148148148	0.807512
0.160493827160494	0.861296
0.172839506172839	1.03792
0.185185185185185	1.09144
0.197530864197531	1.144888
0.209876543209877	1.199872
0.222222222222222	1.253104
0.234567901234568	1.307752
0.246913580246914	1.36084
0.259259259259259	1.415152
0.271604938271605	1.469368
0.283950617283951	1.523488
0.296296296296296	1.577488
0.308641975308642	1.631368
0.320987654320988	1.930768
0.333333333333333	1.984504
0.345679012345679	2.039152
0.358024691358025	2.092768
0.37037037037037	2.1472
0.382716049382716	2.200672
0.395061728395062	2.254936
0.407407407407407	2.309104
0.419753086419753	2.362408
0.432098765432099	2.416456
0.444444444444444	2.470456
0.45679012345679	2.524408
0.469135802469136	2.578936
0.481481481481481	2.63272
0.493827160493827	2.686504
0.506172839506173	2.74084
0.518518518518518	2.794504
0.530864197530864	2.84872
0.54320987654321	2.902888
0.555555555555556	2.956408
0.567901234567901	3.010504
0.580246913580247	3.064504
0.592592592592593	3.118456
0.604938271604938	3.172408
0.617283950617284	3.22684
0.62962962962963	3.772336
0.641975308641975	3.82612
0.654320987654321	3.880384
0.666666666666667	3.93412
0.679012345679012	3.988264
0.691358024691358	4.042384
0.703703703703704	4.09648
0.716049382716049	4.150048
0.728395061728395	4.204048
0.740740740740741	4.258432
0.753086419753086	4.312384
0.765432098765432	4.366264
0.777777777777778	4.42012
0.790123456790123	4.474336
0.802469135802469	4.52812
0.814814814814815	4.582264
0.827160493827161	4.636432
0.839506172839506	4.69012
0.851851851851852	4.744168
0.864197530864197	4.798168
0.876543209876543	4.852168