#% Complete	depth_2
0.000279898218829517	0.029312
0.000356234096692112	0.040064
0.000407124681933842	0.04272
0.000432569974554707	0.045704
0.000458015267175573	0.051816
0.000483460559796438	0.053376
0.000534351145038168	0.062216
0.000559796437659033	0.068864
0.000610687022900763	0.072768
0.000636132315521629	0.081608
0.000661577608142494	0.083712
0.000687022900763359	0.085312
0.000712468193384224	0.088032
0.000763358778625954	0.101328
0.000788804071246819	0.103808
0.000814249363867684	0.106248
0.00083969465648855	0.114024
0.000865139949109415	0.115864
0.00089058524173028	0.118464
0.000916030534351145	0.121032
0.00094147582697201	0.122352
0.000966921119592875	0.125184
0.000992366412213741	0.127088
0.00101781170483461	0.129304
0.00104325699745547	0.131784
0.00106870229007634	0.134456
0.0010941475826972	0.142864
0.00111959287531807	0.145168
0.00114503816793893	0.147728
0.0011704834605598	0.15068
0.00119592875318066	0.152472
0.00122137404580153	0.161144
0.00124681933842239	0.172744
0.00127226463104326	0.17336
0.00129770992366412	0.175632
0.00132315521628499	0.177712
0.00137404580152672	0.182904
0.00139949109414758	0.196288
0.00142493638676845	0.19784
0.00145038167938931	0.200968
0.00147582697201018	0.2026
0.00150127226463104	0.20504
0.00152671755725191	0.218216
0.00155216284987277	0.220512
0.00157760814249364	0.222976
0.0016030534351145	0.225256
0.00162849872773537	0.227104
0.00165394402035623	0.229184
0.0016793893129771	0.231368
0.00170483460559796	0.233376
0.00173027989821883	0.23536
0.00175572519083969	0.23792
0.00178117048346056	0.24008
0.00180661577608142	0.24244
0.00183206106870229	0.244864
0.00185750636132316	0.246784
0.00188295165394402	0.248968
0.00190839694656489	0.250856
0.00193384223918575	0.253208
0.00195928753180662	0.25652
0.00198473282442748	0.25832
0.00201017811704835	0.260624
0.00203562340966921	0.26296
0.00206106870229008	0.26532
0.00208651399491094	0.267504
0.00211195928753181	0.269824
0.00213740458015267	0.271968
0.00216284987277354	0.274144
0.0021882951653944	0.27688
0.00221374045801527	0.29472
0.00223918575063613	0.29648
0.002264631043257	0.310816
0.00229007633587786	0.312928
0.00231552162849873	0.315032
0.00234096692111959	0.317176
0.00236641221374046	0.320152
0.00239185750636132	0.32188
0.00241730279898219	0.336688
0.00244274809160305	0.339832
0.00246819338422392	0.341592
0.00249363867684478	0.344552
0.00251908396946565	0.346656
0.00254452926208651	0.348968
0.00256997455470738	0.35156
0.00259541984732824	0.35388
0.00262086513994911	0.355648
0.00264631043256997	0.35768
0.00267175572519084	0.36032
0.00269720101781171	0.36408
0.00272264631043257	0.364704
0.00274809160305344	0.366928
0.0027735368956743	0.369416
0.00279898218829517	0.393096
0.00282442748091603	0.395896
0.0028498727735369	0.3974
0.00287531806615776	0.399544
0.00290076335877863	0.402456
0.00292620865139949	0.405112
0.00295165394402036	0.406936
0.00297709923664122	0.409176
0.00300254452926209	0.432808
0.00302798982188295	0.434728
0.00305343511450382	0.437104
0.00307888040712468	0.439584
0.00310432569974555	0.441856
0.00312977099236641	0.444232
0.00315521628498728	0.44652
0.00318066157760814	0.44828
0.00320610687022901	0.450488
0.00323155216284987	0.452568
0.00325699745547074	0.45488
0.0032824427480916	0.457264
0.00330788804071247	0.45928
0.00333333333333333	0.4616
0.0033587786259542	0.463952
0.00338422391857506	0.466032
0.00340966921119593	0.468992
0.00343511450381679	0.470816
0.00346055979643766	0.4728
0.00348600508905852	0.47488
0.00351145038167939	0.477136
0.00353689567430025	0.479232
0.00356234096692112	0.481632
0.00358778625954198	0.483952
0.00361323155216285	0.488064
0.00363867684478372	0.488592
0.00366412213740458	0.490352
0.00368956743002545	0.492664
0.00371501272264631	0.495256
0.00374045801526718	0.497544
0.00376590330788804	0.499784
0.00379134860050891	0.502008