#% Complete	depth_infty_optsoff
0.00714285714285714	0.00048
0.0157142857142857	0.00048
0.0207142857142857	0.00048
0.025	0.00048
0.0307142857142857	0.00048
0.0357142857142857	0.00048
0.0414285714285714	0.00048
0.0464285714285714	0.00048
0.0521428571428571	0.00048
0.0571428571428571	0.00048
0.0614285714285714	0.00048
0.0657142857142857	0.00048
0.0714285714285714	0.00048
0.0757142857142857	0.00048
0.0785714285714286	0.00048
0.085	0.00048
0.09	0.00048
0.095	0.00048
0.101428571428571	0.00048
0.107142857142857	0.00048
0.110714285714286	0.00048
0.115714285714286	0.00048
0.12	0.00048
0.126428571428571	0.00048
0.132142857142857	0.00048
0.137857142857143	0.00048
0.143571428571429	0.00048
0.148571428571429	0.00048
0.153571428571429	0.00048
0.158571428571429	0.00048
0.165	0.00048
0.170714285714286	0.00048
0.176428571428571	0.00048
0.180714285714286	0.00048
0.185714285714286	0.00048
0.191428571428571	0.00048
0.196428571428571	0.00048
0.202142857142857	0.00048
0.207142857142857	0.00048
0.212857142857143	0.00048
0.217857142857143	0.00048
0.224285714285714	0.00048
0.229285714285714	0.00048
0.235714285714286	0.00048
0.240714285714286	0.00048
0.247142857142857	0.00048
0.253571428571429	0.00048
0.259285714285714	0.00048
0.265	0.00048
0.272142857142857	0.00048
0.277142857142857	0.00048
0.282142857142857	0.00048
0.288571428571429	0.00048
0.294285714285714	0.00048
0.300714285714286	0.00048
0.305	0.00048
0.31	0.00048
0.316428571428571	0.00048
0.322142857142857	0.00048
0.325714285714286	0.00048
0.327142857142857	0.00048
0.330714285714286	0.00048
0.335	0.00048
0.342142857142857	0.00048
0.349285714285714	0.00048
0.357142857142857	0.00048
0.360714285714286	0.00048
0.365	0.00048
0.370714285714286	0.00048
0.376428571428571	0.00048
0.380714285714286	0.00048
0.383571428571429	0.00048
0.385	0.00048
0.390714285714286	0.00048
0.395	0.00048
0.401428571428571	0.00048
0.405714285714286	0.00048
0.407142857142857	0.00048
0.408571428571429	0.00048
0.415714285714286	0.00048
0.418571428571429	0.00048
0.425	0.00048
0.432142857142857	0.00048
0.44	0.00048
0.447857142857143	0.00048
0.455	0.00048
0.462142857142857	0.00048
0.467142857142857	0.00048
0.473571428571429	0.00048
0.481428571428571	0.00048
0.488571428571429	0.00048
0.49	0.00048
0.495	0.00048
0.502857142857143	0.00048
0.51	0.00048
0.517857142857143	0.00048
0.522857142857143	0.00048
0.53	0.00048
0.535714285714286	0.00048
0.538571428571429	0.00048
0.54	0.00048
0.541428571428571	0.00048
0.544285714285714	0.00048
0.547857142857143	0.00048
0.555	0.00048
0.562857142857143	0.00048
0.570714285714286	0.00048
0.578571428571429	0.00048
0.586428571428571	0.00048
0.593571428571429	0.00048
0.597857142857143	0.00048
0.604285714285714	0.00048
0.610714285714286	0.00048
0.617857142857143	0.00048
0.626428571428571	0.00048
0.632142857142857	0.00048
0.639285714285714	0.00048
0.642857142857143	0.00048
0.649285714285714	0.00048
0.654285714285714	0.00048
0.662142857142857	0.00048
0.667142857142857	0.00048
0.672142857142857	0.00048
0.673571428571429	0.00048
0.68	0.00048
0.683571428571429	0.00048
0.687857142857143	0.00048
0.694285714285714	0.00048
0.699285714285714	0.00048
0.704285714285714	0.00048
0.709285714285714	0.00048
0.713571428571429	0.00048
0.717857142857143	0.00048
0.72	0.00048
0.722142857142857	0.00048
0.729285714285714	0.00048
0.737142857142857	0.00048
0.745	0.00048
0.752857142857143	0.00048
0.758571428571429	0.00048
0.761428571428571	0.00048
0.764285714285714	0.00048
0.767142857142857	0.00048
0.769285714285714	0.00048
0.773571428571429	0.00048
0.777857142857143	0.00048
0.782142857142857	0.00048
0.785	0.00048
0.791428571428571	0.00048
0.797142857142857	0.00048
0.805	0.00048
0.811428571428571	0.00048
0.814285714285714	0.00048
0.82	0.00048
0.827142857142857	0.00048
0.835	0.00048
0.842142857142857	0.00048
0.847857142857143	0.00048
0.852857142857143	0.00048
0.859285714285714	0.00048
0.863571428571429	0.00048
0.869285714285714	0.00048
0.872857142857143	0.00048
0.877857142857143	0.00048
0.883571428571429	0.00048
0.89	0.00048
0.895	0.00048
0.901428571428571	0.00048
0.905	0.00048
0.911428571428571	0.00048
0.917857142857143	0.00048
0.923571428571429	0.00048
0.927857142857143	0.00048
0.934285714285714	0.00048
0.941428571428571	0.00048
0.947142857142857	0.00048
0.952142857142857	0.00048
0.955	0.00048
0.958571428571429	0.00048
0.966428571428571	0.00048
0.973571428571429	0.00048
0.98	0.00048
0.985	0.00048
0.990714285714286	0.00048
0.996428571428571	0.00048