#% Complete	depth_4
0.000254452926208651	0.085712
0.00178117048346056	1.03612
0.00279898218829517	2.022592
0.00330788804071247	3.251576
0.00381679389312977	4.12948
0.00432569974554707	5.693152
0.00458015267175573	7.233304
0.00508905852417303	7.9772
0.00534351145038168	10.119664
0.00559796437659033	12.264904
0.00585241730279898	13.235824
0.00610687022900763	14.078912
0.00661577608142494	15.27564
0.00687022900763359	17.126456
0.00712468193384224	19.114392
0.00737913486005089	21.694104
0.00788804071246819	23.966416
0.00814249363867684	24.239648
0.0083969465648855	25.370832
0.00865139949109415	26.461192
0.0089058524173028	28.190416
0.00916030534351145	33.336152
0.0094147582697201	34.630672
0.00966921119592875	35.279872
0.0099236641221374	35.95404
0.0101781170483461	37.008464
0.0104325699745547	37.53376
0.0106870229007634	38.4396
0.010941475826972	40.027704
0.0111959287531807	40.83768
0.0114503816793893	42.716712
0.011704834605598	43.361968
0.0119592875318066	44.518848
0.0122137404580153	45.342016
0.0124681933842239	51.097648
0.0127226463104326	57.244416
0.0129770992366412	58.11616
0.0132315521628499	60.054008
0.0134860050890585	61.291784
0.0137404580152672	62.914352
0.0139949109414758	63.566512
0.0142493638676845	70.792744
0.0145038167938931	72.133848
0.0147582697201018	73.590624
0.0150127226463104	74.140504
0.0152671755725191	75.4982
0.0155216284987277	77.136432
0.0157760814249364	78.386184
0.016030534351145	79.894888
0.0162849872773537	84.262688
0.0165394402035623	85.075568
0.016793893129771	88.98048
0.0170483460559796	89.895096
0.0173027989821883	109.805376
0.0175572519083969	111.462024
0.0178117048346056	112.122488
0.0180661577608142	113.623064
0.0183206106870229	114.399136
0.0185750636132316	115.111584
0.0188295165394402	116.566096
0.0190839694656489	118.254352
0.0193384223918575	120.318864
0.0195928753180662	122.518232
0.0198473282442748	123.55624
0.0201017811704835	124.73704
0.0203562340966921	126.65664
0.0206106870229008	128.287168
0.0208651399491094	135.223288
0.0211195928753181	136.111888
0.0213740458015267	138.408312
0.0216284987277354	140.442576
0.021882951653944	141.957952
0.0221374045801527	144.764104
0.0223918575063613	146.748712
0.02264631043257	147.822584
0.0229007633587786	149.652248
0.0231552162849873	151.894216
0.0234096692111959	155.893384
0.0236641221374046	157.769192
0.0239185750636132	158.76908
0.0241730279898219	199.184624
0.0244274809160305	202.204392
0.0246819338422392	203.552432
0.0249363867684478	206.477512
0.0251908396946565	208.857192
0.0254452926208651	220.11112
0.0256997455470738	221.604056
0.0259541984732824	222.207568
0.0262086513994911	225.630176
0.0264631043256997	228.034176
0.0267175572519084	230.429672
0.0269720101781171	233.185632
0.0272264631043257	235.273264
0.0274809160305344	248.376752
0.027735368956743	251.429984
0.0279898218829517	253.109568
0.0282442748091603	255.726304
0.028498727735369	259.38952
0.0287531806615776	262.454984
0.0290076335877863	265.823816
0.0292620865139949	267.892952
0.0295165394402036	270.30396
0.0297709923664122	272.322176
0.0300254452926209	275.346144
0.0302798982188295	276.576864
0.0305343511450382	281.468296
0.0307888040712468	282.491552
0.0310432569974555	285.665584
0.0312977099236641	288.274952
0.0315521628498728	309.940584
0.0318066157760814	312.082984
0.0320610687022901	313.931544
0.0323155216284987	319.833512
0.0325699745547074	322.187696
0.032824427480916	330.218456
0.0330788804071247	333.764616
0.0333333333333333	334.999608
0.033587786259542	414.886504
0.0338422391857506	417.422728
0.0340966921119593	420.939032
0.0343511450381679	425.847048
0.0346055979643766	428.329216
0.0348600508905852	430.599704
0.0351145038167939	433.69348
0.0353689567430025	437.016456
0.0356234096692112	440.392368
0.0358778625954198	444.421552
0.0361323155216285	447.597096
0.0363867684478371	450.8768
0.0366412213740458	455.455264
0.0368956743002544	458.029168
0.0371501272264631	460.828112
0.0374045801526718	463.286072
0.0376590330788804	465.962344
0.0379134860050891	468.58252
0.0381679389312977	472.404056
0.0384223918575064	476.472368
0.038676844783715	480.432192
0.0389312977099237	483.765816
0.0391857506361323	486.623544
0.039440203562341	526.622776
0.0396946564885496	530.673768
0.0399491094147583	535.037992
0.0402035623409669	537.552768
0.0404580152671756	542.632904
0.0407124681933842	546.374256
0.0409669211195929	549.566984
0.0412213740458015	555.090064
0.0414758269720102	559.060176
0.0417302798982188	565.342112
0.0419847328244275	570.308264
0.0422391857506361	573.363376
0.0424936386768448	576.737664
0.0427480916030534	581.414888
0.0430025445292621	585.232224
0.0432569974554707	589.427288
0.0435114503816794	594.803104
0.043765903307888	599.022056
0.0440203562340967	603.266816
0.0442748091603053	608.463776
0.044529262086514	612.787464
0.0447837150127226	618.426136
0.0450381679389313	622.67672
0.04529262086514	627.524488
0.0455470737913486	640.696288
0.0458015267175573	644.96376
0.0460559796437659	649.730744
0.0463104325699746	655.271656
0.0465648854961832	810.65332
0.0468193384223919	817.771304
0.0470737913486005	821.156056
0.0473282442748092	827.949952
0.0475826972010178	832.538976
0.0478371501272265	836.672392
0.0480916030534351	841.04552
0.0483460559796438	848.055608
0.0486005089058524	851.403984
0.0488549618320611	930.8602
0.0491094147582697	936.583688
0.0493638676844784	939.262912
0.049618320610687	944.78568
0.0498727735368957	950.780728
0.0501272264631043	953.415488
0.050381679389313	960.470008
0.0506361323155216	965.992264
0.0508905852417303	973.648048
0.0511450381679389	977.888048
0.0513994910941476	981.326912
0.0516539440203562	985.054464
0.0519083969465649	991.016256
0.0521628498727735	997.395928
0.0524173027989822	1025.0996
0.0526717557251908	1029.088
0.0529262086513995	1036.226688
0.0531806615776081	1042.750352
0.0534351145038168	1047.512808
0.0536895674300254	1054.684312
0.0539440203562341	1059.65024
0.0541984732824427	1065.849136
0.0544529262086514	1074.442248
0.0547073791348601	1078.03372
0.0549618320610687	1082.43484
0.0552162849872774	1088.57068
0.055470737913486	1093.291832
0.0557251908396947	1099.997064
0.0559796437659033	1106.832624
0.056234096692112	1116.4172
0.0564885496183206	1119.094896
0.0567430025445293	1125.484944
0.0569974554707379	1131.415232
0.0572519083969466	1138.687024
0.0575063613231552	1144.26848
0.0577608142493639	1149.268968
0.0580152671755725	1155.97692
0.0582697201017812	1163.92096