#% Complete	depth_infty_optsoff
0.00078740157480315	0.810224
0.0015748031496063	0.88976
0.00236220472440945	0.941784
0.0031496062992126	1.042904
0.00393700787401575	1.094872
0.0047244094488189	1.148784
0.00551181102362205	1.29976
0.00590551181102362	1.35204
0.00669291338582677	1.4074
0.00748031496062992	1.45968
0.00826771653543307	1.51324
0.00905511811023622	1.566768
0.00984251968503937	1.777448
0.0102362204724409	2.571704
0.0106299212598425	2.89344
0.0110236220472441	3.4308
0.0114173228346457	3.78504
0.0118110236220472	4.410976
0.0122047244094488	4.929752
0.0125984251968504	5.50336
0.012992125984252	5.999368
0.0133858267716535	6.574968
0.0137795275590551	7.18248
0.0141732283464567	7.636392
0.0145669291338583	8.3702
0.0149606299212598	9.083936
0.0153543307086614	9.520512
0.015748031496063	10.136728
0.0161417322834646	11.2288
0.0165354330708661	11.82708
0.0169291338582677	12.54292
0.0173228346456693	12.817992
0.0177165354330709	12.97428
0.0181102362204724	13.168304
0.018503937007874	13.33472
0.0188976377952756	13.593976
0.0192913385826772	13.941072
0.0196850393700787	14.084632
0.0200787401574803	14.191976
0.0204724409448819	14.4172
0.0208661417322835	14.567848
0.021259842519685	14.71392
0.0216535433070866	14.906776
0.0220472440944882	15.008432
0.0224409448818898	15.12924
0.0228346456692913	15.257656
0.0232283464566929	15.40084
0.0236220472440945	15.532584
0.0240157480314961	15.656328
0.0244094488188976	15.77448
0.0248031496062992	15.851152
0.0251968503937008	15.945728
0.0255905511811024	16.055448
0.0259842519685039	16.171176
0.0263779527559055	16.272032
0.0267716535433071	16.347968
0.0271653543307087	16.47388
0.0275590551181102	16.547712
0.0279527559055118	17.022168
0.0283464566929134	17.107392
0.028740157480315	17.224976
0.0291338582677165	17.31724
0.0295275590551181	17.429952
0.0299212598425197	17.533832
0.0303149606299213	17.629904
0.0307086614173228	17.72956
0.0311023622047244	17.839792
0.031496062992126	17.953728
0.0318897637795276	18.039152
0.0322834645669291	18.138912
0.0326771653543307	18.313752
0.0330708661417323	18.42664
0.0334645669291339	18.492944
0.0338582677165354	18.597416
0.034251968503937	18.714336
0.0346456692913386	18.794872
0.0350393700787402	18.890864
0.0354330708661417	18.99568
0.0358267716535433	19.081256
0.0362204724409449	19.178112
0.0366141732283465	19.275328
0.037007874015748	19.370496
0.0374015748031496	19.476704
0.0377952755905512	19.56804
0.0381889763779528	19.679688
0.0385826771653543	19.786856
0.0389763779527559	19.889792
0.0393700787401575	20.039216
0.0397637795275591	20.54156
0.0401574803149606	20.649088
0.0405511811023622	20.757944
0.0409448818897638	20.858832
0.0413385826771654	20.930496
0.0417322834645669	21.01616
0.0421259842519685	21.068168
0.0425196850393701	21.220272
0.0429133858267717	21.314568
0.0433070866141732	21.376176
0.0437007874015748	21.44344
0.0440944881889764	21.49408
0.044488188976378	21.571904
0.0448818897637795	21.64028
0.0452755905511811	21.708992
0.0456692913385827	21.79732
0.0460629921259843	21.926832
0.0464566929133858	22.049216
0.0468503937007874	22.164336
0.047244094488189	22.273048
0.0476377952755906	22.35796
0.0480314960629921	22.5408
0.0484251968503937	22.707344
0.0488188976377953	22.849184
0.0492125984251969	23.001296
0.0496062992125984	23.153
0.05	23.329904
0.0503937007874016	23.449992
0.0507874015748032	23.580344
0.0511811023622047	23.719024
0.0515748031496063	23.954864
0.0519685039370079	24.1874
0.0523622047244095	24.2744
0.052755905511811	24.479608
0.0531496062992126	24.654696
0.0535433070866142	24.817712
0.0539370078740158	25.03316
0.0543307086614173	25.302928
0.0547244094488189	25.436416
0.0551181102362205	25.67424
0.055511811023622	25.906352
0.0559055118110236	26.057496
0.0562992125984252	26.158256
0.0566929133858268	26.25772
0.0570866141732283	26.47228
0.0574803149606299	26.58176
0.0578740157480315	26.709952
0.0582677165354331	26.925136
0.0586614173228346	27.099912
0.0590551181102362	27.236992
0.0594488188976378	27.36684
0.0598425196850394	27.482392
0.0602362204724409	27.646168
0.0606299212598425	27.816272
0.0610236220472441	27.901072
0.0614173228346457	27.998104
0.0618110236220472	28.107536
0.0622047244094488	28.256008
0.0625984251968504	28.381096
0.062992125984252	28.425632
0.0633858267716535	28.502432
0.0637795275590551	28.706272
0.0641732283464567	28.806424
0.0645669291338583	28.922312
0.0649606299212598	29.091176
0.0653543307086614	29.160896
0.065748031496063	29.250312
0.0661417322834646	29.306288
0.0665354330708661	29.3868
0.0669291338582677	29.504496
0.0673228346456693	29.574688
0.0677165354330709	29.683792
0.0681102362204724	30.575912
0.068503937007874	30.688944
0.0688976377952756	30.790304
0.0692913385826772	30.897968
0.0696850393700787	31.005976
0.0700787401574803	31.114976
0.0704724409448819	31.269216
0.0708661417322835	31.455024
0.071259842519685	31.570248
0.0716535433070866	31.608736
0.0720472440944882	31.637632
0.0724409448818898	31.6852
0.0728346456692913	31.722472
0.0732283464566929	31.806752
0.0736220472440945	31.921312
0.0740157480314961	32.022136
0.0744094488188976	32.081984
0.0748031496062992	32.183096
0.0751968503937008	32.332312
0.0755905511811024	32.385336
0.0759842519685039	32.47512
0.0763779527559055	32.543544