#% Complete	depth_0
0.00363636363636364	0.053176
0.00545454545454545	0.080232
0.00666666666666667	0.09356
0.00787878787878788	0.105632
0.00909090909090909	0.129152
0.0096969696969697	0.144456
0.0109090909090909	0.153432
0.0115151515151515	0.161904
0.0121212121212121	0.169408
0.0127272727272727	0.176576
0.0133333333333333	0.183264
0.0139393939393939	0.189856
0.0145454545454545	0.196096
0.0151515151515152	0.202296
0.0157575757575758	0.208744
0.0163636363636364	0.214656
0.016969696969697	0.22036
0.0175757575757576	0.225888
0.0181818181818182	0.231376
0.0187878787878788	0.27328
0.0193939393939394	0.283376
0.02	0.288064
0.0206060606060606	0.292736
0.0212121212121212	0.302144
0.0218181818181818	0.306704
0.0224242424242424	0.315288
0.023030303030303	0.31956
0.0236363636363636	0.32796
0.0242424242424242	0.332184
0.0248484848484848	0.340056
0.0254545454545455	0.343824
0.0260606060606061	0.350864
0.0266666666666667	0.35788
0.0272727272727273	0.365072
0.0278787878787879	0.3684
0.0284848484848485	0.375192
0.0290909090909091	0.381872
0.0296969696969697	0.388384
0.0303030303030303	0.395088
0.0309090909090909	0.401664
0.0315151515151515	0.407736
0.0321212121212121	0.414104
0.0327272727272727	0.420672
0.0333333333333333	0.429424
0.0339393939393939	0.435528
0.0345454545454545	0.440888
0.0351515151515151	0.446456
0.0357575757575758	0.451968
0.0363636363636364	0.460416
0.036969696969697	0.46576
0.0375757575757576	0.547464
0.0381818181818182	0.552888
0.0387878787878788	0.5584
0.0393939393939394	0.566064
0.04	0.573472
0.0406060606060606	0.5782
0.0412121212121212	0.584968
0.0418181818181818	0.589752
0.0424242424242424	0.596936
0.043030303030303	0.604144
0.0436363636363636	0.610888
0.0442424242424242	0.615504
0.0448484848484848	0.62196
0.0454545454545455	0.628736
0.0460606060606061	0.635048
0.0466666666666667	0.64168
0.0472727272727273	0.648328
0.0478787878787879	0.655312
0.0484848484848485	0.66096
0.0490909090909091	0.666816
0.0496969696969697	0.675368
0.0503030303030303	0.681272
0.0509090909090909	0.687064
0.0515151515151515	0.692856
0.0521212121212121	0.700504
0.0527272727272727	0.706536
0.0533333333333333	0.71232
0.0539393939393939	0.719512
0.0545454545454545	0.724488
0.0551515151515152	0.731664
0.0557575757575758	0.7376
0.0563636363636364	0.744816
0.056969696969697	0.750152
0.0575757575757576	0.757024
0.0581818181818182	0.764016
0.0587878787878788	0.770824
0.0593939393939394	0.775648
0.06	0.782408
0.0606060606060606	0.789096
0.0612121212121212	0.796192
0.0618181818181818	0.802576
0.0624242424242424	0.809368
0.063030303030303	0.815448
0.0636363636363636	0.821616
0.0642424242424242	0.828264
0.0648484848484848	0.834608
0.0654545454545455	0.840952
0.0660606060606061	0.847064