#% Complete	depth_infty
0.0909090909090909	0.088768
0.136363636363636	0.348176
0.190909090909091	0.52168
0.236363636363636	0.793488
0.281818181818182	0.96696
0.336363636363636	1.336752
0.381818181818182	1.510192
0.436363636363636	1.683632
0.481818181818182	1.857072
0.536363636363636	2.423408
0.581818181818182	2.596848
0.627272727272727	2.770288
0.681818181818182	2.943696
0.727272727272727	3.117136
0.781818181818182	3.290544
0.827272727272727	3.463984
0.872727272727273	3.637392
0.927272727272727	3.8108
0.972727272727273	4.76984