#% Complete	depth_infty_optsoff
0.000708661417322835	0.00904
0.00094488188976378	0.00904
0.00118110236220472	0.009088
0.00141732283464567	0.009088
0.00165354330708661	0.009088
0.00188976377952756	0.009088
0.00220472440944882	0.009088
0.00244094488188976	0.009088
0.00267716535433071	0.009088
0.00291338582677165	0.009088
0.0031496062992126	0.009088
0.00338582677165354	0.009088
0.00362204724409449	0.009088
0.00385826771653543	0.009088
0.00409448818897638	0.009088
0.00433070866141732	0.009088
0.00456692913385827	0.009088
0.00480314960629921	0.009136
0.00503937007874016	0.009136
0.0052755905511811	0.009136
0.00551181102362205	0.009136
0.00574803149606299	0.009136
0.00598425196850394	0.009136
0.00622047244094488	0.009136
0.00645669291338583	0.009136
0.00669291338582677	0.009136
0.00692913385826772	0.009136
0.00716535433070866	0.009136
0.00740157480314961	0.009136
0.00763779527559055	0.009184
0.0078740157480315	0.009232
0.00811023622047244	0.009232
0.00834645669291339	0.009232
0.00858267716535433	0.009232
0.00881889763779528	0.009232
0.00905511811023622	0.009232
0.00929133858267716	0.009232
0.0094488188976378	0.009232
0.00968503937007874	0.009232
0.00984251968503937	0.01336
0.01	0.016336
0.0100787401574803	0.017344
0.0101574803149606	0.017968
0.0102362204724409	0.019216
0.0103149606299213	0.019792
0.0103937007874016	0.020752
0.0104724409448819	0.021616
0.0105511811023622	0.022768
0.0106299212598425	0.026288
0.0107086614173228	0.02792
0.0107874015748031	0.028256
0.0108661417322835	0.028448
0.0109448818897638	0.032112
0.0110236220472441	0.0324
0.0111023622047244	0.033744
0.0111811023622047	0.03528
0.011259842519685	0.035856
0.0113385826771654	0.037104
0.0114173228346457	0.038496
0.011496062992126	0.03936
0.0115748031496063	0.040032
0.0116535433070866	0.041232
0.0117322834645669	0.042672
0.0118110236220472	0.043536
0.0118897637795276	0.044304
0.0119685039370079	0.045216
0.0120472440944882	0.046272
0.0121259842519685	0.05336
0.0122047244094488	0.05408
0.0122834645669291	0.054896
0.0123622047244094	0.055664
0.0124409448818898	0.05648
0.0125196850393701	0.057152
0.0125984251968504	0.05768
0.0126771653543307	0.05816
0.012755905511811	0.05888
0.0128346456692913	0.059504
0.0129133858267717	0.066544
0.012992125984252	0.068272
0.0130708661417323	0.068656
0.0131496062992126	0.069088
0.0132283464566929	0.069472
0.0133070866141732	0.069712
0.0133858267716535	0.070192
0.0134645669291339	0.070624
0.0135433070866142	0.0712
0.0136220472440945	0.072016
0.0137007874015748	0.0724
0.0137795275590551	0.073072
0.0138582677165354	0.073552
0.0139370078740157	0.073888
0.0140157480314961	0.07408
0.0140944881889764	0.074608
0.0141732283464567	0.074944
0.014251968503937	0.075568
0.0143307086614173	0.076
0.0144094488188976	0.077008
0.014488188976378	0.077248
0.0145669291338583	0.077872
0.0146456692913386	0.07864
0.0147244094488189	0.079648
0.0148031496062992	0.080464
0.0148818897637795	0.081376
0.0149606299212598	0.09544
0.0150393700787402	0.096736
0.0151181102362205	0.097888
0.0151968503937008	0.09928
0.0152755905511811	0.100144
0.0153543307086614	0.101296
0.0154330708661417	0.102832
0.015511811023622	0.10384
0.0155905511811024	0.105088
0.0156692913385827	0.106816
0.015748031496063	0.108352
0.0158267716535433	0.109456
0.0159055118110236	0.110896
0.0159842519685039	0.112528
0.0160629921259843	0.113728
0.0161417322834646	0.115312
0.0162204724409449	0.116992
0.0162992125984252	0.118144
0.0163779527559055	0.119728
0.0164566929133858	0.121408
0.0165354330708661	0.12256
0.0166141732283465	0.123184
0.0166929133858268	0.123184
0.0167716535433071	0.123184
0.0168503937007874	0.123184