#% Complete	depth_infty_optsoff
0.00606060606060606	0.085832
0.0181818181818182	0.176144
0.0303030303030303	0.264136
0.0363636363636364	0.346568
0.0484848484848485	0.44936
0.0606060606060606	0.502368
0.0727272727272727	0.555136
0.0848484848484849	0.6506
0.0909090909090909	0.695608
0.103030303030303	0.746032
0.115151515151515	0.789448
0.127272727272727	0.92652
0.133333333333333	0.97304
0.145454545454545	1.0132
0.157575757575758	1.148976
0.16969696969697	1.19116
0.181818181818182	1.224392
0.187878787878788	1.234104
0.2	1.234104
0.212121212121212	1.234104
0.218181818181818	1.234104
0.23030303030303	1.234104
0.242424242424242	1.234104
0.254545454545455	1.234104
0.260606060606061	1.234104
0.272727272727273	1.234104
0.284848484848485	1.234104
0.290909090909091	1.234104
0.303030303030303	1.234104
0.315151515151515	1.234104
0.327272727272727	1.234104
0.333333333333333	1.234104
0.345454545454545	1.234104
0.357575757575758	1.234104
0.363636363636364	1.234104
0.375757575757576	1.234104
0.387878787878788	1.234104
0.4	1.234104
0.406060606060606	1.234104
0.418181818181818	1.234104
0.43030303030303	1.234104
0.436363636363636	1.234104
0.448484848484848	1.234104
0.460606060606061	1.234104
0.472727272727273	1.234104
0.478787878787879	1.234104
0.490909090909091	1.234104
0.503030303030303	1.234104
0.515151515151515	1.234104
0.521212121212121	1.234104
0.533333333333333	1.234104
0.545454545454545	1.234104
0.551515151515152	1.234104
0.563636363636364	1.234104
0.575757575757576	1.234104
0.587878787878788	1.234104
0.593939393939394	1.234104
0.606060606060606	1.234104
0.618181818181818	1.234104
0.624242424242424	1.234104
0.636363636363636	1.234104
0.648484848484848	1.234104
0.660606060606061	1.234104
0.666666666666667	1.234104
0.678787878787879	1.234104
0.690909090909091	1.234104
0.696969696969697	1.234104
0.709090909090909	1.234104
0.721212121212121	1.234104
0.733333333333333	1.234104
0.739393939393939	1.234104
0.751515151515151	1.234104
0.763636363636364	1.234104
0.76969696969697	1.234104
0.781818181818182	1.234104
0.793939393939394	1.234104
0.806060606060606	1.234104
0.812121212121212	1.234104
0.824242424242424	1.234104
0.836363636363636	1.234104
0.842424242424242	1.234104
0.854545454545454	1.234104
0.866666666666667	1.234104
0.878787878787879	1.234104
0.884848484848485	1.234104
0.896969696969697	1.234104
0.909090909090909	1.234104
0.915151515151515	1.234104
0.927272727272727	1.234104
0.939393939393939	1.234104
0.951515151515152	1.234104
0.957575757575758	1.234104
0.96969696969697	1.234104
0.981818181818182	1.234104
0.987878787878788	1.234104