#% Complete	depth_1_nohash
0.000409448818897638	0.046784
0.000543307086614173	0.059776
0.000622047244094488	0.0656
0.00068503937007874	0.072488
0.000732283464566929	0.083552
0.000771653543307087	0.086576
0.000818897637795276	0.0896
0.000858267716535433	0.09268
0.000905511811023622	0.09576
0.00094488188976378	0.09884
0.000992125984251969	0.10192
0.00103149606299213	0.117328
0.00107874015748031	0.120408
0.00111811023622047	0.123488
0.00116535433070866	0.126568
0.00120472440944882	0.129592
0.00125196850393701	0.132616
0.00129133858267717	0.13564
0.00133070866141732	0.138664
0.00137795275590551	0.141688
0.00141732283464567	0.144712
0.00146456692913386	0.147736
0.00150393700787402	0.15076
0.00154330708661417	0.153784
0.00159055118110236	0.156808
0.00162992125984252	0.159832
0.00167716535433071	0.187432
0.00171653543307087	0.1904
0.00175590551181102	0.193424
0.00180314960629921	0.196448
0.00184251968503937	0.199472
0.00188976377952756	0.202496
0.00192913385826772	0.20552
0.00196850393700787	0.208544
0.00201574803149606	0.211568
0.00205511811023622	0.214592
0.00209448818897638	0.217616
0.00214173228346457	0.22064
0.00218110236220472	0.223664
0.00222834645669291	0.226688
0.00226771653543307	0.229712
0.00230708661417323	0.232736
0.00235433070866142	0.23576
0.00239370078740157	0.238784
0.00244094488188976	0.241808
0.00248031496062992	0.244776
0.00251968503937008	0.2478
0.00256692913385827	0.250824
0.00260629921259843	0.253848
0.00265354330708661	0.256872
0.00269291338582677	0.259896
0.00273228346456693	0.26292
0.00277952755905512	0.265944
0.00281889763779528	0.268968
0.00286614173228346	0.321144
0.00290551181102362	0.324168
0.00294488188976378	0.327192
0.00299212598425197	0.330216
0.00303149606299213	0.33324
0.00307874015748031	0.336264
0.00311811023622047	0.339288
0.00315748031496063	0.342256
0.00320472440944882	0.34528
0.00324409448818898	0.348304
0.00329133858267717	0.351328
0.00333070866141732	0.354352
0.00337007874015748	0.357376
0.00341732283464567	0.3604
0.00345669291338583	0.363424
0.00350393700787402	0.366448