#% Complete	depth_0
0.0	0.001008
3.93700787401575e-05	0.003224
7.8740157480315e-05	0.006712
0.000118110236220472	0.009784
0.00015748031496063	0.014672
0.000196850393700787	0.01896
0.000236220472440945	0.02132
0.000275590551181102	0.023792
0.00031496062992126	0.026208
0.000354330708661417	0.030256
0.000393700787401575	0.036008
0.000433070866141732	0.038544
0.00047244094488189	0.041184
0.000511811023622047	0.043832
0.000551181102362205	0.049544
0.000590551181102362	0.05228
0.00062992125984252	0.055264
0.000669291338582677	0.05964
0.000708661417322835	0.0644
0.000748031496062992	0.073216
0.00078740157480315	0.07596
0.000826771653543307	0.07876
0.000866141732283465	0.08156
0.000905511811023622	0.08436
0.00094488188976378	0.08716
0.000984251968503937	0.08996
0.00102362204724409	0.09276
0.00106299212598425	0.107944
0.00110236220472441	0.110744
0.00114173228346457	0.113544