#% Complete	depth_infty_optsoff
0.00161290322580645	0.162352
0.00483870967741936	0.396976
0.00806451612903226	0.5796
0.00967741935483871	0.802544
0.0129032258064516	1.02272
0.0161290322580645	1.1424
0.0193548387096774	1.260624
0.0225806451612903	1.560128
0.0241935483870968	1.666688
0.0274193548387097	1.962608
0.0306451612903226	2.063264
0.0338709677419355	2.160064
0.0370967741935484	2.25712
0.0387096774193548	2.638512
0.0419354838709677	2.8192
0.0451612903225806	2.90592
0.0483870967741935	2.989456
0.0516129032258065	3.071424
0.0548387096774194	3.155504
0.0564516129032258	3.23648
0.0596774193548387	3.314128
0.0629032258064516	3.388288
0.0661290322580645	3.477984
0.067741935483871	3.570528
0.0709677419354839	3.663136
0.0725806451612903	4.515808
0.0741935483870968	4.608224
0.0774193548387097	4.700384
0.0790322580645161	4.792608
0.082258064516129	4.884768
0.0838709677419355	4.976352
0.0870967741935484	5.068448
0.0887096774193548	5.160992
0.0919354838709677	5.25264
0.0935483870967742	5.34416
0.0951612903225806	5.434976
0.0983870967741935	5.526112
0.1	5.617888
0.103225806451613	5.708256
0.104838709677419	5.799328
0.108064516129032	5.890208
0.109677419354839	5.98096
0.112903225806452	6.071904
0.114516129032258	7.684768
0.116129032258065	7.774432
0.117741935483871	7.864992
0.120967741935484	7.954592
0.12258064516129	8.045216
0.125806451612903	8.135072
0.12741935483871	8.22384
0.130645161290323	8.31312
0.132258064516129	8.40336
0.135483870967742	8.492448
0.137096774193548	8.581664
0.140322580645161	8.669664
0.141935483870968	8.758368
0.145161290322581	8.846944
0.146774193548387	8.93584
0.15	9.02512
0.151612903225806	9.113248
0.154838709677419	9.201248
0.156451612903226	9.288416
0.159677419354839	9.376736
0.161290322580645	9.464992
0.164516129032258	9.5528
0.166129032258065	9.640224
0.169354838709677	9.727456
0.170967741935484	9.814752
0.174193548387097	9.901216
0.175806451612903	9.988896
0.179032258064516	10.075488
0.180645161290323	10.162528
0.183870967741935	10.24912
0.185483870967742	10.335712
0.188709677419355	10.421344
0.190322580645161	10.507168
0.193548387096774	10.592672
0.195161290322581	10.679392
0.198387096774194	10.765024
0.2	13.990688
0.201612903225806	14.074784
0.204838709677419	14.159712
0.206451612903226	14.246176
0.209677419354839	14.330848
0.211290322580645	14.416096
0.214516129032258	14.500064
0.216129032258065	14.583072
0.219354838709677	14.667872
0.220967741935484	14.751776
0.224193548387097	14.836256
0.225806451612903	14.920032
0.229032258064516	15.003936
0.230645161290323	15.088032
0.233870967741935	15.171424
0.235483870967742	15.25584
0.238709677419355	15.339424
0.240322580645161	15.424992
0.243548387096774	15.507552
0.245161290322581	15.590688
0.248387096774194	15.674912
0.25	15.75824
0.253225806451613	15.840736
0.254838709677419	15.924192
0.258064516129032	16.006752
0.259677419354839	16.088928
0.261290322580645	16.170848
0.264516129032258	16.25168
0.266129032258065	16.334304
0.269354838709677	16.415712
0.270967741935484	16.498656
0.274193548387097	16.579296
0.275806451612903	16.661152
0.279032258064516	16.742432
0.280645161290323	16.824864
0.283870967741935	16.905248
0.285483870967742	16.986336
0.288709677419355	17.065888
0.290322580645161	17.147552
0.293548387096774	17.228448
0.295161290322581	17.308576
0.298387096774194	17.390304
0.3	17.471264
0.303225806451613	17.550432
0.304838709677419	17.63088
0.308064516129032	17.7096
0.309677419354839	17.789312
0.312903225806452	17.868832
0.314516129032258	17.949344
0.317741935483871	18.027808
0.319354838709677	18.106656
0.32258064516129	18.186912
0.324193548387097	18.26416
0.32741935483871	18.344096
0.329032258064516	18.422688
0.332258064516129	18.502304
0.333870967741935	18.583648
0.337096774193548	18.663008
0.338709677419355	18.741152
0.341935483870968	18.819936
0.343548387096774	18.898848
0.345161290322581	18.976672
0.348387096774194	19.055392
0.35	19.133408
0.353225806451613	19.211616
0.354838709677419	19.29008
0.358064516129032	19.368736
0.359677419354839	19.445664
0.362903225806452	19.523616
0.364516129032258	19.60176
0.367741935483871	19.678304
0.369354838709677	19.756832
0.37258064516129	19.83376
0.374193548387097	19.909344
0.37741935483871	19.986144
0.379032258064516	20.06256
0.382258064516129	20.138272
0.383870967741935	20.214816
0.385483870967742	24.947376