#% Complete	depth_1_nohash
0.00363636363636364	0.058088
0.00545454545454545	0.0898
0.00666666666666667	0.10428
0.00787878787878788	0.116792
0.00909090909090909	0.140864
0.0096969696969697	0.16324
0.0109090909090909	0.172696
0.0115151515151515	0.181648
0.0121212121212121	0.189816
0.0127272727272727	0.197576
0.0133333333333333	0.204808
0.0139393939393939	0.211824
0.0145454545454545	0.218472
0.0151515151515152	0.22508
0.0157575757575758	0.2316
0.0163636363636364	0.237832
0.016969696969697	0.243976
0.0175757575757576	0.2498
0.0181818181818182	0.255576
0.0187878787878788	0.310176
0.0193939393939394	0.32084
0.02	0.326008
0.0206060606060606	0.330992
0.0212121212121212	0.34088
0.0218181818181818	0.34568
0.0224242424242424	0.354904
0.023030303030303	0.359432
0.0236363636363636	0.368296
0.0242424242424242	0.372664
0.0248484848484848	0.381112
0.0254545454545455	0.385208
0.0260606060606061	0.39296
0.0266666666666667	0.400552
0.0272727272727273	0.408136
0.0278787878787879	0.411752
0.0284848484848485	0.419
0.0290909090909091	0.42612
0.0296969696969697	0.433048
0.0303030303030303	0.439984
0.0309090909090909	0.446888
0.0315151515151515	0.453416
0.0321212121212121	0.46004
0.0327272727272727	0.46676
0.0333333333333333	0.47616
0.0339393939393939	0.482504
0.0345454545454545	0.488424
0.0351515151515151	0.494376
0.0357575757575758	0.500264
0.0363636363636364	0.509088
0.036969696969697	0.514792
0.0375757575757576	0.621496
0.0381818181818182	0.62716
0.0387878787878788	0.635712
0.0393939393939394	0.641
0.04	0.648952
0.0406060606060606	0.654144
0.0412121212121212	0.661576
0.0418181818181818	0.666632
0.0424242424242424	0.674168
0.043030303030303	0.681696
0.0436363636363636	0.688992
0.0442424242424242	0.696144
0.0448484848484848	0.700792
0.0454545454545455	0.707888
0.0460606060606061	0.714752
0.0466666666666667	0.72164
0.0472727272727273	0.728592
0.0478787878787879	0.735656
0.0484848484848485	0.742008
0.0490909090909091	0.748392
0.0496969696969697	0.75716
0.0503030303030303	0.763512
0.0509090909090909	0.769784
0.0515151515151515	0.775992
0.0521212121212121	0.784128
0.0527272727272727	0.790392
0.0533333333333333	0.796424
0.0539393939393939	0.804232
0.0545454545454545	0.80988
0.0551515151515152	0.817528
0.0557575757575758	0.823528
0.0563636363636364	0.831088
0.056969696969697	0.83868
0.0575757575757576	0.844184
0.0581818181818182	0.85156
0.0587878787878788	0.858824
0.0593939393939394	0.864072
0.06	0.87124
0.0606060606060606	0.87832
0.0612121212121212	0.885504
0.0618181818181818	0.89244
0.0624242424242424	0.899472
0.063030303030303	0.906112
0.0636363636363636	0.91276
0.0642424242424242	0.919576
0.0648484848484848	0.926312
0.0654545454545455	0.932976
0.0660606060606061	0.939488