#% Complete	depth_infty
0.000522875816993464	3.018128
0.000718954248366013	4.798688
0.000849673202614379	5.947152
0.000980392156862745	9.82896
0.00104575163398693	10.09344
0.00111111111111111	10.096
0.00117647058823529	10.378992
0.00124183006535948	10.670032
0.00130718954248366	11.823568
0.00137254901960784	12.480208
0.00143790849673203	12.480208
0.00150326797385621	18.78376
0.00156862745098039	19.776592
0.00163398692810458	19.779056
0.00176470588235294	20.965968
0.00189542483660131	22.228112
0.00196078431372549	23.143584
0.00202614379084967	24.056544
0.00209150326797386	24.980064
0.00222222222222222	35.872176
0.00235294117647059	37.963808
0.00241830065359477	37.968832
0.00248366013071895	38.534336
0.00254901960784314	38.536848
0.00261437908496732	39.718448
0.0026797385620915	40.994992
0.00274509803921569	40.994992
0.00281045751633987	43.511216
0.00294117647058824	47.344992
0.00300653594771242	47.344992
0.0030718954248366	48.038752
0.00313725490196078	49.438976
0.00320261437908497	70.419936
0.00326797385620915	71.831184
0.00333333333333333	74.581728
0.00339869281045752	75.44872
0.00352941176470588	82.262272
0.00359477124183007	82.262272
0.00366013071895425	84.620432
0.00379084967320261	88.579632
0.0038562091503268	89.382528
0.00392156862745098	90.2224
0.00398692810457516	91.8976
0.00405228758169935	92.743104
0.00411764705882353	95.32288
0.00418300653594771	96.187232
0.00431372549019608	98.864656
0.00437908496732026	99.77144
0.00444444444444444	141.18328
0.00450980392156863	142.254192
0.00457516339869281	143.989568
0.00470588235294118	149.708096
0.00477124183006536	150.694816
0.00483660130718954	152.69816
0.00490196078431373	152.69816
0.00496732026143791	154.75424
0.00503267973856209	155.7996
0.00509803921568627	156.85016
0.00516339869281046	158.958912
0.00522875816993464	158.958912
0.00529411764705882	163.312448
0.00535947712418301	164.40312
0.00542483660130719	165.54128
0.00549019607843137	166.672128
0.00555555555555556	166.672128
0.00562091503267974	167.81912
0.00568627450980392	171.281088
0.0057516339869281	173.602048
0.00581699346405229	178.243584
0.00588235294117647	181.743072
0.00594771241830065	182.916304
0.00601307189542484	185.303296
0.00607843137254902	186.529136
0.0061437908496732	186.529136
0.00620915032679739	188.988336
0.00627450980392157	191.580144
0.00633986928104575	191.584784
0.00640522875816993	194.15312
0.00647058823529412	196.758736
0.0065359477124183	199.416512
0.00660130718954248	277.55176
0.00666666666666667	280.213216
0.00673202614379085	280.218096
0.00679738562091503	285.654224
0.00686274509803922	288.39352
0.0069281045751634	288.400624
0.00699346405228758	289.808448
0.00705882352941176	291.266272
0.00718954248366013	298.608752
0.00725490196078431	301.585584
0.0073202614379085	304.617328
0.00738562091503268	306.12968
0.00751633986928105	312.21064
0.00758169934640523	313.75192
0.00764705882352941	316.875008
0.00771241830065359	318.447984
0.00777777777777778	321.61352
0.00784313725490196	326.427408
0.00790849673202614	329.65944
0.00797385620915033	329.65944
0.00803921568627451	332.960576
0.00810457516339869	332.962944
0.00816993464052288	332.972752
0.00823529411764706	334.668672
0.00830065359477124	334.670992
0.00836601307189543	341.676672
0.00843137254901961	341.676672
0.00849673202614379	343.447248
0.00862745098039216	352.367984
0.00869281045751634	361.330048
0.00875816993464052	363.12496
0.00882352941176471	363.12496
0.00888888888888889	368.5464
0.00895424836601307	375.840176
0.00901960784313726	375.840176
0.00908496732026144	379.511616
0.00915032679738562	383.249904
0.0092156862745098	383.249904
0.00928104575163399	385.15088
0.00934640522875817	387.080896
0.00941176470588235	389.017248
0.00947712418300654	398.78032
0.00954248366013072	398.78032
0.0096078431372549	398.787424
0.00967320261437908	400.782112
0.00973856209150327	453.773912
0.00980392156862745	557.843792
0.00986928104575163	559.878464
0.00993464052287582	561.931776
0.01	561.94352
0.0100653594771242	564.052528
0.0101307189542484	568.30584
0.0103267973856209	579.175936
0.0103921568627451	581.376288