#% Complete	depth_1
0.0419753086419753	16.27132
0.0888888888888889	31.347664
0.133333333333333	49.718392
0.180246913580247	61.464992
0.224691358024691	86.441096
0.271604938271605	98.190896
0.316049382716049	109.942264
0.362962962962963	121.69008
0.402469135802469	159.895
0.449382716049383	171.642456
0.496296296296296	183.39264
0.54320987654321	195.142192
0.590123456790123	206.893232
0.637037037037037	218.646088
0.683950617283951	230.397984
0.730864197530864	242.147064
0.777777777777778	253.899536
0.809876543209877	318.55424
0.85679012345679	330.305088
0.903703703703704	342.054528
0.950617283950617	353.803336
0.997530864197531	365.554264