#% Complete	depth_infty_optsoff
0.00392156862745098	0.539184
0.00915032679738562	1.109616
0.0130718954248366	1.847736
0.0183006535947712	2.25816
0.0235294117647059	2.621472
0.0274509803921569	3.653592
0.0326797385620915	4.03008
0.0379084967320261	4.396464
0.0431372549019608	4.863776
0.0470588235294118	5.833328
0.0522875816993464	6.851832
0.057516339869281	7.22916
0.061437908496732	7.70952
0.0666666666666667	8.20584
0.0705882352941176	8.66784
0.0758169934640523	9.16152
0.0797385620915033	9.642
0.0823529411764706	12.636048
0.0875816993464052	13.093912
0.0915032679738562	13.552128
0.0967320261437909	13.994856
0.100653594771242	14.436528
0.105882352941176	14.899848
0.109803921568627	15.405408
0.115032679738562	15.827544
0.118954248366013	16.276608
0.124183006535948	16.770288
0.128104575163399	17.290368
0.133333333333333	17.802
0.138562091503268	18.288024
0.142483660130719	18.751608
0.14640522875817	21.399688
0.147712418300654	24.707648
0.151633986928105	25.2206
0.156862745098039	25.673888
0.16078431372549	26.158592
0.166013071895425	26.597888
0.169934640522876	27.053288
0.17516339869281	27.500768
0.179084967320261	27.931088
0.184313725490196	28.40576
0.188235294117647	28.873568
0.193464052287582	29.311544
0.197385620915033	29.793344
0.202614379084967	30.275408
0.206535947712418	30.726848
0.211764705882353	31.208648
0.216993464052288	31.68692
0.220915032679739	32.168288
0.226143790849673	32.636888
0.230065359477124	33.063776
0.235294117647059	33.546896
0.23921568627451	34.055888
0.244444444444444	34.496768
0.248366013071895	34.990448
0.25359477124183	35.450336
0.257516339869281	35.909168
0.262745098039216	36.355328
0.266666666666667	36.801488
0.271895424836601	37.274048
0.273202614379085	42.242696
0.277124183006536	48.84552
0.281045751633987	49.30224
0.286274509803922	49.74576
0.290196078431373	50.21832
0.295424836601307	50.674512
0.299346405228758	51.22284
0.304575163398693	51.63072
0.308496732026144	52.06896
0.313725490196078	52.5204
0.317647058823529	52.94544
0.322875816993464	53.416416
0.326797385620915	53.8536
0.33202614379085	54.364968
0.335947712418301	54.846504
0.341176470588235	55.30824
0.345098039215686	55.73592
0.350326797385621	56.214288
0.354248366013072	56.624544
0.359477124183007	57.0744
0.363398692810458	57.578376
0.368627450980392	58.03272
0.373856209150327	58.50924
0.377777777777778	58.96992
0.383006535947712	59.462016
0.386928104575163	59.90976
0.392156862745098	60.31896
0.396078431372549	60.75456
0.401307189542484	61.20072
0.405228758169935	61.69968
0.410457516339869	62.17752
0.41437908496732	62.17752
0.418300653594771	62.17752
0.422222222222222	62.17752
0.426143790849673	62.17752
0.430065359477124	62.17752
0.433986928104575	62.17752
0.437908496732026	62.17752
0.441830065359477	62.17752
0.445751633986928	62.17752
0.449673202614379	62.17752
0.45359477124183	62.17752
0.457516339869281	62.17752
0.461437908496732	62.17752
0.465359477124183	62.17752
0.469281045751634	62.17752
0.473202614379085	62.17752
0.477124183006536	62.17752
0.481045751633987	62.17752
0.484967320261438	62.17752
0.488888888888889	62.17752
0.49281045751634	62.17752
0.496732026143791	62.17752
0.500653594771242	62.17752
0.504575163398693	62.17752
0.508496732026144	62.17752
0.512418300653595	62.17752
0.516339869281046	62.17752
0.520261437908497	62.17752
0.524183006535948	62.17752
0.528104575163399	62.17752
0.53202614379085	62.17752
0.535947712418301	62.17752
0.539869281045752	62.17752
0.543790849673203	62.17752
0.547712418300654	62.17752
0.551633986928105	62.17752
0.555555555555556	62.17752
0.559477124183007	62.17752
0.563398692810458	62.17752
0.567320261437908	62.17752
0.571241830065359	62.17752
0.57516339869281	62.17752
0.579084967320261	62.17752
0.583006535947712	62.17752
0.586928104575163	62.17752
0.590849673202614	62.17752
0.594771241830065	62.17752
0.598692810457516	62.17752
0.602614379084967	62.17752
0.606535947712418	62.17752
0.610457516339869	62.17752
0.61437908496732	62.17752
0.618300653594771	62.17752
0.622222222222222	62.17752
0.626143790849673	62.17752
0.630065359477124	62.17752
0.633986928104575	62.17752
0.637908496732026	62.17752
0.641830065359477	62.17752
0.645751633986928	62.17752
0.649673202614379	62.17752
0.65359477124183	62.17752
0.657516339869281	62.17752
0.661437908496732	62.17752
0.665359477124183	62.17752
0.669281045751634	62.17752
0.673202614379085	62.17752
0.677124183006536	62.17752
0.681045751633987	62.17752
0.684967320261438	62.17752
0.688888888888889	62.17752
0.69281045751634	62.17752
0.696732026143791	62.17752
0.700653594771242	62.17752
0.704575163398693	62.17752
0.708496732026144	62.17752
0.712418300653595	62.17752
0.716339869281046	62.17752
0.720261437908497	62.17752
0.724183006535948	62.17752
0.728104575163399	62.17752
0.73202614379085	62.17752
0.735947712418301	62.17752
0.739869281045752	62.17752
0.743790849673203	62.17752
0.747712418300654	62.17752
0.751633986928105	62.17752
0.755555555555556	62.17752
0.759477124183007	62.17752
0.763398692810457	62.17752
0.767320261437909	62.17752
0.77124183006536	62.17752
0.77516339869281	62.17752
0.779084967320261	62.17752
0.783006535947712	62.17752
0.786928104575163	62.17752
0.790849673202614	62.17752
0.794771241830065	62.17752
0.798692810457516	62.17752
0.802614379084967	62.17752
0.806535947712418	62.17752
0.810457516339869	62.17752
0.81437908496732	62.17752
0.818300653594771	62.17752
0.822222222222222	62.17752
0.826143790849673	62.17752
0.830065359477124	62.17752
0.833986928104575	62.17752
0.837908496732026	62.17752
0.841830065359477	62.17752
0.845751633986928	62.17752
0.849673202614379	62.17752
0.85359477124183	62.17752
0.857516339869281	62.17752
0.861437908496732	62.17752
0.865359477124183	62.17752
0.869281045751634	62.17752
0.873202614379085	62.17752
0.877124183006536	62.17752
0.881045751633987	62.17752
0.884967320261438	62.17752
0.888888888888889	62.17752
0.89281045751634	62.17752
0.896732026143791	62.17752
0.900653594771242	62.17752
0.904575163398693	62.17752
0.908496732026144	62.17752
0.912418300653595	62.17752
0.916339869281046	62.17752
0.920261437908497	62.17752
0.924183006535948	62.17752
0.928104575163399	62.17752
0.93202614379085	62.17752
0.935947712418301	62.17752
0.939869281045752	62.17752
0.943790849673203	62.17752
0.947712418300654	62.17752
0.951633986928105	62.17752
0.955555555555556	62.17752
0.959477124183007	62.17752
0.963398692810458	62.17752
0.967320261437909	62.17752
0.969934640522876	62.17752
0.973856209150327	62.17752
0.977777777777778	62.17752
0.981699346405229	62.17752
0.98562091503268	62.17752
0.989542483660131	62.17752
0.993464052287582	62.17752
0.997385620915033	62.17752