#% Complete	time_depth_infty	rate_depth_infty0.0	0.0	0.0
0.000393700787401575	0.179704	5564.70640609001
0.00078740157480315	0.863801	1461.78100474056
0.00118110236220472	1.521837	1519.67369566407
0.0015748031496063	2.200228	1474.07615961886
0.00196850393700787	2.872958	1486.48046021435
0.00236220472440945	3.599655	1376.08934672911
0.00275590551181102	4.494704	1117.25726747921
0.0031496062992126	5.192645	1432.78586585399
0.00354330708661417	5.87305	1469.71289158663
0.00393700787401575	6.507252	1576.7846837443
0.00433070866141732	7.157664	1537.48700823478
0.0047244094488189	7.907679	1333.30666719999
0.00511811023622047	8.622385	1399.17672441535
0.00551181102362205	9.362979	1350.26748798937
0.00590551181102362	10.074118	1406.19485079569
0.0062992125984252	10.753888	1471.08580843521
0.00669291338582677	11.380567	1595.71327585574
0.00708661417322835	12.154667	1291.82276191706
0.00748031496062992	12.91296	1318.7514588688
0.0078740157480315	13.580783	1497.40275492159
0.00826771653543307	14.298029	1394.22178722503
0.00866141732283465	15.049732	1330.31263677277
0.00905511811023622	15.76915	1390.01248231209
0.0094488188976378	16.447049	1475.1460025756
0.00984251968503937	17.230479	1276.43822677202
0.0102362204724409	18.370045	877.527058546849
0.0106299212598425	19.743537	728.071222839304
0.0110236220472441	21.63807	527.834563979619
0.0114173228346457	23.767644	469.577483571831
0.0118110236220472	26.566792	357.251563690094
0.0122047244094488	29.748541	314.292547903684
0.0125984251968504	33.7026	252.904673400169
0.012992125984252	37.89172	238.713620044305
0.0133858267716535	42.60971	211.954667135793
0.0137795275590551	47.893822	189.246556469658
0.0141732283464567	53.612274	174.872500459915
0.0145669291338583	60.218797	151.365551894696
0.0149606299212598	66.798128	151.991137092814
0.0153543307086614	73.134354	157.822653421769
0.015748031496063	79.542897	156.041708700402
0.0161417322834646	87.122024	131.941317251974
0.0165354330708661	93.457391	157.844052286158
0.0169291338582677	105.01405	86.5301987365034
0.0173228346456693	116.282673	88.7419873750324
0.0177165354330709	127.976708	85.5136828306055
0.0181102362204724	139.628531	85.8234801541355
0.018503937007874	152.127456	80.006880591731
0.0188976377952756	163.914281	84.8404892751017
0.0192913385826772	176.209657	81.3313883202921
0.0196850393700787	189.203573	76.9590937789654
0.0200787401574803	202.291405	76.4068487431685
0.0204724409448819	215.854398	73.7300387901107
0.0208661417322835	229.877122	71.3128205333
0.021259842519685	243.023265	76.0679387102362
0.0216535433070866	256.273176	75.4722050585851
0.0220472440944882	271.157784	67.1834958636465
0.0224409448818898	284.800683	73.2982044358754
0.0228346456692913	298.671257	72.095069749817
0.0232283464566929	313.052651	69.5342885397619
0.0236220472440945	327.900778	67.3485618758515
0.0240157480314961	343.965491	62.2482331305888
0.0244094488188976	358.4515	69.032126101813
0.0248031496062992	373.615217	65.9468915174296
0.0251968503937008	388.157507	68.7649606767571
0.0255905511811024	403.699704	64.3409680111506
0.0259842519685039	418.913096	65.7315607196607
0.0263779527559055	434.061029	66.0156075419662
0.0267716535433071	449.463067	64.9264727174417
0.0271653543307087	465.081435	64.0271762068868
0.0275590551181102	481.373012	61.3814120020425
0.0279527559055118	497.339893	62.6296394392869
0.0283464566929134	513.830807	60.6394527313646
0.028740157480315	529.288781	64.6915307271189
0.0291338582677165	544.868556	64.1857793196627
0.0295275590551181	560.139873	65.4822370591877
0.0299212598425197	576.075676	62.751779750289
0.0303149606299213	590.515213	69.2542981121903
0.0307086614173228	606.738147	61.6411310062655
0.0311023622047244	623.733459	58.8397553395901
0.031496062992126	641.041925	57.7751950981677
0.0318897637795276	657.8129	59.6268255125298
0.0322834645669291	674.587592	59.613613173941
0.0326771653543307	691.679935	58.5057297293881
0.0330708661417323	709.104931	57.3888223561143
0.0334645669291339	726.751685	56.6676455057967
0.0338582677165354	743.954016	58.1316566923399
0.034251968503937	761.002988	58.6545628674857
0.0346456692913386	778.580825	56.8898209717155
0.0350393700787402	796.266237	56.5437774364543
0.0354330708661417	814.115096	56.0259902327652
0.0358267716535433	831.833165	56.439558960968
0.0362204724409449	850.488923	53.6027536377777
0.0366141732283465	869.014045	53.9807511119225
0.037007874015748	886.80158	56.2191444739253
0.0374015748031496	904.779591	55.6235058483387
0.0377952755905512	923.577193	53.1982749714565
0.0381889763779528	942.867977	51.8382249264726
0.0385826771653543	960.697766	56.0859132993666
0.0389763779527559	979.619828	52.848362932116
0.0393700787401575	999.369841	50.6328780644348
0.0397637795275591	1018.034514	53.5771508024813
0.0401574803149606	1037.551863	51.2364665918513
0.0405511811023622	1058.121653	48.6149834295829
0.0409448818897638	1077.907895	50.5401682643927
0.0413385826771654	1097.230741	51.7522108285704
0.0417322834645669	1117.604024	49.0838908977019
0.0421259842519685	1137.676784	49.818759353472
0.0425196850393701	1159.19168	46.4794252317094
0.0429133858267717	1179.898989	48.2921271904521
0.0433070866141732	1200.590027	48.3301031103419
0.0437007874015748	1221.316419	48.2476641375884
0.0440944881889764	1242.898029	46.3357460356295
0.044488188976378	1264.873675	45.5049194003214
0.0448818897637795	1286.629657	45.9643697076052
0.0452755905511811	1307.521388	47.8658278722813
0.0456692913385827	1329.272912	45.9737901583355
0.0460629921259843	1350.691238	46.6889896063768
0.0464566929133858	1372.064064	46.7883844653959
0.0468503937007874	1394.158075	45.2611343408851
0.047244094488189	1416.525457	44.7079591165387
0.0476377952755906	1438.923536	44.6466859948122
0.0480314960629921	1460.605607	46.1210555024934
0.0484251968503937	1482.31815	46.0563279022635
0.0488188976377953	1504.489051	45.1041660417861
0.0492125984251969	1527.431034	43.588211184709
0.0496062992125984	1550.384993	43.5654694686874
0.05	1574.230182	41.9371807034113
0.0503937007874016	1599.517201	39.5459820708798
0.0507874015748032	1623.82439	41.1400923405831
0.0511811023622047	1646.111018	44.8699552036314
0.0515748031496063	1668.975955	43.7350866088106
0.0519685039370079	1693.736653	40.3865836092346
0.0523622047244095	1715.461727	46.0297626604168
0.052755905511811	1738.240446	43.9006249649071
0.0531496062992126	1762.565811	41.109352315988
0.0535433070866142	1787.315843	40.4039881645403
0.0539370078740158	1812.102849	40.3437188016979
0.0543307086614173	1837.839495	38.8551017875447
0.0547244094488189	1861.105807	42.9805978704318
0.0551181102362205	1886.533741	39.326828518589
0.055511811023622	1912.392673	38.6713573476274
0.0559055118110236	1939.874643	36.3874933274434
0.0562992125984252	1965.041942	39.7341009855687
0.0566929133858268	1990.5482	39.2060646449983
0.0570866141732283	2017.068752	37.7066058051884
0.0574803149606299	2042.997981	38.5665150321283
0.0578740157480315	2069.44949	37.8050265487689
0.0582677165354331	2099.028689	33.8075415767679
0.0586614173228346	2127.441549	35.1953305651034
0.0590551181102362	2155.185607	36.0437539454397
0.0594488188976378	2185.517475	32.9686256052543
0.0598425196850394	2214.917803	34.0132259748942
0.0602362204724409	2243.144691	35.4272139387096
0.0606299212598425	2272.83136	33.6851534269471
0.0610236220472441	2302.390379	33.8306220514289
0.0614173228346457	2331.866816	33.9254028565254
0.0618110236220472	2362.115822	33.0589375399641
0.0622047244094488	2391.214347	34.3660030877855
0.0625984251968504	2419.008928	35.9782361892772
0.062992125984252	2444.856224	38.6887665154608
0.0633858267716535	2471.733699	37.205875923985
0.0637795275590551	2503.680857	31.3016888701024
0.0641732283464567	2533.201735	33.8743312444837
0.0645669291338583	2563.266162	33.2619011830828
0.0649606299212598	2594.408699	32.1104218323637
0.0653543307086614	2621.937361	36.3257756588392
0.065748031496063	2653.114505	32.0747788828891
0.0661417322834646	2686.797883	29.6882337632525
0.0665354330708661	2719.769774	30.3288640618158
0.0669291338582677	2751.045538	31.9736393969465
0.0673228346456693	2782.587821	31.7034756171579
0.0677165354330709	2815.950944	29.9732132390603
0.0681102362204724	2848.306415	30.9066741757524
0.068503937007874	2880.6565	30.9118198607515
0.0688976377952756	2916.05815	28.2472709605345
0.0692913385826772	2950.131778	29.3482102933094
0.0696850393700787	2984.999517	28.6798062816747
0.0700787401574803	3019.370411	29.0943843357699
0.0704724409448819	3053.667686	29.1568353462484
0.0708661417322835	3086.366274	30.5823603147633
0.071259842519685	3119.629886	30.062880723837
0.0716535433070866	3153.131507	29.8493019188535
0.0720472440944882	3186.45418	30.0095973693346
0.0724409448818898	3223.17355	27.2335827112504
0.0728346456692913	3261.010435	26.4292369733924
0.0732283464566929	3295.720073	28.8104416415984
0.0736220472440945	3328.713138	30.3093998693361
0.0740157480314961	3362.099351	29.952483679416
0.0744094488188976	3397.020499	28.6359428962642
0.0748031496062992	3429.807876	30.4995425526113
0.0751968503937008	3463.546016	29.6400453611255
0.0755905511811024	3493.313519	33.5936810017286
0.0759842519685039	3527.964365	28.8593242427616
0.0763779527559055	3563.554714	28.0975047477056
0.0767716535433071	3600.825195	26.8308852788887