#% Complete	time_depth_infty_optsoff	rate_depth_infty_optsoff0.0	0.0	0.0
0.0123456790123457	0.016892	59199.6211224248
0.0246913580246914	0.037127	49419.3229552755
0.037037037037037	0.057376	49385.1548224604
0.0493827160493827	0.077107	50681.6684405251
0.0617283950617284	0.09673	50960.6074504408
0.0740740740740741	0.116122	51567.6567656766
0.0864197530864197	0.135929	50487.2014944211
0.0987654320987654	0.155571	50911.3124936361
0.111111111111111	0.175305	50673.963717442
0.123456790123457	0.194691	51583.617043227
0.135802469135802	0.214154	51379.5406669065
0.148148148148148	0.233931	50563.7862163118
0.160493827160494	0.254021	49776.0079641613
0.172839506172839	0.275035	47587.3227372229
0.185185185185185	0.294653	50973.595677439
0.197530864197531	0.313312	53593.4401629241
0.209876543209877	0.333312	49999.9999999998
0.222222222222222	0.352854	51171.835022004
0.234567901234568	0.372485	50939.8400489021
0.246913580246914	0.393153	48383.9752274049
0.259259259259259	0.412388	51988.5625162464
0.271604938271605	0.432402	49965.0244828618
0.283950617283951	0.451891	51310.9959464314
0.296296296296296	0.472052	49600.7142502852
0.308641975308642	0.492254	49500.0495000496
0.320987654320988	0.515922	42251.140780801
0.333333333333333	0.535189	51902.2162246327
0.345679012345679	0.555691	48775.7291971514
0.358024691358025	0.575899	49485.3523357089
0.37037037037037	0.594918	52578.9999474207
0.382716049382716	0.614273	51666.236114699
0.395061728395062	0.633695	51488.0032952324
0.407407407407407	0.653152	51395.3846944546
0.419753086419753	0.672858	50745.9656957272
0.432098765432099	0.691725	53002.597127259
0.444444444444444	0.711188	51379.5406669067
0.45679012345679	0.731006	50459.1785245733
0.469135802469136	0.750655	50893.1752252022
0.481481481481481	0.77015	51295.2038984357
0.493827160493827	0.78889	53361.7929562434
0.506172839506173	0.809044	49617.9418477721
0.518518518518518	0.82887	50438.8177141128
0.530864197530864	0.848455	51059.4842992087
0.54320987654321	0.868517	49845.4790150533
0.555555555555556	0.888268	50630.3478304894
0.567901234567901	0.908892	48487.1993793639
0.580246913580247	0.928436	51166.5984445354
0.592592592592593	0.948976	48685.4917234664
0.604938271604938	0.968579	51012.6001122279
0.617283950617284	0.987855	51877.9829840214
0.62962962962963	1.016866	34469.6839129985
0.641975308641975	1.035523	53599.1852923838
0.654320987654321	1.055362	50405.7664196786
0.666666666666667	1.074924	51119.5174317552
0.679012345679012	1.09565	48248.5766669883
0.691358024691358	1.116083	48940.4394851468
0.703703703703704	1.136487	49009.9980395999
0.716049382716049	1.156889	49014.802470346
0.728395061728395	1.177304	48983.5904971838
0.740740740740741	1.1981	48086.1704173879
0.753086419753086	1.218048	50130.3388810906
0.765432098765432	1.237748	50761.4213197968
0.777777777777778	1.256058	54614.9645002736
0.790123456790123	1.275153	52369.7302958887
0.802469135802469	1.294243	52383.4468308013
0.814814814814815	1.312967	53407.3915829952
0.827160493827161	1.331935	52720.3711514126
0.839506172839506	1.349756	56113.5738735197
0.851851851851852	1.36771	55697.894619584
0.864197530864197	1.38542	56465.2738565785
0.876543209876543	1.412787	36540.3588263235
0.888888888888889	1.449073	27558.8381193849
0.901234567901235	1.484894	27916.585243293
0.91358024691358	1.521321	27452.1646031791
0.925925925925926	1.557259	27825.6998163504
0.938271604938272	1.592681	28231.042854723
0.950617283950617	1.628937	27581.6416593115
0.962962962962963	1.663794	28688.6421665663
0.975308641975309	1.699511	27997.8721617157
0.987654320987654	1.734556	28534.741047225