#% Complete	time_depth_infty	rate_depth_infty0.0	0.0	0.0
0.00123456790123457	0.002646	37792.8949357521
0.00246913580246914	0.005078	41118.4210526316
0.0037037037037037	0.008805	26831.2315535283
0.00493827160493827	0.011475	37453.1835205993
0.00617283950617284	0.014983	28506.2713797035
0.00740740740740741	0.018181	31269.5434646654
0.00864197530864197	0.0215110000000001	30030.0300300295
0.00987654320987654	0.0255660000000001	24660.9124537606
0.0111111111111111	0.028849	30459.9451720994
0.0123456790123457	0.03217	30111.4122252332
0.0135802469135802	0.035439	30590.3946160909
0.0148148148148148	0.0392370000000001	26329.6471827272
0.0160493827160494	0.0426700000000001	29129.0416545294
0.0172839506172839	0.0459940000000001	30084.2358604092
0.0185185185185185	0.050143	24102.1932995905
0.0197530864197531	0.053444	30293.8503483793
0.0209876543209877	0.056782	29958.0587177955
0.0222222222222222	0.0601090000000001	30057.108506161
0.0234567901234568	0.06345	29931.1583358282
0.0246913580246914	0.067767	23164.2344220523
0.0259259259259259	0.071017	30769.230769231
0.0271604938271605	0.0741130000000001	32299.7416020662
0.0283950617283951	0.077381	30599.755201959
0.0296296296296296	0.0805640000000001	31416.9022934334
0.0308641975308642	0.083775	31142.9461227036
0.0320987654320988	0.0878110000000001	24777.0069375617
0.0333333333333333	0.090646	35273.3686067029
0.0345679012345679	0.093774	31969.3094629154
0.0358024691358025	0.097516	26723.6771779795
0.037037037037037	0.100663	31776.2948840164
0.0382716049382716	0.10383	31575.6236185662
0.0395061728395062	0.107044	31113.8767890485
0.0407407407407407	0.110301	30703.1010132017
0.0419753086419753	0.113475	31505.9861373671
0.0432098765432099	0.116789	30175.0150875072
0.0444444444444444	0.120918	24218.9392104623
0.045679012345679	0.124049	31938.6777387417
0.0469135802469136	0.127369	30120.4819277109
0.0481481481481481	0.130435	32615.7860404434
0.0493827160493827	0.133567	31928.4802043432
0.0506172839506173	0.137274	26975.9913676826
0.0518518518518519	0.141179	25608.1946222788
0.0530864197530864	0.144201	33090.6684315027
0.054320987654321	0.147329	31969.3094629154
0.0555555555555556	0.150702	29647.1983397573
0.0567901234567901	0.153761	32690.4217064397
0.0580246913580247	0.156858	32289.3122376492
0.0592592592592593	0.160085	30988.5342423305
0.0604938271604938	0.163893	26260.5042016804
0.0617283950617284	0.167011	32071.8409236695
0.062962962962963	0.170253	30845.1573103026
0.0641975308641975	0.173471	31075.2019888124
0.0654320987654321	0.176563	32341.5265200519
0.0666666666666667	0.180631	24582.1042281222
0.0679012345679012	0.183726	32310.1777059767
0.0691358024691358	0.186776	32786.8852459017
0.0703703703703704	0.189906	31948.8817891377
0.0716049382716049	0.192964	32701.1118378024
0.0728395061728395	0.195992	33025.0990752969
0.0740740740740741	0.19922	30978.9343246591
0.0753086419753086	0.202487	30609.1215182122
0.0765432098765432	0.206399	25562.3721881396
0.0777777777777778	0.209482	32435.939020434
0.0790123456790123	0.212468	33489.6182183531
0.0802469135802469	0.215849	29577.0482105879
0.0814814814814815	0.219035	31387.3195229125
0.0827160493827161	0.222192	31675.6414317393
0.0839506172839506	0.226233	24746.349913388
0.0851851851851852	0.229672	29078.220412911
0.0864197530864197	0.232911	30873.7264587826
0.0876543209876543	0.236152	30854.6744831848
0.0888888888888889	0.24038	23651.8448438978
0.0901234567901235	0.243668	30413.6253041366
0.091358024691358	0.246822	31705.770450222
0.0925925925925926	0.24999	31565.656565656
0.0938271604938272	0.253897	25595.0857435373
0.0950617283950617	0.256865	33692.722371968
0.0962962962962963	0.259968	32226.877215597
0.0975308641975309	0.263108	31847.1337579626
0.0987654320987654	0.266933	26143.7908496727
0.1	0.26986	34164.6737273671
0.101234567901235	0.272969	32164.6831778704
0.102469135802469	0.276776	26267.4021539269
0.103703703703704	0.279871	32310.1777059778
0.104938271604938	0.28319	30129.55709551
0.106172839506173	0.286501	30202.3557837516
0.107407407407407	0.2897	31259.7686777112
0.108641975308642	0.292991	30385.9009419635
0.109876543209877	0.296014	33079.7221303341
0.111111111111111	0.299082	32594.5241199471
0.112345679012346	0.302231	31756.1130517629
0.11358024691358	0.305449	31075.2019888124
0.114814814814815	0.308889	29069.7674418605
0.116049382716049	0.3122	30202.3557837516
0.117283950617284	0.315542	29922.2022740878
0.118518518518519	0.318886	29904.3062200956
0.119753086419753	0.322163	30515.7155935309
0.120987654320988	0.325407	30826.1405672008
0.122222222222222	0.329291	25746.6529351184
0.123456790123457	0.332475	31407.0351758786
0.124691358024691	0.335961	28686.1732644866
0.125925925925926	0.339154	31318.5092389602
0.12716049382716	0.342367	31123.5605353261
0.128395061728395	0.346407	24752.4752475245
0.12962962962963	0.34937	33749.5781302728
0.130864197530864	0.352409	32905.5610398156
0.132098765432099	0.355699	30395.1367781164
0.133333333333333	0.359355	27352.2975929979
0.134567901234568	0.362479	32010.2432778488
0.135802469135802	0.365657	31466.3310258023
0.137037037037037	0.368736	32478.0772978234
0.138271604938272	0.372531	26350.4611330699
0.139506172839506	0.375789	30693.677102517
0.140740740740741	0.378709	34246.5753424654
0.141975308641975	0.38185	31836.9945877114
0.14320987654321	0.385684	26082.4204486176
0.144444444444444	0.388906	31036.6232153947
0.145679012345679	0.392125	31065.5483069268
0.146913580246914	0.395438	30184.1231512224
0.148148148148148	0.399466	24826.2164846082
0.149382716049383	0.402657	31338.1385145717
0.150617283950617	0.405934	30515.7155935309
0.151851851851852	0.409198	30637.2549019604
0.153086419753086	0.412489	30385.9009419635
0.154320987654321	0.416295	26274.3037309505
0.155555555555556	0.419657	29744.1998810234
0.15679012345679	0.422981	30084.2358604092
0.158024691358025	0.426193	31133.2503113326
0.159259259259259	0.429543	29850.746268657
0.160493827160494	0.432763	31055.900621118
0.161728395061728	0.435867	32216.4948453609
0.162962962962963	0.439035	31565.656565656
0.164197530864198	0.444554	18119.2244971917
0.165432098765432	0.448739	23894.8626045401
0.166666666666667	0.451734	33388.9816360592
0.167901234567901	0.454654	34246.5753424667
0.169135802469136	0.458038	29550.8274231674
0.17037037037037	0.460886	35112.3595505623
0.171604938271605	0.463653	36140.2240693897
0.172839506172839	0.466432	35984.1669665336
0.174074074074074	0.469316	34674.0638002774
0.175308641975309	0.473087	26518.1649429862
0.176543209876543	0.475802	36832.4125230199
0.177777777777778	0.478647	35149.3848857647
0.179012345679012	0.481278	38008.3618396056
0.180246913580247	0.484901	27601.435274634
0.181481481481481	0.487813	34340.659340659
0.182716049382716	0.490422	38328.8616328099
0.183950617283951	0.493388	33715.4416722856
0.185185185185185	0.496187	35727.0453733477
0.18641975308642	0.499162	33613.4453781518
0.187654320987654	0.502169	33255.736614565
0.188888888888889	0.505863	27070.9258256642
0.190123456790123	0.5087	35248.5019386665
0.191358024691358	0.511309	38328.8616328099
0.192592592592593	0.514065	36284.4702467347
0.193827160493827	0.517552	28677.9466590191
0.195061728395062	0.520372	35460.9929078009
0.196296296296296	0.523207	35273.3686067029
0.197530864197531	0.525969	36205.6480811001
0.198765432098765	0.52876	35829.4518093875
0.2	0.531353	38565.3682992679
0.201234567901235	0.534051	37064.4922164554
0.202469135802469	0.537015	33738.1916329289
0.203703703703704	0.539825	35587.1886120999
0.204938271604938	0.54266	35273.3686067015
0.206172839506173	0.545351	37160.9067261241
0.207407407407407	0.548164	35549.2356914318
0.208641975308642	0.551727	28066.2363177099
0.209876543209877	0.554405	37341.2994772224
0.211111111111111	0.557167	36205.6480811016
0.212345679012346	0.559872	36968.5767097957
0.21358024691358	0.563367	28612.3032904156
0.214814814814815	0.566169	35688.7937187713
0.216049382716049	0.569037	34867.5034867506
0.217283950617284	0.571655	38197.0970206263
0.218518518518519	0.574238	38714.6728610143
0.219753086419753	0.577022	35919.5402298849
0.220987654320988	0.579813	35829.4518093875
0.222222222222222	0.582363	39215.6862745107
0.223456790123457	0.585836	28793.5502447447
0.224691358024691	0.588538	37009.6225018507
0.225925925925926	0.591247	36913.9904023615
0.22716049382716	0.593935	37202.3809523822
0.228395061728395	0.596653	36791.7586460618
0.22962962962963	0.599376	36724.2012486239
0.230864197530864	0.602204	35360.6789250361
0.232098765432099	0.605752	28184.8928974061
0.233333333333333	0.608417	37523.4521575997
0.234567901234568	0.61122	35676.0613628241
0.235802469135802	0.613978	36258.1580855702
0.237037037037037	0.616807	35348.1795687526
0.238271604938272	0.620307	28571.428571429
0.239506172839506	0.622963	37650.6024096371
0.240740740740741	0.625836	34806.8221371387
0.241975308641975	0.628663	35373.187124161
0.24320987654321	0.63226	27800.9452321373
0.244444444444444	0.635057	35752.5920629254
0.245679012345679	0.63784	35932.4469996409
0.246913580246914	0.640539	37050.7595405705
0.248148148148148	0.643171	37993.9209726448
0.249382716049383	0.645866	37105.7513914641
0.250617283950617	0.649141	30534.3511450389
0.251851851851852	0.651879	36523.0094959807
0.253086419753086	0.654421	39339.1030684511
0.254320987654321	0.657136	36832.4125230215
0.255555555555556	0.660713	27956.3880346655
0.25679012345679	0.663262	39231.0710082382
0.258024691358025	0.665928	37509.3773443353
0.259259259259259	0.66884	34340.6593406603
0.260493827160494	0.671677	35248.5019386665
0.261728395061728	0.675235	28105.6773468245
0.262962962962963	0.678137	34458.9937973816
0.264197530864198	0.681272	31897.9266347688
0.265432098765432	0.684185	34328.8705801573
0.266666666666667	0.687033	35112.3595505623
0.267901234567901	0.689717	37257.8241430698
0.269135802469136	0.692315	38491.1470361818
0.27037037037037	0.695966	27389.756231169
0.271604938271605	0.698754	35868.0057388822
0.27283950617284	0.701517	36192.5443358673
0.274074074074074	0.704369	35063.1136044871
0.275308641975309	0.7071	36616.6239472715
0.276543209876543	0.710047	33932.8130301998
0.277777777777778	0.712842	35778.1753130606
0.279012345679012	0.71546	38197.0970206263
0.280246913580247	0.718989	28336.639274582
0.281481481481481	0.721989	33333.3333333333
0.282716049382716	0.7248	35574.5286374955
0.283950617283951	0.727467	37495.3130858631
0.285185185185185	0.730397	34129.6928327659
0.28641975308642	0.733148	36350.4180298066
0.287654320987654	0.736025	34758.428919014
0.288888888888889	0.738967	33990.4826648538
0.290123456790123	0.741643	37369.2077727935
0.291358024691358	0.74436	36805.2999631951
0.292592592592593	0.748092	26795.284030011
0.293827160493827	0.750858	36153.2899493848
0.295061728395062	0.753655	35752.5920629254
0.296296296296296	0.75638	36697.2477064208
0.297530864197531	0.759273	34566.1942620127
0.298765432098765	0.762725	28968.7137891077
0.3	0.765673	33921.3025780183
0.301234567901235	0.768474	35701.5351660129
0.302469135802469	0.771343	34855.3502962703
0.303703703703704	0.774049	36954.9150036957
0.304938271604938	0.776974	34188.0341880334
0.306172839506173	0.779477	39952.0575309641
0.307407407407407	0.782315	35236.0817477096
0.308641975308642	0.78498	37523.4521575981
0.309876543209877	0.788315	29985.0074962521
0.311111111111111	0.791233	34270.0479780661
0.312345679012346	0.794174	34002.0401224077
0.31358024691358	0.796911	36536.3536719037
0.314814814814815	0.79952	38328.8616328099
0.316049382716049	0.807841	12017.7863237591
0.317283950617284	0.810867	33046.9266358232
0.318518518518519	0.813405	39401.1032308898
0.319753086419753	0.816859	28951.9397799656
0.320987654320988	0.819352	40112.3144805461
0.322222222222222	0.822107	36297.6406533567
0.323456790123457	0.824986	34734.2827370619
0.324691358024691	0.827782	35765.3791130183
0.325925925925926	0.830543	36218.7613183627
0.327160493827161	0.833222	37327.3609555806
0.328395061728395	0.836232	33222.5913621267
0.32962962962963	0.839994	26581.6055289736
0.330864197530864	0.842726	36603.2210834559
0.332098765432099	0.845531	35650.6238859173
0.333333333333333	0.848424	34566.1942620113
0.334567901234568	0.851285	34952.8137015029
0.335802469135802	0.854686	29403.1167303735
0.337037037037037	0.85737	37257.8241430713
0.338271604938272	0.860264	34554.2501727705
0.339506172839506	0.863924	27322.4043715847
0.340740740740741	0.866643	36778.2272894443
0.341975308641975	0.869531	34626.0387811634
0.34320987654321	0.872513	33534.5405767949
0.344444444444444	0.87529	36010.0828231901
0.345679012345679	0.878148	34989.503149055
0.346913580246914	0.881047	34494.6533287342
0.348148148148148	0.884005	33806.6260987152
0.349382716049383	0.886949	33967.3913043484
0.350617283950617	0.889917	33692.722371968
0.351851851851852	0.892802	34662.0450606583
0.353086419753086	0.896418	27654.8672566367
0.354320987654321	0.899079	37579.8571965439
0.355555555555556	0.901829	36363.636363636
0.35679012345679	0.905385	28121.4848143982
0.358024691358025	0.908145	36231.8840579712
0.359259259259259	0.911144	33344.4481493834
0.360493827160494	0.91403	34650.034650034
0.361728395061728	0.916982	33875.3387533881
0.362962962962963	0.919741	36245.0163102565
0.364197530864198	0.922402	37579.8571965439
0.365432098765432	0.925241	35223.6703064455
0.366666666666667	0.927983	36469.7301239968
0.367901234567901	0.930826	35174.1118536752
0.369135802469136	0.934304	28752.156411731
0.37037037037037	0.937191	34638.0325597509
0.371604938271605	0.939934	36456.4345606993
0.37283950617284	0.942702	36127.1676300579
0.374074074074074	0.945467	36166.3652802891
0.375308641975309	0.948182	36832.4125230215
0.376543209876543	0.950937	36297.6406533567
0.377777777777778	0.953834	34518.4673800492
0.379012345679012	0.95632	40225.2614641979
0.380246913580247	0.957889	63734.8629700474
0.381481481481481	0.959471	63211.1251580289
0.382716049382716	0.961073	62421.9725343324
0.383950617283951	0.962865	55803.5714285709
0.385185185185185	0.964453	62972.2921914344
0.38641975308642	0.966109	60386.473429952
0.387654320987654	0.967767	60313.6308805772
0.388888888888889	0.969315	64599.4832041346
0.390123456790123	0.971024	58513.7507314232
0.391358024691358	0.972685	60204.6959662845
0.392592592592593	0.974371	59311.9810201673
0.393827160493827	0.975967	62656.6416040084
0.395061728395062	0.978336	42211.9037568602
0.396296296296296	0.979889	64391.5003219564
0.397530864197531	0.981373	67385.4447439335
0.398765432098765	0.982997	61576.3546798045
0.4	0.984636	61012.8126906671
0.401234567901235	0.98624	62344.1396508709
0.402469135802469	0.987867	61462.8149969252
0.403703703703704	0.989458	62853.5512256483
0.404938271604938	0.991072	61957.8686493183
0.406172839506173	0.992846	56369.7857948123
0.407407407407407	0.994398	64432.9896907217
0.408641975308642	0.996099	58788.9476778382
0.409876543209877	0.997826	57903.8795599294
0.411111111111111	0.99939	63938.6189258308
0.412345679012346	1.001	62111.8012422403
0.41358024691358	1.003472	40453.0744336565
0.414814814814815	1.005035	63979.5265515043
0.416049382716049	1.00665	61919.5046439573
0.417283950617284	1.00821	64102.5641025639
0.418518518518519	1.009959	57175.5288736421
0.419753086419753	1.011517	64184.8523748417
0.420987654320988	1.013121	62344.1396508752
0.422222222222222	1.014755	61199.5104039117
0.423456790123457	1.016315	64102.5641025639
0.424691358024691	1.017976	60204.6959662885
0.425925925925926	1.019437	68446.2696783056
0.42716049382716	1.021054	61842.9189857769
0.428395061728395	1.023383	42936.8827823095
0.42962962962963	1.025012	61387.3542050299
0.430864197530864	1.026744	57736.7205542777
0.432098765432099	1.028357	61996.2802231747
0.433333333333333	1.030092	57636.8876080751
0.434567901234568	1.031708	61881.1881188095
0.435802469135802	1.033318	62111.8012422403
0.437037037037037	1.035071	57045.0656018217
0.438271604938272	1.036731	60240.9638554219
0.439506172839506	1.038342	62073.2464307872
0.440740740740741	1.040006	60096.1538461579
0.441975308641975	1.041729	58038.305281481
0.44320987654321	1.043316	63011.9722747408
0.444444444444444	1.045067	57110.2227298667
0.445679012345679	1.046892	54794.5205479396
0.446913580246914	1.04838	67204.3010752718
0.448148148148148	1.05079	41493.7759336096
0.449382716049383	1.052416	61500.6150061536
0.450617283950617	1.054062	60753.3414337775
0.451851851851852	1.055718	60386.473429948
0.453086419753086	1.057315	62617.4076393297
0.454320987654321	1.058924	62150.4039776184
0.455555555555556	1.060472	64599.4832041393
0.45679012345679	1.062009	65061.8087182772
0.458024691358025	1.063437	70028.0112044934
0.459259259259259	1.065075	61050.06105006
0.460493827160494	1.066548	67888.6625933443
0.461728395061728	1.068161	61996.2802231918
0.462962962962963	1.070404	44583.1475702186
0.464197530864198	1.071999	62695.9247648898
0.465432098765432	1.073539	64935.0649350609
0.466666666666667	1.075238	58858.1518540277
0.467901234567901	1.076983	57306.5902578834
0.469135802469136	1.078494	66181.3368630029
0.47037037037037	1.080162	59952.0383693045
0.471604938271605	1.081916	57012.542759406
0.472839506172839	1.083479	63979.5265515043
0.474074074074074	1.085089	62111.8012422403
0.475308641975309	1.086831	57405.2812858739
0.476543209876543	1.08909	44267.3749446656
0.477777777777778	1.090765	59701.4925373101
0.479012345679012	1.092338	63572.7908455252
0.480246913580247	1.094054	58275.0582750566
0.481481481481481	1.095792	57537.399309558
0.482716049382716	1.097417	61538.4615384536
0.483950617283951	1.099011	62735.2572145596
0.485185185185185	1.100527	65963.0606860127
0.48641975308642	1.102106	63331.2222925904
0.487654320987654	1.103679	63572.7908455162
0.488888888888889	1.105202	65659.8818122153
0.490123456790123	1.106833	61312.0784794628
0.491358024691358	1.108368	65146.5798045575
0.492592592592593	1.109991	61614.2945163304
0.493827160493827	1.111464	67888.6625933443
0.495061728395062	1.113919	40733.1975560066
0.496296296296296	1.115476	64226.0757867682
0.497530864197531	1.117101	61538.4615384704
0.498765432098765	1.118857	56947.6082004526
0.5	1.120555	58892.8150765614
0.501234567901235	1.122241	59311.9810201634
0.502469135802469	1.123988	57240.984544936
0.503703703703704	1.125486	66755.6742323098
0.504938271604938	1.127109	61614.2945163304
0.506172839506173	1.128826	58241.1182294635
0.507407407407407	1.131125	43497.1726837788
0.508641975308642	1.132815	59171.5976331372
0.509876543209877	1.134462	60716.4541590706
0.511111111111111	1.136037	63492.0634920682
0.512345679012346	1.137731	59031.8772136925
0.51358024691358	1.139306	63492.0634920682
0.514814814814815	1.140965	60277.2754671461
0.516049382716049	1.142734	56529.1124929368
0.517283950617284	1.144332	62578.2227784736
0.518518518518518	1.146188	53879.3103448253
0.519753086419753	1.147997	55279.1597567665
0.520987654320988	1.14954	64808.8139987101
0.522222222222222	1.151138	62578.2227784736
0.523456790123457	1.152805	59988.002399517
0.524691358024691	1.154315	66225.1655629183
0.525925925925926	1.156107	55803.5714285709
0.52716049382716	1.157824	58241.1182294635
0.528395061728395	1.159729	52493.4383202148
0.52962962962963	1.161315	63051.7023959612
0.530864197530864	1.163034	58173.3566026751
0.532098765432099	1.164724	59171.5976331372
0.533333333333333	1.166407	59417.7064765343
0.534567901234568	1.168075	59952.0383693045
0.535802469135802	1.169877	55493.8956714736
0.537037037037037	1.171513	61124.6943765292
0.538271604938272	1.173958	40899.795501022
0.539506172839506	1.175437	67613.2521974303
0.540740740740741	1.177065	61425.0614250628
0.541975308641975	1.178751	59311.9810201634
0.54320987654321	1.180192	69396.2526023689
0.544444444444444	1.181905	58377.1161704586
0.545679012345679	1.183487	63211.1251580289
0.546913580246914	1.185062	63492.0634920593
0.548148148148148	1.187413	42535.0914504468
0.549382716049383	1.188996	63171.1939355698
0.550617283950617	1.190554	64184.8523748325
0.551851851851852	1.192179	61538.4615384704
0.553086419753086	1.1938	61690.314620601
0.554320987654321	1.19537	63694.2675159207
0.555555555555556	1.197035	60060.0600600591
0.55679012345679	1.198723	59241.7061611405
0.558024691358025	1.200414	59136.6055588449
0.559259259259259	1.202117	58719.90604815
0.560493827160494	1.203936	54975.2611324832
0.561728395061728	1.205464	65445.0261780116
0.562962962962963	1.20716	58962.2641509462
0.564197530864198	1.209505	42643.9232409374
0.565432098765432	1.211176	59844.4045481755
0.566666666666667	1.212954	56242.9696287946
0.567901234567901	1.214653	58858.1518540354
0.569135802469136	1.216184	65316.7864141011
0.57037037037037	1.217805	61690.3146206094
0.571604938271605	1.219254	69013.1124913718
0.57283950617284	1.220901	60716.4541590788
0.574074074074074	1.222315	70721.3578500694
0.575308641975309	1.223974	60277.2754671461
0.576543209876543	1.225526	64432.989690731
0.577777777777778	1.227827	43459.3654932618
0.579012345679012	1.229438	62073.2464307872
0.580246913580247	1.231113	59701.4925373101
0.581481481481481	1.232837	58004.6403712352
0.582716049382716	1.23436	65659.8818122057
0.583950617283951	1.236149	55897.1492453872
0.585185185185185	1.237766	61842.9189857769
0.58641975308642	1.239424	60313.6308805813
0.587654320987654	1.241035	62073.2464307872
0.588888888888889	1.242916	53163.2110579473
0.590123456790123	1.244432	65963.0606860223
0.591358024691358	1.246038	62266.5006226651
0.592592592592593	1.24845	41459.3698175774
0.593827160493827	1.250206	56947.6082004598
0.595061728395062	1.251855	60642.8138265611
0.596296296296296	1.253679	54824.5614035073
0.597530864197531	1.255268	62932.6620516023
0.598765432098765	1.25704	56433.4085778818
0.6	1.258669	61387.3542050299
0.601234567901235	1.260088	70472.1634954164
0.602469135802469	1.261609	65746.2195923785
0.603703703703704	1.263188	63331.2222925904
0.604938271604938	1.264837	60642.8138265611
0.606172839506173	1.266315	67658.9986468159
0.607407407407407	1.268039	58004.6403712352
0.608641975308642	1.269732	59066.7454223214
0.609876543209876	1.271956	44964.0287769783
0.611111111111111	1.273715	56850.4832291053
0.612345679012346	1.275354	61012.8126906671
0.61358024691358	1.277096	57405.2812858813
0.614814814814815	1.278721	61538.461538462
0.616049382716049	1.280265	64766.8393782388
0.617283950617284	1.281989	58004.6403712277
0.618518518518518	1.283667	59594.7556615072
0.619753086419753	1.293454	10217.6356391129
0.620987654320988	1.295188	57670.1268742824
0.622222222222222	1.296859	59844.4045481755
0.623456790123457	1.298515	60386.473429948
0.624691358024691	1.300129	61957.8686493183
0.625925925925926	1.301897	56561.0859728509
0.627160493827161	1.304315	41356.4929693995
0.628395061728395	1.305881	63856.9604086773
0.62962962962963	1.307417	65104.1666666674
0.630864197530864	1.30891	66979.2364367061
0.632098765432099	1.310468	64184.8523748325
0.633333333333333	1.312089	61690.3146206094
0.634567901234568	1.313719	61349.693251533
0.635802469135803	1.315204	67340.0673400692
0.637037037037037	1.316949	57306.5902578761
0.638271604938272	1.318544	62695.9247648898
0.639506172839506	1.320167	61614.2945163304
0.640740740740741	1.322291	47080.9792843737
0.641975308641975	1.323998	58582.3081429365
0.64320987654321	1.325545	64641.2411118308
0.644444444444444	1.327266	58105.7524694917
0.645679012345679	1.328959	59066.7454223292
0.646913580246914	1.330437	67658.9986468261
0.648148148148148	1.332808	42176.2969211281
0.649382716049383	1.334524	58275.0582750566
0.650617283950617	1.336136	62034.7394540963
0.651851851851852	1.337702	63856.9604086773
0.653086419753086	1.339224	65703.0223390266
0.654320987654321	1.340948	58004.6403712352
0.655555555555556	1.342532	63131.3131313119
0.65679012345679	1.34421	59594.7556615072
0.658024691358025	1.346026	55066.0792951462
0.659259259259259	1.347656	61349.693251533
0.660493827160494	1.34996	43402.7777777804
0.661728395061728	1.351707	57240.984544936
0.662962962962963	1.353356	60642.8138265611
0.664197530864198	1.355048	59101.6548463348
0.665432098765432	1.356887	54377.3790103339
0.666666666666667	1.358386	66711.1407605107
0.667901234567901	1.360115	57836.89994216
0.669135802469136	1.361791	59665.871121718
0.67037037037037	1.363465	59737.1565113438
0.671604938271605	1.365125	60240.9638554299
0.672839506172839	1.36667	64724.9190938457
0.674074074074074	1.368212	64850.8430609626
0.675308641975309	1.369985	56401.5792442181
0.676543209876543	1.371926	51519.8351365283
0.677777777777778	1.373513	63011.972274732
0.679012345679012	1.375128	61919.5046439573
0.680246913580247	1.377367	44662.7958910252
0.681481481481481	1.379105	57537.3993095506
0.682716049382716	1.38086	56980.0569800586
0.683950617283951	1.382359	66711.1407605008
0.685185185185185	1.384055	58962.2641509462
0.68641975308642	1.385723	59952.0383693045
0.687654320987654	1.38726	65061.8087182866
0.688888888888889	1.389029	56529.1124929297
0.690123456790123	1.39078	57110.222729874
0.691358024691358	1.392452	59808.6124401872
0.692592592592593	1.39403	63371.3561470273
0.693827160493827	1.39556	65359.4771241722
0.695061728395062	1.397281	58105.7524694992
0.696296296296296	1.399043	56753.688989783
0.697530864197531	1.400624	63251.1068943685
0.698765432098765	1.402235	62073.2464307872
0.7	1.403961	57937.4275782191
0.701234567901235	1.405651	59171.5976331372
0.702469135802469	1.407937	43744.5319335081
0.703703703703704	1.409556	61766.5225447793
0.704938271604938	1.411214	60313.6308805732
0.706172839506173	1.412939	57971.0144927544
0.707407407407407	1.414706	56593.0956423364
0.708641975308642	1.416343	61087.3549175362
0.709876543209877	1.418102	56850.4832291053
0.711111111111111	1.419686	63131.3131313119
0.712345679012346	1.421316	61349.693251533
0.71358024691358	1.423244	51867.2199170143
0.714814814814815	1.424917	59772.8631201422
0.716049382716049	1.42653	61996.2802231833
0.717283950617284	1.428276	57273.7686139813
0.718518518518519	1.430003	57903.8795599219
0.719753086419753	1.431795	55803.5714285709
0.720987654320988	1.433392	62617.4076393297
0.722222222222222	1.435123	57770.0751011001
0.723456790123457	1.436774	60569.3519079321
0.724691358024691	1.438284	66225.1655629183
0.725925925925926	1.440043	56850.4832290981
0.727160493827161	1.441713	59880.2395209639
0.728395061728395	1.443343	61349.693251533
0.72962962962963	1.445101	56882.821387936
0.730864197530864	1.446795	59031.8772137002
0.732098765432099	1.448423	61425.0614250628
0.733333333333333	1.450779	42444.8217317483
0.734567901234568	1.452315	65104.1666666674
0.735802469135802	1.45415	54495.9128065386
0.737037037037037	1.455992	54288.8165037966
0.738271604938272	1.457714	58072.0092915214
0.739506172839506	1.459418	58685.4460093998
0.740740740740741	1.461028	62111.8012422317
0.741975308641975	1.462794	56625.1415628489
0.74320987654321	1.464285	67069.0811535923
0.744444444444444	1.465962	59630.2921884343
0.745679012345679	1.467531	63734.8629700384
0.746913580246914	1.469175	60827.2506082815
0.748148148148148	1.470908	57703.4045008587
0.749382716049383	1.47249	63211.1251580289
0.750617283950617	1.474134	60827.2506082733
0.751851851851852	1.475895	56785.9170925642
0.753086419753086	1.477437	64850.8430609533
0.754320987654321	1.479038	62460.9618988147
0.755555555555556	1.480788	57142.8571428598
0.75679012345679	1.482489	58788.9476778305
0.758024691358025	1.484176	59276.8227623002
0.759259259259259	1.485795	61766.5225447878
0.760493827160494	1.487444	60642.8138265611
0.761728395061728	1.489185	57438.2538770824
0.762962962962963	1.490981	55679.2873051184
0.764197530864198	1.492804	54854.6352166786
0.765432098765432	1.494446	60901.3398294792
0.766666666666667	1.496057	62073.2464307872
0.767901234567901	1.497772	58309.0379008777
0.769135802469136	1.499398	61500.6150061452
0.77037037037037	1.501048	60606.0606060632
0.771604938271605	1.502806	56882.821387936
0.772839506172839	1.50461	55432.3725055458
0.774074074074074	1.506145	65146.5798045575
0.775308641975309	1.507875	57803.4682080922
0.776543209876543	1.509482	62227.7535780992
0.777777777777778	1.511035	64391.5003219518
0.779012345679012	1.512747	58411.2149532732
0.780246913580247	1.514443	58962.2641509462
0.781481481481481	1.516012	63734.8629700474
0.782716049382716	1.517742	57803.4682080848
0.783950617283951	1.519377	61162.0795107097
0.785185185185185	1.521046	59916.1174355851
0.78641975308642	1.522548	66577.8961384868
0.787654320987654	1.524228	59523.8095238129
0.788888888888889	1.525918	59171.5976331372
0.790123456790123	1.527721	55463.1170271701
0.791358024691358	1.52944	58173.3566026751
0.792592592592593	1.531074	61199.51040392
0.793827160493827	1.532902	54704.5951859974
0.795061728395062	1.534562	60240.9638554219
0.796296296296296	1.536283	58105.7524694917
0.797530864197531	1.538	58241.1182294711
0.798765432098765	1.539492	67024.1286863249
0.8	1.541111	61766.5225447878
0.801234567901235	1.543373	44208.6648983203
0.802469135802469	1.545003	61349.693251533
0.803703703703704	1.546738	57636.8876080678
0.804938271604938	1.548251	66093.8532716415
0.806172839506173	1.549926	59701.4925373101
0.807407407407407	1.551346	70422.5352112688
0.808641975308642	1.552943	62617.4076393297
0.809876543209877	1.554438	66889.6321070223
0.811111111111111	1.556086	60679.611650482
0.812345679012346	1.557521	69686.4111498329
0.81358024691358	1.559836	43196.5442764566
0.814814814814815	1.561438	62421.9725343367
0.816049382716049	1.563106	59952.0383693045
0.817283950617284	1.564792	59311.9810201634
0.818518518518519	1.566317	65573.7704918033
0.819753086419753	1.567991	59737.1565113438
0.820987654320988	1.569437	69156.2932226911
0.822222222222222	1.571868	41135.3352529811
0.823456790123457	1.573767	52659.2943654529
0.824691358024691	1.575282	66006.6006600689
0.825925925925926	1.577026	57339.4495412855
0.827160493827161	1.578664	61050.06105006
0.828395061728395	1.580315	60569.3519079321
0.82962962962963	1.582044	57836.8999421675
0.830864197530864	1.583835	55834.7292015603
0.832098765432099	1.58531	67796.6101694964
0.833333333333333	1.586986	59665.871121718
0.834567901234568	1.588441	68728.5223367705
0.835802469135802	1.590126	59347.1810088965
0.837037037037037	1.591676	64516.1290322605
0.838271604938272	1.593984	43327.5563258237
0.839506172839506	1.595703	58173.3566026751
0.840740740740741	1.597315	62034.7394540963
0.841975308641975	1.599012	58927.5191514417
0.84320987654321	1.600437	70175.4385965017
0.844444444444444	1.602147	58479.5321637393
0.845679012345679	1.603859	58411.2149532732
0.846913580246914	1.605507	60679.611650482
0.848148148148148	1.607161	60459.4921402644
0.849382716049383	1.608972	55218.1115405851
0.850617283950617	1.61078	55309.7345132734
0.851851851851852	1.612264	67385.4447439335
0.853086419753086	1.614036	56433.4085778818
0.854320987654321	1.615668	61274.509803927
0.855555555555556	1.61802	42517.0068027187
0.85679012345679	1.619491	67980.9653297077
0.858024691358025	1.621207	58275.0582750566
0.859259259259259	1.622857	60606.0606060632
0.860493827160494	1.624361	66489.3617021299
0.861728395061728	1.62587	66269.0523525521
0.862962962962963	1.627463	62774.6390458185
0.864197530864197	1.629821	42408.8210347777
0.865432098765432	1.631305	67385.4447439335
0.866666666666667	1.632999	59031.8772136925
0.867901234567901	1.634761	56753.688989783
0.869135802469136	1.636245	67385.4447439435
0.87037037037037	1.637895	60606.0606060632
0.871604938271605	1.639396	66622.2518321032
0.872839506172839	1.641023	61462.8149969252
0.874074074074074	1.642512	67159.1672263331
0.875308641975309	1.64489	42052.1446593778
0.876543209876543	1.646358	68119.8910081732
0.877777777777778	1.647991	61236.9871402329
0.879012345679012	1.649767	56306.3063063063
0.880246913580247	1.651487	58139.5348837228
0.881481481481482	1.653144	60350.0301750144
0.882716049382716	1.654725	63251.1068943685
0.883950617283951	1.656302	63411.5409004463
0.885185185185185	1.658017	58309.0379008701
0.88641975308642	1.660471	40749.7962510195
0.887654320987654	1.66203	64143.6818473344
0.888888888888889	1.663623	62774.6390458272
0.890123456790124	1.665135	66137.566137568
0.891358024691358	1.666821	59311.9810201634
0.892592592592593	1.668409	62972.2921914388
0.893827160493827	1.670068	60277.2754671461
0.895061728395062	1.67168	62034.7394540963
0.896296296296296	1.673263	63171.1939355698
0.897530864197531	1.674905	60901.3398294709
0.898765432098765	1.676414	66269.0523525521
0.9	1.678059	60790.2735562348
0.901234567901235	1.679809	57142.8571428526
0.902469135802469	1.681434	61538.461538462
0.903703703703704	1.683053	61766.5225447793
0.904938271604938	1.684848	55710.3064066855
0.906172839506173	1.686563	58309.0379008777
0.907407407407407	1.688423	53763.4408602158
0.908641975308642	1.690098	59701.492537318
0.909876543209877	1.691822	58004.6403712277
0.911111111111111	1.69353	58548.00936768
0.912345679012346	1.69519	60240.9638554219
0.91358024691358	1.69682	61349.693251533
0.914814814814815	1.699221	41649.3127863373
0.916049382716049	1.700652	69881.2019566756
0.917283950617284	1.702274	61652.2811344015
0.918518518518519	1.703859	63091.4826498444
0.919753086419753	1.705415	64267.3521850945
0.920987654320988	1.706938	65659.8818122057
0.922222222222222	1.709099	46274.8727440982
0.923456790123457	1.710562	68352.699931658
0.924691358024691	1.712131	63734.8629700384
0.925925925925926	1.713707	63451.7766497453
0.92716049382716	1.715228	65746.2195923785
0.928395061728395	1.71687	60901.3398294709
0.92962962962963	1.71852	60606.0606060632
0.930864197530864	1.720213	59066.7454223292
0.932098765432099	1.721786	63572.7908455162
0.933333333333333	1.72417	41946.3087248332
0.934567901234568	1.725562	71839.080459767
0.935802469135802	1.727438	53304.904051173
0.937037037037037	1.729187	57175.5288736421
0.938271604938272	1.730884	58927.5191514417
0.939506172839506	1.732451	63816.2093171717
0.940740740740741	1.73416	58513.7507314156
0.941975308641975	1.735893	57703.4045008735
0.94320987654321	1.737437	64766.8393782388
0.944444444444444	1.739132	58997.0501474848
0.945679012345679	1.741494	42337.0025402246
0.946913580246914	1.743185	59136.6055588371
0.948148148148148	1.744778	62774.6390458272
0.949382716049383	1.746412	61199.5104039117
0.950617283950617	1.748004	62814.0703517661
0.951851851851852	1.749652	60679.611650482
0.953086419753086	1.751201	64557.7792123942
0.954320987654321	1.75292	58173.3566026751
0.955555555555556	1.754513	62774.6390458272
0.95679012345679	1.756095	63211.1251580289
0.958024691358025	1.7575	71174.3772241942
0.959259259259259	1.759021	65746.2195923785
0.960493827160494	1.76125	44863.1673396134
0.961728395061728	1.762919	59916.1174355851
0.962962962962963	1.764451	65274.151436037
0.964197530864198	1.766208	56915.1963574272
0.965432098765432	1.767974	56625.141562856
0.966666666666667	1.769673	58858.1518540277
0.967901234567901	1.771483	55248.6187845344
0.969135802469136	1.773157	59737.1565113438
0.97037037037037	1.774967	55248.6187845344
0.971604938271605	1.776546	63331.2222925904
0.97283950617284	1.778191	60790.2735562266
0.974074074074074	1.779841	60606.0606060632
0.975308641975309	1.78163	55897.1492453872
0.976543209876543	1.783315	59347.1810089043
0.977777777777778	1.785073	56882.821387936
0.979012345679012	1.786857	56053.8116591996
0.980246913580247	1.788557	58823.5294117635
0.981481481481482	1.79029	57703.4045008661
0.982716049382716	1.791956	60024.0096038355
0.983950617283951	1.793728	56433.4085778818
0.985185185185185	1.795239	66181.3368630029
0.98641975308642	1.796861	61652.2811344015
0.987654320987654	1.798551	59171.5976331372
0.988888888888889	1.800106	64308.6816720268
0.990123456790123	1.801792	59311.9810201634
0.991358024691358	1.803437	60790.2735562348
0.992592592592593	1.805101	60096.1538461499
0.993827160493827	1.806891	55865.9217877108
0.995061728395062	1.808562	59844.4045481755
0.996296296296296	1.810477	52219.321148822
0.997530864197531	1.812222	57306.5902578834
0.998765432098765	1.813991	56529.1124929297