#% Complete	time_depth_infty	rate_depth_infty0.0	0.0	0.0
0.00246913580246914	0.308637	32400.5222964194
0.00493827160493827	0.644875	29740.838334751
0.00740740740740741	0.946379	33167.0558267884
0.00987654320987654	1.10017	65023.3108569422
0.0123456790123457	1.261643	61929.8582425545
0.0148148148148148	1.422309	62240.9221615028
0.0172839506172839	1.577587	64400.6233980345
0.0197530864197531	1.731359	65031.3451083422
0.0222222222222222	1.901258	58858.4982842748
0.0246913580246914	2.079606	56070.1549779083
0.0271604938271605	2.228747	67050.6433509231
0.0296296296296296	2.371094	70250.8658419215
0.0320987654320988	2.510841	71557.8867524883
0.0345679012345679	2.646446	73743.5935253125
0.037037037037037	2.796807	66506.6074314484
0.0395061728395062	2.938805	70423.5270919308
0.0419753086419753	3.095833	63682.9100542579
0.0444444444444444	3.25142	64272.72201405
0.0469135802469136	3.397329	68535.8682466468
0.0493827160493827	3.563011	60356.5867143082
0.0518518518518519	3.724824	61799.731789164
0.054320987654321	3.886131	61993.5898628082
0.0567901234567901	4.048269	61675.8563692655
0.0592592592592593	4.19521	68054.5252856589
0.0617283950617284	4.401765	48413.2555493695
0.0641975308641975	4.565532	61062.362991323
0.0666666666666667	4.732105	60033.7389612964
0.0691358024691358	4.872417	71269.7417184557
0.0716049382716049	5.014784	70240.9968602278
0.0740740740740741	5.179534	60698.0273141121
0.0765432098765432	5.339363	62566.8683405392
0.0790123456790123	5.478706	71765.3559920483
0.0814814814814815	5.615298	73210.7297645542
0.0839506172839506	5.751736	73293.3640188217
0.0864197530864197	5.891114	71747.3345865202
0.0888888888888889	6.033668	70148.8558721609
0.091358024691358	6.171921	72331.1609874647
0.0938271604938272	6.305023	75130.3511592613
0.0962962962962963	6.442462	72759.5515101247
0.0987654320987654	6.580774	72300.3065532998
0.101234567901235	6.71298	75639.5322451326
0.103703703703704	6.848029	74047.1976838034
0.106172839506173	6.984811	73109.0348145228
0.108641975308642	7.118092	75029.4490587554
0.111111111111111	7.382166	37868.1733150556
0.11358024691358	7.541378	62809.3359797
0.116049382716049	7.701783	62342.1963155762
0.118518518518519	7.862303	62297.5330176925
0.120987654320988	8.022321	62492.9695409266
0.123456790123457	8.181294	62903.7635321723
0.125925925925926	8.341536	62405.6115125871
0.128395061728395	8.501044	62692.7802994205
0.130864197530864	8.660236	62817.2269963318
0.133333333333333	8.823023	61429.9667663881
0.135802469135802	8.982998	62509.7671511169
0.138271604938272	9.141337	63155.6344299258
0.140740740740741	9.301396	62476.9616204023
0.14320987654321	9.463081	61848.6563379409
0.145679012345679	9.626857	61059.0074247758
0.148148148148148	9.816666	52684.5407752002
0.150617283950617	9.99263	56829.8060967015
0.153086419753086	10.178216	53883.3748235317
0.155555555555556	10.360766	54779.5124623394
0.158024691358025	10.54275	54949.8857042378
0.160493827160494	10.73084	53166.0375352223
0.162962962962963	10.906894	56800.7543140177
0.165432098765432	11.069997	61310.9507489128
0.167901234567901	11.231725	61832.2121092204
0.17037037037037	11.39618	60806.9076647113
0.172839506172839	11.557946	61817.6872766836
0.175308641975309	11.718453	62302.5787037322
0.177777777777778	11.879743	62000.1240002483
0.180246913580247	12.041312	61893.0611689123
0.182716049382716	12.201812	62305.2959501555
0.185185185185185	12.362278	62318.4973763914
0.187654320987654	12.523544	62009.3510101325
0.190123456790123	12.68462	62082.4952196474
0.192592592592593	12.845132	62300.6379585331
0.195061728395062	13.005934	62188.281240283
0.197530864197531	13.166471	62290.9360458961
0.2	13.331139	60728.2532125243
0.202469135802469	13.497685	60043.4714733466
0.204938271604938	13.661329	61108.2593923396
0.207407407407407	14.094209	23101.0903714656
0.209876543209877	14.261674	59713.970083301
0.212345679012346	14.429978	59416.2943245553
0.214814814814815	14.592623	61483.5992499003
0.217283950617284	14.757538	60637.2980020008
0.219753086419753	14.91106	65137.2441734733
0.222222222222222	15.075802	60700.9748576567
0.224691358024691	15.243171	59748.2209967196
0.22716049382716	15.409665	60062.2244645452
0.22962962962963	15.565623	64119.827132946
0.232098765432099	15.709059	69717.5046710731
0.234567901234568	15.846076	72983.6443652976
0.237037037037037	15.979677	74849.7391486588
0.239506172839506	16.136853	63622.944978878
0.241975308641975	16.302468	60381.0041360979
0.244444444444444	16.501782	50172.0902696254
0.246913580246914	16.776427	36410.6391887705
0.249382716049383	16.994353	45887.136000294
0.251851851851852	17.156462	61686.8896853348
0.254320987654321	17.317484	62103.315074959
0.25679012345679	17.542597	44422.1346612589
0.259259259259259	17.815824	36599.603992285
0.261728395061728	17.999593	54416.1420043637
0.264197530864198	18.139297	71579.9118135495
0.266666666666667	18.287903	67292.0339690183
0.269135802469136	18.439325	66040.6017619632
0.271604938271605	18.6017	61585.8352578904
0.274074074074074	18.768043	60116.7467221352
0.276543209876543	18.933902	60292.1758843351
0.279012345679012	19.089353	64328.9525316662
0.281481481481481	19.250869	61913.3708115595
0.283950617283951	19.41655	60356.9510082631
0.28641975308642	19.581765	60527.1918409346
0.288888888888889	19.744052	61619.2301293391
0.291358024691358	19.912975	59198.5697625547
0.293827160493827	20.200299	34803.9147443302
0.296296296296296	20.432426	43079.8657631386
0.298765432098765	20.590925	63091.8807058723
0.301234567901235	20.748004	63662.2336531287
0.303703703703704	20.902738	64627.037367354
0.306172839506173	21.057043	64806.7139755675
0.308641975308642	21.208808	65891.3451718112
0.311111111111111	21.365223	63932.4872934185
0.31358024691358	21.533212	59527.7071713034
0.316049382716049	21.696267	61328.9994173745
0.318518518518519	21.856176	62535.5671037893
0.320987654320988	22.015121	62914.8447576209
0.323456790123457	22.17958	60805.4287086748
0.325925925925926	22.338426	62954.0561298377
0.328395061728395	22.497854	62724.2391549783
0.330864197530864	22.658621	62201.820025254
0.333333333333333	22.819833	62030.1218271596
0.335802469135802	22.982009	61661.4048934482
0.338271604938272	23.139197	63618.0878947511
0.340740740740741	23.297968	62983.7942697338
0.34320987654321	23.459072	62071.7052338869
0.345679012345679	23.626082	59876.6540925689
0.348148148148148	23.792193	60200.7091643537
0.350617283950617	23.999752	48179.0719747157
0.353086419753086	24.289095	34561.0572918648
0.355555555555556	24.498457	47764.159685139
0.358024691358025	24.657245	62977.0511625559
0.360493827160494	24.818958	61837.9474748478
0.362962962962963	24.982013	61328.9994173745
0.365432098765432	25.148725	59983.6844378328
0.367901234567901	25.313451	60706.8708036369
0.37037037037037	25.473221	62589.9730863123
0.37283950617284	25.631853	63038.9833072769
0.375308641975309	25.790718	62946.5269253774
0.377777777777778	25.954884	60913.9529500622
0.380246913580247	26.115581	62228.915287778
0.382716049382716	26.274185	63050.1122291996
0.385185185185185	26.436318	61677.758383549
0.387654320987654	26.594637	63163.6127059928
0.390123456790123	26.7557	62087.5061311404
0.392592592592593	26.916422	62219.2356989087
0.395061728395062	27.082261	60299.4470540711
0.397530864197531	27.24228	62492.5790062423
0.4	27.403847	61893.8273286013
0.402469135802469	28.163426	13165.1875578445
0.404938271604938	28.323874	62325.4886318313
0.407407407407407	28.486122	61634.0417139188
0.409876543209877	28.647301	62042.821955715
0.412345679012346	28.807721	62336.3670365283
0.414814814814815	28.963936	64014.3392119837
0.417283950617284	29.11424	66531.8288269115
0.419753086419753	29.271734	63494.4823294856
0.422222222222222	29.431175	62719.1249427684
0.424691358024691	29.573051	70484.0846936762
0.42716049382716	29.713436	71232.6815542961
0.42962962962963	29.851772	72287.7631274584
0.432098765432099	30.00312	66072.8916140292
0.434567901234568	30.1648	61850.5690252348
0.437037037037037	30.327197	61577.4921950534
0.439506172839506	30.488285	62077.8704807299
0.441975308641975	30.637622	66962.6415422839
0.444444444444444	30.77974	70364.0636654048
0.446913580246914	30.937892	63230.3100814402
0.449382716049383	31.098284	62347.2492393643
0.451851851851852	31.252411	64881.558714567
0.454320987654321	31.405874	65162.2866749631
0.45679012345679	31.562422	63878.1715512172
0.459259259259259	31.718787	63952.9306430478
0.461728395061728	31.861267	70185.2891633901
0.464197530864198	32.018246	63702.7882710442
0.466666666666667	32.179848	61880.4222720008
0.469135802469136	32.336277	63926.765497445
0.471604938271605	32.496553	62392.3731563069
0.474074074074074	32.647156	66399.7397130186
0.476543209876543	32.800471	65225.1899683661
0.479012345679012	32.958122	63431.250039644
0.481481481481481	33.117962	62562.5625625643
0.483950617283951	33.275604	63434.8714175145
0.48641975308642	33.433652	63271.9173921843
0.488888888888889	33.592188	63077.1559771921
0.491358024691358	33.749879	63415.1600281564
0.493827160493827	33.908041	63226.3122621121
0.496296296296296	34.068257	62415.7387526817
0.498765432098765	34.210776	70166.083118742
0.501234567901235	34.351686	70967.2840820391
0.503703703703704	34.495232	69664.0798071695
0.506172839506173	34.653977	62994.1100507118
0.508641975308642	34.809947	64114.8938898492
0.511111111111111	34.955361	68769.1694059708
0.51358024691358	35.090739	73867.2457858759
0.516049382716049	35.229637	71995.2771098229
0.518518518518518	35.388423	62977.8443943396
0.520987654320988	35.545772	63552.993663768
0.523456790123457	35.703024	63592.1959657112
0.525925925925926	35.857233	64847.0582132035
0.528395061728395	36.017121	62543.7806464516
0.530864197530864	36.177009	62543.7806464544
0.533333333333333	36.334575	63465.4684386214
0.535802469135802	36.493094	63083.9205394944
0.538271604938272	36.639021	68527.4143921274
0.540740740740741	36.776997	72476.372702498
0.54320987654321	36.908829	75854.1173614928
0.545679012345679	37.040785	75782.8367031421
0.548148148148148	37.180874	71383.1921135833
0.550617283950617	37.338237	63547.3395906294
0.553086419753086	37.497896	62633.487620492
0.555555555555556	37.647451	66865.032931029
0.558024691358025	37.791921	69218.5228767192
0.560493827160494	37.947968	64083.2569674517
0.562962962962963	38.085477	72722.5127082621
0.565432098765432	38.219125	74823.4167365014
0.567901234567901	38.376978	63350.078870847
0.57037037037037	38.533113	64047.1386940792
0.57283950617284	38.690056	63717.4005849264
0.575308641975309	38.848953	62933.850230022
0.577777777777778	38.998753	66755.6742323102
0.580246913580247	39.13939	71105.043480735
0.582716049382716	39.290974	65970.0232214483
0.585185185185185	39.446667	64228.9634087598
0.587654320987654	39.602658	64106.2625407875
0.590123456790123	39.749004	68331.2150656657
0.592592592592593	39.90696	63308.7695307559
0.595061728395062	40.055216	67450.8957478939
0.597530864197531	40.199814	69157.2497544908
0.6	40.35685	63679.6658091147
0.602469135802469	40.512218	64363.3180577743
0.604938271604938	40.660186	67582.1799307932
0.607407407407407	40.806746	68231.4410480378
0.609876543209876	40.968248	61918.7378484455
0.612345679012346	41.125431	63620.1115896772
0.614814814814815	41.276096	66372.415624065
0.617283950617284	41.436049	62518.3647696532
0.619753086419753	41.594385	63156.8310428434
0.622222222222222	41.752242	63348.4736185282
0.624691358024691	41.910627	63137.2920415461
0.627160493827161	42.070395	62590.7565970659
0.62962962962963	42.228683	63175.9830182962
0.632098765432099	42.385639	63712.1231427912
0.634567901234568	42.530362	69097.5173262029
0.637037037037037	42.672813	70199.5773985435
0.639506172839506	42.826157	65212.8547579281
0.641975308641975	42.979854	65063.0786547553
0.644444444444444	43.136407	63876.1314059795
0.646913580246914	43.29341	63693.050451264
0.649382716049383	43.455443	61715.8233199406
0.651851851851852	43.613753	63167.2035878971
0.654320987654321	43.773039	62780.156448152
0.65679012345679	43.929988	63714.9647337652
0.659259259259259	44.088321	63158.0277011114
0.661728395061728	44.246667	63152.8425094407
0.664197530864198	44.403711	63676.4218945013
0.666666666666667	44.54185	72390.8526918563
0.669135802469136	44.672066	76795.4782822362
0.671604938271605	44.827815	64205.869700608
0.674074074074074	44.984409	63859.4071292649
0.676543209876543	45.144785	62353.4693470347
0.679012345679012	45.288106	69773.445622065
0.681481481481481	45.426159	72435.9485125281
0.683950617283951	45.581192	64502.3962640199
0.68641975308642	45.734715	65136.8198901794
0.688888888888889	45.881986	67902.0309497474
0.691358024691358	46.039967	63298.7511156407
0.693827160493827	46.196641	63826.7995966136
0.696296296296296	46.353194	63876.1314059766
0.698765432098765	46.508285	64478.2740455609
0.701234567901235	46.662691	64764.3226299489
0.703703703703704	46.818266	64277.6795757678
0.706172839506173	46.975917	63431.250039644
0.708641975308642	47.133752	63357.303513163
0.711111111111111	47.290004	63999.1808104848
0.71358024691358	47.446945	63718.2125767023
0.716049382716049	47.60448	63477.9572793336
0.718518518518519	47.761318	63760.0581491728
0.720987654320988	47.919459	63234.7082666732
0.723456790123457	48.077199	63395.4608850019
0.725925925925926	48.221778	69166.3381265605
0.728395061728395	48.367376	68682.2621189853
0.730864197530864	48.523731	63957.0208819682
0.733333333333333	48.666141	70219.7879362378
0.735802469135802	48.821726	64273.5482212316
0.738271604938272	48.978185	63914.5079541584
0.740740740740741	49.130084	65833.2181252046
0.74320987654321	49.275703	68672.3573160079
0.745679012345679	49.429914	64846.2171959213
0.748148148148148	49.586806	63738.1128419524
0.750617283950617	49.742457	64246.2945949597
0.753086419753086	49.899833	63542.0902806022
0.755555555555556	50.056227	63941.07190813
0.758024691358025	50.215223	62894.6640167041
0.760493827160494	50.372749	63481.5839924849
0.762962962962963	50.51627	69676.2146306116
0.765432098765432	50.648943	75373.2861999027
0.767901234567901	50.782352	74957.4616405188
0.77037037037037	50.91487	75461.4467468585
0.772839506172839	51.057355	70182.8262624133
0.775308641975309	51.199531	70335.3589916727
0.777777777777778	51.336036	73257.3898392002
0.780246913580247	51.472667	73189.8324684728
0.782716049382716	51.612243	71645.5551097619
0.785185185185185	51.754769	70162.6369925469
0.787654320987654	51.910209	64333.5048893469
0.790123456790123	53.274254	7331.13643611466
0.792592592592593	53.438252	60976.3533701633
0.795061728395062	53.584298	68471.577448202
0.797530864197531	53.723209	71988.5394245235
0.8	53.858809	73746.3126843638
0.802469135802469	53.999456	71099.9879130014
0.804938271604938	54.139074	71624.002635764
0.807407407407407	54.281237	70341.7907613109
0.809876543209877	54.41823	72996.4304745477
0.812345679012346	54.556229	72464.2932195157
0.814814814814815	54.694434	72356.2823342141
0.817283950617284	54.835363	70957.7162968588
0.819753086419753	54.992352	63698.7304843031
0.822222222222222	55.147583	64420.1222693918
0.824691358024691	55.302754	64445.0316102868
0.827160493827161	55.443789	70904.3854362381
0.82962962962963	55.599528	64209.9923590122
0.832098765432099	55.754608	64482.8475625491
0.834567901234568	55.906021	66044.5272202497
0.837037037037037	56.067615	61883.4857729863
0.839506172839506	56.226656	62876.8682289493
0.841975308641975	56.386131	62705.7532528608
0.844444444444444	56.549884	61067.5834946536
0.846913580246914	56.709558	62627.6037426246
0.849382716049383	56.867353	63373.3641750372
0.851851851851852	57.026301	62913.6572967279
0.854320987654321	57.184843	63074.7688309706
0.85679012345679	57.345112	62395.0982410824
0.859259259259259	57.500333	64424.272488904
0.861728395061728	57.650786	66465.9395292887
0.864197530864197	57.788912	72397.6658992478
0.866666666666667	57.922576	74814.4601388579
0.869135802469136	58.055842	75037.8941365395
0.871604938271605	58.187974	75681.8938637129
0.874074074074074	58.321134	75097.6269149874
0.876543209876543	58.456884	73664.8250460397
0.879012345679012	58.591872	74080.6590215427
0.881481481481482	58.724955	75141.0773727678
0.883950617283951	58.857617	75379.5359635787
0.88641975308642	59.000138	70165.0984767147
0.888888888888889	59.154559	64758.0316148713
0.891358024691358	59.306807	65682.3078135673
0.893827160493827	59.440748	74659.7382429577
0.896296296296296	59.58387	69870.4601668515
0.898765432098765	59.737315	65169.9305940218
0.901234567901235	59.877255	71459.1967986302
0.903703703703704	60.016894	71613.2312606064
0.906172839506173	60.171538	64664.6491296148
0.908641975308642	60.319438	67613.2521974307
0.911111111111111	60.452629	75080.1480580499
0.91358024691358	60.586093	74926.5719594817
0.916049382716049	60.721294	73963.9499707831
0.918518518518519	60.867482	68405.0674473955
0.920987654320988	61.027028	62677.8483948208
0.923456790123457	61.176952	66700.4615671947
0.925925925925926	61.331439	64730.3656618343
0.928395061728395	61.482931	66010.086341194
0.930864197530864	61.623352	71214.4194956613
0.933333333333333	61.770736	67849.970146012
0.935802469135802	61.905983	73938.7934667684
0.938271604938272	62.054229	67455.4456781294
0.940740740740741	62.200307	68456.577992578
0.94320987654321	62.34057	71294.6393560682
0.945679012345679	62.47772	72912.8691214008
0.948148148148148	62.632182	64740.8424078404
0.950617283950617	62.789695	63486.8233098214
0.953086419753086	62.936593	68074.44621438
0.955555555555556	63.079359	70044.6885112728
0.958024691358025	63.216999	72653.2984597476
0.960493827160494	63.347669	76528.6599831625
0.962962962962963	63.502137	64738.3276795218
0.965432098765432	63.663308	62045.9015579714
0.967901234567901	63.824634	61986.2886329534
0.97037037037037	63.980717	64068.476387565
0.97283950617284	64.127036	68343.8241103317
0.975308641975309	64.267181	71354.6683791839
0.977777777777778	64.419017	65860.5337337641
0.980246913580247	64.578077	62869.3574751679
0.982716049382716	64.740104	61718.1087102732
0.985185185185185	64.895535	64337.2300249014
0.987654320987654	65.048188	65508.0476636551
0.990123456790123	65.204419	64007.7833464527
0.992592592592593	65.358313	64979.7912849129
0.995061728395062	65.512043	65049.1120796158
0.997530864197531	65.671612	62668.8141180342