#% Complete	time_depth_infty	rate_depth_infty0.0	0.0	0.0
0.00130718954248366	0.056715	17632.0197478621
0.00261437908496732	0.116073	16846.9288048789
0.00392156862745098	0.1715	18041.7486062749
0.00522875816993464	0.229287	17304.9301746067
0.0065359477124183	0.293024	15689.4739319391
0.00784313725490196	0.352027	16948.2907648764
0.00915032679738562	0.412201	16618.473094692
0.0104575163398693	0.473006	16446.0159526355
0.0117647058823529	0.533953	16407.6984921325
0.0130718954248366	0.596748	15924.8347798391
0.0143790849673203	0.657898	16353.2297628782
0.0156862745098039	0.719741	16169.9788173278
0.0169934640522876	0.780981	16329.1966035271
0.0183006535947712	0.839559	17071.2554201236
0.0196078431372549	0.889207	20141.7982597486
0.0209150326797386	0.915316	38300.969014516
0.0222222222222222	0.941459	38251.1570975022
0.0235294117647059	0.967538	38345.0285670463
0.0248366013071895	0.997787	33058.9440973256
0.0261437908496732	1.022809	39964.8309487649
0.0274509803921569	1.047804	40008.0016003203
0.0287581699346405	1.075464	36153.2899493854
0.0300653594771242	1.103745	35359.428591634
0.0313725490196078	1.133615	33478.406427854
0.0326797385620915	1.162476	34648.8340667336
0.0339869281045752	1.191675	34247.7482105552
0.0352941176470588	1.221447	33588.6067445923
0.0366013071895425	1.251032	33800.9126246409
0.0379084967320261	1.280082	34423.4079173835
0.0392156862745098	1.308158	35617.6093460607
0.0405228758169935	1.337422	34171.6785128486
0.0418300653594771	1.367922	32786.8852459017
0.0431372549019608	1.397921	33334.4444814826
0.0444444444444444	1.42778	33490.7398104426
0.0457516339869281	1.457575	33562.6783017285
0.0470588235294118	1.486784	34236.0231435516
0.0483660130718954	1.528153	24172.6896951824
0.0496732026143791	1.556855	34840.7776461571
0.0509803921568627	1.584287	36453.7766112571
0.0522875816993464	1.612146	35895.0428945762
0.0535947712418301	1.638158	38443.7951714594
0.0549019607843137	1.664982	37280.0477184611
0.0562091503267974	1.693244	35383.2000566131
0.057516339869281	1.723458	33097.2396902099
0.0588235294117647	1.753264	33550.2918875394
0.0601307189542484	1.785595	30930.0671182455
0.061437908496732	1.817195	31645.5696202533
0.0627450980392157	1.84927	31176.9290724863
0.0640522875816993	1.881419	31105.166568167
0.065359477124183	1.91165	33078.6278985146
0.0666666666666667	1.940827	34273.5716489015
0.0679738562091503	1.970333	33891.4119162204
0.069281045751634	1.999201	34640.4323125954
0.0705882352941176	2.028556	34065.7468915006
0.0718954248366013	2.060543	31262.7004720668
0.073202614379085	2.091155	32666.9280020906
0.0745098039215686	2.122097	32318.5314459311
0.0758169934640523	2.156068	29436.8726266524
0.077124183006536	2.189278	30111.4122252334
0.0784313725490196	2.223177	29499.3952623968
0.0797385620915033	2.256884	29667.4281306556
0.0810457516339869	2.290043	30157.7249012335
0.0823529411764706	2.322977	30363.7578186676
0.0836601307189542	2.382041	16930.786942977
0.0849673202614379	2.412836	32472.8040266278
0.0862745098039216	2.444174	31910.1410428231
0.0875816993464052	2.475508	31914.2145911792
0.0888888888888889	2.506562	32201.9707606104
0.0901960784313725	2.536196	33745.0226091655
0.0915032679738562	2.562364	38214.6132681134
0.0928104575163399	2.590203	35920.8304896013
0.0941176470588235	2.620923	32552.0833333332
0.0954248366013072	2.651941	32239.3448965117
0.0967320261437909	2.682874	32327.9345682603
0.0980392156862745	2.71519	30944.4238148288
0.0993464052287582	2.745921	32540.4314861212
0.100653594771242	2.777347	31820.7853369824
0.101960784313725	2.8076	33054.5731001883
0.103267973856209	2.83794	32959.7890573498
0.104575163398693	2.866105	35505.0594709746
0.105882352941176	2.895299	34253.6137562514
0.10718954248366	2.922291	37048.0142264376
0.108496732026144	2.950568	35364.4304558474
0.109803921568627	2.979025	35140.7386583267
0.111111111111111	3.00628	36690.5155017431
0.112418300653595	3.034425	35530.2895718596
0.113725490196078	3.062977	35023.8161950127
0.115032679738562	3.093147	33145.5087835598
0.116339869281046	3.126182	30270.924776752
0.117647058823529	3.159493	30020.1134760291
0.118954248366013	3.192987	29856.0936287095
0.120261437908497	3.225911	30372.980196817
0.12156862745098	3.258932	30283.7588201446
0.122875816993464	3.292696	29617.3439165974
0.124183006535948	3.325926	30093.2891965095
0.125490196078431	3.356471	32738.5824193812
0.126797385620915	3.387738	31982.601464803
0.128104575163399	3.417746	33324.4468141828
0.129411764705882	3.445598	35904.0643400836
0.130718954248366	3.47361	35698.9861487935
0.13202614379085	3.502547	34557.8325327436
0.133333333333333	3.530536	35728.3218407228
0.134640522875817	3.558005	36404.6743601879
0.135947712418301	3.587447	33965.0838937573
0.137254901960784	3.615051	36226.6338211851
0.138562091503268	3.644884	33519.9275969564
0.139869281045752	3.678846	29444.6734585715
0.141176470588235	3.711817	30329.6836613995
0.142483660130719	3.74472	30392.3654378019
0.143790849673203	3.777883	30154.0873865452
0.145098039215686	3.811666	29600.6867359326
0.14640522875817	3.845968	29152.8190776046
0.147712418300654	3.94332	10272.0026296327
0.149019607843137	3.977014	29678.8745770759
0.150326797385621	4.007824	32456.9944823107
0.151633986928105	4.041332	29843.6194341655
0.152941176470588	4.07465	30013.8063509211
0.154248366013072	4.108066	29925.7840555424
0.155555555555556	4.141542	29872.1472099412
0.156862745098039	4.175542	29411.7647058825
0.158169934640523	4.208029	30781.5433865857
0.159477124183007	4.241395	29970.6287837919
0.16078431372549	4.275916	28967.874627038
0.162091503267974	4.309518	29760.133325398
0.163398692810458	4.343376	29535.1172544152
0.164705882352941	4.378697	28311.7692024577
0.166013071895425	4.413762	28518.4657065447
0.167320261437908	4.446681	30377.5934870442
0.168627450980392	4.480472	29593.6787902105
0.169934640522876	4.513922	29895.366218236
0.171241830065359	4.54906	28459.2179406911
0.172549019607843	4.58326	29239.7660818711
0.173856209150327	4.617153	29504.6174726345
0.17516339869281	4.651202	29369.4381626483
0.176470588235294	4.684588	29952.6747738572
0.177777777777778	4.71746	30421.0270138718
0.179084967320261	4.751234	29608.5746432165
0.180392156862745	4.784283	30258.1016067051
0.181699346405229	4.816616	30928.1538984943
0.183006535947712	4.850421	29581.4228664398
0.184313725490196	4.883831	29931.1583358277
0.18562091503268	4.917831	29411.7647058825
0.186928104575163	4.949684	31394.2171851937
0.188235294117647	4.984291	28895.8881151217
0.189542483660131	5.018229	29465.495904296
0.190849673202614	5.051254	30280.0908402722
0.192156862745098	5.085193	29464.6277144287
0.193464052287582	5.119269	29346.167390539
0.194771241830065	5.152341	30237.0585389455
0.196078431372549	5.183447	32148.1386227734
0.197385620915033	5.213632	33129.0376014573
0.198692810457516	5.245671	31211.9604232349
0.2	5.276995	31924.4030136631
0.201307189542484	5.309997	30301.1938670386
0.202614379084967	5.343049	30255.3551978704
0.203921568627451	5.377347	29156.2190215168
0.205228758169935	5.410485	30176.8362604872
0.206535947712418	5.444894	29062.163968729
0.207843137254902	5.478795	29497.6549364324
0.209150326797386	5.513811	28558.3733150555
0.210457516339869	5.546921	30202.3557837514
0.211764705882353	5.580489	29790.2764537657
0.213071895424837	5.61368	30128.64933265
0.21437908496732	5.64747	29594.5546019534
0.215686274509804	5.680706	30087.8565411004
0.216993464052288	5.714279	29785.839811753
0.218300653594771	5.748282	29409.1697791377
0.219607843137255	5.781423	30174.104583446
0.220915032679739	5.813768	30916.679548617
0.222222222222222	5.847501	29644.5617051546
0.223529411764706	5.880921	29922.2022740878
0.22483660130719	5.915611	28826.7512251366
0.226143790849673	5.948429	30471.082942288
0.227450980392157	5.977619	34258.3076396028
0.228758169934641	6.007865	33062.2231038815
0.230065359477124	6.037879	33317.7850336505
0.231372549019608	6.068384	32781.5112276678
0.232679738562092	6.101393	30294.7680935504
0.233986928104575	6.135593	29239.7660818711
0.235294117647059	6.16955	29449.0090408458
0.236601307189542	6.203348	29587.5495591455
0.237908496732026	6.236911	29794.7144176623
0.23921568627451	6.269332	30844.2059159185
0.240522875816993	6.302704	29965.2403212274
0.241830065359477	6.337257	28941.0470870837
0.243137254901961	6.371372	29312.6190825151
0.244444444444444	6.40576	29079.9115970689
0.245751633986928	6.438897	30177.7469294143
0.247058823529412	6.4718	30392.3654378019
0.248366013071895	6.506	29239.7660818711
0.249673202614379	6.5397	29673.5905044514
0.250980392156863	6.573766	29354.7818939704
0.252287581699346	6.607497	29646.319409445
0.25359477124183	6.641686	29249.173710843
0.254901960784314	6.676065	29087.5243608013
0.256209150326797	6.70927	30115.9463936157
0.257516339869281	6.743222	29453.3459000941
0.258823529411765	6.776401	30139.5460984361
0.260130718954248	6.810298	29501.1357937276
0.261437908496732	6.843686	29950.8805558888
0.262745098039216	6.878921	28380.8712927486
0.264052287581699	6.913711	28743.8919229663
0.265359477124183	6.947169	29888.2180644394
0.266666666666667	6.982303	28462.4580178742
0.26797385620915	7.017019	28805.1618850094
0.269281045751634	7.051187	29267.150550223
0.270588235294118	7.084656	29878.394932624
0.271895424836601	7.118695	29378.0663356738
0.273202614379085	7.152222	29826.7068332983
0.274509803921569	7.376601	4456.74506081229
0.275816993464052	7.410832	29213.2862025648
0.277124183006536	7.438399	36275.2566474403
0.27843137254902	7.467101	34840.7776461581
0.279738562091503	7.49538	35361.9293468647
0.281045751633987	7.523577	35464.7657552216
0.282352941176471	7.552716	34318.2676138511
0.283660130718954	7.583972	31993.8571794216
0.284967320261438	7.617284	30019.2122958697
0.286274509803922	7.649517	31024.1057301517
0.287581699346405	7.681464	31301.8436785929
0.288888888888889	7.714865	29939.223376546
0.290196078431373	7.747503	30639.1322997729
0.291503267973856	7.781985	29000.6380140366
0.29281045751634	7.814799	30474.7973425976
0.294117647058824	7.848383	29776.0838494519
0.295424836601307	7.882852	29011.5756186722
0.296732026143791	7.916699	29544.7159275558
0.298039215686275	7.949293	30680.4933423334
0.299346405228758	7.980889	31649.5758956826
0.300653594771242	8.013614	30557.677616501
0.301960784313725	8.047277	29706.2056263563
0.303267973856209	8.081187	29489.8260100261
0.304575163398693	8.114703	29836.4960019091
0.305882352941176	8.150103	28248.5875706221
0.30718954248366	8.183813	29664.7878967656
0.308496732026144	8.215831	31232.4317571376
0.309803921568627	8.24881	30322.326328875
0.311111111111111	8.27897	33156.4986737416
0.312418300653595	8.310969	31250.9765930178
0.313725490196078	8.34316	31064.5832686162
0.315032679738562	8.375481	30939.636768663
0.316339869281046	8.406466	32273.6808132974
0.317647058823529	8.436679	33098.335153742
0.318954248366013	8.467596	32344.6647475493
0.320261437908497	8.496944	34073.872154833
0.32156862745098	8.527649	32567.9856700851
0.322875816993464	8.556863	34230.1636201825
0.324183006535948	8.588292	31817.7479398016
0.325490196078431	8.618999	32565.8644608707
0.326797385620915	8.648829	33523.2986925928
0.328104575163399	8.678556	33639.4523497144
0.329411764705882	8.708099	33848.965914091
0.330718954248366	8.735976	35871.8656957346
0.33202614379085	8.76746	31762.1649091613
0.333333333333333	8.801332	29522.9097779872
0.334640522875817	8.836895	28119.1125608077
0.335947712418301	8.869509	30661.6790335433
0.337254901960784	8.903351	29549.0810235802
0.338562091503268	8.937746	29073.9933129816
0.339869281045752	8.972445	28819.2743306725
0.341176470588235	9.005784	29994.9008668528
0.342483660130719	9.040233	29028.4188220264
0.343790849673203	9.075158	28632.7845382968
0.345098039215686	9.110533	28268.551236749
0.34640522875817	9.1449	29097.6809148314
0.347712418300654	9.178576	29694.7380924102
0.349019607843137	9.212401	29563.9320029562
0.350326797385621	9.248098	28013.5585623436
0.351633986928105	9.282008	29489.8260100276
0.352941176470588	9.316933	28632.7845382954
0.354248366013072	9.352257	28309.3647378559
0.355555555555556	9.386773	28972.0709236296
0.356862745098039	9.421455	28833.400611268
0.358169934640523	9.455357	29496.7848504518
0.359477124183007	9.490453	28493.2755869606
0.36078431372549	9.52535	28655.7583746461
0.362091503267974	9.558878	29825.8172273916
0.363398692810458	9.592595	29658.62917816
0.364705882352941	9.626023	29915.0412827564
0.366013071895425	9.659721	29675.3516529177
0.367320261437909	9.693159	29906.0948621326
0.368627450980392	9.728312	28447.0742184157
0.369934640522876	9.761208	30398.8326848257
0.371241830065359	9.794648	29904.3062200952
0.372549019607843	9.828151	29848.0733068684
0.373856209150327	9.86283	28835.8949219984
0.37516339869281	9.89824	28240.6099971769
0.376470588235294	9.931876	29730.0511356868
0.377777777777778	9.966871	28575.5107872565
0.379084967320261	10.001344	29008.2093232383
0.380392156862745	10.034861	29835.6058119762
0.381699346405229	10.069373	28975.4288363458
0.383006535947712	10.103092	29656.8700139391
0.384313725490196	10.137788	28821.7661978324
0.38562091503268	10.172908	28473.8041002285
0.386928104575163	10.207646	28786.919223904
0.388235294117647	10.242457	28726.5519519696
0.389542483660131	10.276779	29135.8312452658
0.390849673202614	10.312681	27853.6014706701
0.392156862745098	10.347202	28967.8746270388
0.393464052287582	10.382751	28130.1865031354
0.394771241830065	10.417285	28956.9699426661
0.396078431372549	10.451928	28865.8603469669
0.397385620915033	10.486471	28949.4253539073
0.398692810457516	10.521163	28825.0893577772
0.4	10.554943	29603.3155713439
0.401307189542484	10.589408	29014.9426954875
0.402614379084967	10.624622	28397.7963310048
0.403921568627451	10.659606	28584.4957694949
0.405228758169935	10.693791	29252.5961679107
0.406535947712418	10.726332	30730.4631080789
0.407843137254902	10.759328	30306.7038428894
0.409150326797386	10.792102	30511.9912125467
0.410457516339869	10.822739	32640.2715670589
0.411764705882353	10.856337	29763.6764093105
0.413071895424837	10.89449	26210.2586952537
0.41437908496732	10.932758	26131.4936761782
0.415686274509804	10.970686	26365.7456232856
0.416993464052288	11.008952	26132.8594574817
0.418300653594771	11.047645	25844.4679916274
0.419607843137255	11.085708	26272.2328770715
0.420915032679739	11.124705	25642.998179347
0.422222222222222	11.162964	26137.6408165399
0.423529411764706	11.201973	25635.1098464456
0.42483660130719	11.240683	25833.1180573495
0.426143790849673	11.280005	25431.0564060841
0.427450980392157	11.318799	25777.1820384588
0.42875816993464	11.357869	25595.0857435368
0.430065359477124	11.396921	25606.8831301855
0.431372549019608	11.435604	25851.1490835775
0.432679738562092	11.472999	26741.5429870303
0.433986928104575	11.507731	28791.8922031556
0.435294117647059	11.545729	26317.1745881362
0.436601307189542	11.58381	26259.8146057089
0.437908496732026	11.622921	25568.2544552683
0.43921568627451	11.661439	25961.8879484917
0.440522875816993	11.699686	26145.8415039087
0.441830065359477	11.737788	26245.3414518921
0.443137254901961	11.775442	26557.6034418655
0.444444444444444	11.813758	26098.7576991335
0.445751633986928	11.84755	29592.803030303
0.447058823529412	11.881157	29755.7056565597
0.448366013071895	11.915372	29226.9472453605
0.449673202614379	11.949468	29328.9535429377
0.450980392156863	11.982363	30399.7568019457
0.452287581699346	12.013912	31696.7257282322
0.45359477124183	12.045336	31822.8105906301
0.454901960784314	12.077456	31133.2503113334
0.456209150326797	12.109623	31087.7607485939
0.457516339869281	12.14119	31678.6517565804
0.458823529411765	12.173964	30511.9912125467
0.460130718954248	12.207191	30096.0062599692
0.461437908496732	12.240655	29882.8591919671
0.462745098039216	12.276736	27715.4180870823
0.464052287581699	12.31606	25429.7629946085
0.465359477124183	12.355308	25479.0052996327
0.466666666666667	12.39405	25811.7804966192
0.46797385620915	12.43292	25726.7815796249
0.469281045751634	12.471617	25841.7965216936
0.470588235294118	12.509932	26099.4388620652
0.471895424836601	12.548242	26102.8452101273
0.473202614379085	12.586899	25868.5360995417
0.474509803921569	12.625668	25793.8043282014
0.475816993464052	12.661874	27619.7315362095
0.477124183006536	12.698915	26997.1113090897
0.47843137254902	12.736146	26859.3376487334
0.479738562091503	12.772754	27316.4335664328
0.481045751633987	12.809973	26867.9975281453
0.482352941176471	12.848993	25627.8831368524
0.483660130718954	12.887203	26171.159382361
0.484967320261438	12.924859	26556.1929041852
0.486274509803922	12.962792	26362.2703187194
0.487581699346405	13.001629	25748.6417591478
0.488888888888889	13.039572	26355.3224573701
0.490196078431373	13.078037	25997.6602105808
0.491503267973856	13.116967	25687.1307474951
0.49281045751634	13.155784	25761.9084421775
0.494117647058824	13.19441	25889.2973644702
0.495424836601307	13.233	25913.4490800719
0.496732026143791	13.270726	26506.9183056783
0.498039215686275	13.307922	26884.6112485215
0.499346405228758	13.34594	26303.3300015775
0.500653594771242	13.384921	25653.5235114545
0.501960784313725	13.422758	26429.1566456117
0.503267973856209	13.461081	26093.9905539753
0.504575163398693	13.499582	25973.3513415235
0.505882352941176	13.538009	26023.3689853485
0.50718954248366	13.576297	26117.8437108235
0.508496732026144	13.614057	26483.0508474573
0.509803921568627	13.651898	26426.3629396697
0.511111111111111	13.690607	25833.7854245777
0.512418300653595	13.727936	26788.8237027514
0.513725490196078	13.765903	26338.662522717
0.515032679738562	13.804455	25938.9914920101
0.516339869281046	13.842774	26096.7144236544
0.517647058823529	13.87992	26920.7990093147
0.518954248366013	13.918863	25678.5558380198
0.520261437908497	13.956303	26709.4017094016
0.52156862745098	13.994636	26087.1833668121
0.522875816993464	14.032052	26726.5341030573
0.524183006535948	14.070453	26040.9885159238
0.525490196078431	14.107709	26841.3141507413
0.526797385620915	14.14662	25699.6736141447
0.528104575163399	14.184188	26618.3986371378
0.529411764705882	14.22288	25845.1359454156
0.530718954248366	14.261486	25902.7094234059
0.53202614379085	14.299796	26102.8452101273
0.533333333333333	14.33728	26678.0493010357
0.534640522875817	14.376266	25650.2334171244
0.535947712418301	14.415327	25600.98307775
0.537254901960784	14.45369	26066.7830982976
0.538562091503268	14.492853	25534.3053392231
0.539869281045752	14.530763	26378.2643102083
0.541176470588235	14.56992	25538.2179431523
0.542483660130719	14.60792	26315.789473684
0.543790849673203	14.646339	26028.7878393508
0.545098039215686	14.684215	26401.9431830178
0.54640522875817	14.721672	26697.2795472142
0.547712418300654	14.759599	26366.4407941573
0.549019607843137	14.796984	26748.6960010696
0.550326797385621	14.83358	27325.3907530882
0.551633986928105	14.870765	26892.5642059964
0.552941176470588	14.909157	26047.0931444051
0.554248366013072	14.946527	26759.4327000273
0.555555555555556	14.985441	25697.6923472271
0.556862745098039	15.023523	26259.1250459527
0.558169934640523	15.061495	26335.1943537344
0.559477124183007	15.09992	26024.723487314
0.56078431372549	15.13815	26157.4679571015
0.562091503267974	15.176907	25801.7906442705
0.563398692810458	15.215161	26141.0571443508
0.564705882352941	15.253804	25877.9080299146
0.566013071895425	15.292884	25588.5363357214
0.567320261437908	15.331066	26190.3514745174
0.568627450980392	15.369151	26257.0565839565
0.569934640522876	15.408061	25700.3341043436
0.571241830065359	15.445609	26632.576968148
0.572549019607843	15.484656	25610.1621123261
0.573856209150327	15.523068	26033.5311881697
0.57516339869281	15.560851	26466.9295715009
0.576470588235294	15.599692	25745.990062048
0.577777777777778	15.636882	26888.9486421076
0.579084967320261	15.672612	27987.6854184152
0.580392156862745	15.70846	27895.5590270032
0.581699346405229	15.744801	27517.1294130595
0.583006535947712	15.78173	27078.989412116
0.584313725490196	15.819438	26519.5714437253
0.58562091503268	15.857004	26619.8157908747
0.586928104575163	15.894774	26476.0391845379
0.588235294117647	15.932572	26456.4262659397
0.589542483660131	15.970369	26457.1262269496
0.590849673202614	16.008675	26105.5709288359
0.592156862745098	16.045832	26912.8293457487
0.593464052287582	16.082892	26983.2703723689
0.594771241830065	16.120712	26441.0364886304
0.596078431372549	16.158564	26418.6832928265
0.597385620915033	16.196101	26640.3814902627
0.598692810457516	16.233193	26959.9913728019
0.6	16.2707	26661.6898178996
0.601307189542484	16.307263	27350.0533326059
0.602614379084967	16.34545	26186.9222510274
0.603921568627451	16.38274	26816.8409761339
0.605228758169935	16.420861	26232.2604338814
0.606535947712418	16.458862	26315.0969711315
0.607843137254902	16.496525	26551.2572020296
0.609150326797386	16.534543	26303.3300015775
0.610457516339869	16.572424	26398.4583300319
0.611764705882353	16.611059	25883.2664682288
0.613071895424837	16.649218	26206.137477397
0.61437908496732	16.688044	25755.9367434192
0.615686274509804	16.72568	26570.3050271023
0.616993464052288	16.763647	26338.6625227183
0.618300653594771	16.801921	26127.3971886912
0.619607843137255	16.838459	27368.7667633695
0.620915032679739	16.871863	29936.5345467601
0.622222222222222	16.90687	28565.7154283427
0.623529411764706	16.941394	28965.3574325128
0.62483660130719	16.979154	26483.0508474561
0.626143790849673	17.017709	25936.9731552336
0.627450980392157	17.05539	26538.5738170436
0.628758169934641	17.094022	25885.2764547527
0.630065359477124	17.131865	26424.9663081664
0.631372549019608	17.170641	25789.1479265534
0.632679738562091	17.208798	26207.5110726722
0.633986928104575	17.246998	26178.0104712043
0.635294117647059	17.285758	25799.7936016513
0.636601307189542	17.323806	26282.5904121111
0.637908496732026	17.362185	26055.9159957275
0.63921568627451	17.400386	26177.3252009104
0.640522875816993	17.439063	25855.1593970578
0.641830065359477	17.476672	26589.3802015477
0.643137254901961	17.515803	25555.1864250865
0.644444444444444	17.554627	25757.2635483195
0.645751633986928	17.591897	26831.2315535287
0.647058823529412	17.631145	25479.0052996327
0.648366013071895	17.66891	26479.5445518335
0.649673202614379	17.706787	26401.246138819
0.650980392156863	17.745035	26145.1579167518
0.652287581699346	17.782809	26473.2355588508
0.65359477124183	17.82088	26266.7121956354
0.654901960784314	17.858745	26409.6130991681
0.656209150326797	17.897677	25685.8111579146
0.657516339869281	17.934933	26841.3141507413
0.658823529411765	17.973076	26217.1302729217
0.660130718954248	18.010616	26638.2525306341
0.661437908496732	18.048678	26272.9231254269
0.662745098039216	18.085985	26804.6211166791
0.664052287581699	18.122895	27092.9287455982
0.665359477124183	18.158479	28102.5179856115
0.666666666666667	18.193384	28649.1906603622
0.66797385620915	18.228469	28502.2089211924
0.669281045751634	18.263482	28560.8202667586
0.670588235294118	18.299653	27646.4571065222
0.671895424836601	18.333583	29472.4432655453
0.673202614379085	18.364922	31909.1228182146
0.674509803921569	18.399261	29121.407146394
0.675816993464052	18.433471	29231.2189418285
0.677124183006536	18.467858	29080.7572629201
0.67843137254902	18.501459	29761.0190172904
0.679738562091503	18.535344	29511.5832964456
0.681045751633987	18.570047	28815.95251131
0.682352941176471	18.603427	29958.0587177941
0.683660130718954	18.636849	29920.4117048636
0.684967320261438	18.667952	32151.239430282
0.686274509803922	18.699408	31790.4374364205
0.687581699346405	18.730922	31731.928666623
0.688888888888889	18.762921	31250.9765930195
0.690196078431373	18.795026	31147.7962934109
0.691503267973856	18.827522	30773.0182176284
0.69281045751634	18.861161	29727.3997443436
0.694117647058824	18.897597	27445.3836864625
0.695424836601307	18.934235	27294.0662699929
0.696732026143791	18.969751	28156.3239103521
0.698039215686274	19.005792	27746.1779639848
0.699346405228758	19.041231	28217.5004938061
0.700653594771242	19.077465	27598.3882541257
0.701960784313725	19.115854	26049.1286566473
0.703267973856209	19.155393	25291.4843572161
0.704575163398693	19.194419	25623.9430123509
0.705882352941177	19.233705	25454.3603319245
0.70718954248366	19.273245	25290.8447142142
0.708496732026144	19.312886	25226.4070028508
0.709803921568627	19.352157	25464.0829110544
0.711111111111111	19.391395	25485.4987512099
0.712418300653595	19.430512	25564.3326430957
0.713725490196078	19.469814	25443.9977609287
0.715032679738562	19.507274	26695.1414842503
0.716339869281046	19.543991	27235.3405779343
0.717647058823529	19.58346	25336.339912336
0.718954248366013	19.622615	25539.5224109303
0.720261437908497	19.661402	25781.8341196798
0.72156862745098	19.700669	25466.6768533359
0.722875816993464	19.74125	24642.0738769378
0.724183006535948	19.781277	24983.1363829425
0.725490196078431	19.821161	25072.7108614979
0.726797385620915	19.861836	24585.1259987706
0.728104575163399	19.901302	25338.2658490847
0.729411764705882	19.94153	24858.307646416
0.730718954248366	19.980615	25585.2628885762
0.73202614379085	20.019265	25873.2212160411
0.733333333333333	20.058235	25660.7646907884
0.734640522875817	20.097452	25499.1457786159
0.735947712418301	20.135995	25945.0483875148
0.737254901960784	20.175536	25290.2051035635
0.738562091503268	20.214386	25740.0257400257
0.739869281045752	20.253675	25452.4167069662
0.741176470588235	20.29226	25916.8070493731
0.742483660130719	20.331671	25373.6266524567
0.743790849673203	20.370072	26040.9885159238
0.745098039215686	20.409191	25563.0256397151
0.74640522875817	20.447926	25816.4450755137
0.747712418300654	20.486476	25940.3372243834
0.749019607843137	20.524953	25989.5522000154
0.750326797385621	20.56406	25570.8696652764
0.751633986928105	20.602264	26175.2696052767
0.752941176470588	20.641173	25700.9946284943
0.754248366013072	20.679849	25855.8279036079
0.755555555555556	20.718854	25637.7387514424
0.756862745098039	20.757384	25953.8022320284
0.758169934640523	20.796221	25748.6417591466
0.759477124183007	20.835445	25494.5951458286
0.76078431372549	20.873627	26190.3514745174
0.762091503267974	20.912774	25544.7416149387
0.763398692810457	20.951502	25821.1113406304
0.764705882352941	20.99067	25531.0457516339
0.766013071895425	21.02892	26143.7908496746
0.767320261437909	21.067158	26151.995397249
0.768627450980392	21.105277	26233.6367690641
0.769934640522876	21.144077	25773.1958762897
0.77124183006536	21.182289	26169.7895948907
0.772549019607843	21.22057	26122.6195762926
0.773856209150327	21.258568	26317.174588135
0.77516339869281	21.297416	25741.3509060969
0.776470588235294	21.335701	26119.8902964595
0.777777777777778	21.374736	25618.0350967091
0.779084967320261	21.413683	25675.9185559862
0.780392156862745	21.452828	25546.0467492647
0.781699346405229	21.492219	25386.5096087949
0.783006535947712	21.531645	25363.9730127312
0.784313725490196	21.570661	25630.5105597702
0.78562091503268	21.609392	25819.1113061898
0.786928104575163	21.648774	25392.3112081663
0.788235294117647	21.686663	26392.8844783447
0.789542483660131	21.724881	26165.6810926785
0.790849673202614	21.762853	26335.1943537344
0.792156862745098	21.800655	26453.6267922338
0.793464052287582	21.839421	25795.8004436861
0.794771241830065	21.877744	26093.9905539766
0.796078431372549	21.917001	25473.1640217036
0.797385620915033	21.955287	26119.2080656119
0.798692810457516	21.994043	25802.4563938468
0.8	22.032943	25706.9408740372
0.801307189542484	22.071884	25679.8746822107
0.802614379084967	22.111072	25518.0157190981
0.803921568627451	22.147689	27309.7195291807
0.805228758169935	22.186466	25788.4828635534
0.806535947712418	22.224408	26356.0170786984
0.807843137254902	22.263004	25909.4206653551
0.809150326797386	22.300862	26414.4962755561
0.810457516339869	22.33891	26282.5904121111
0.811764705882353	22.377057	26214.3812095301
0.813071895424837	22.414698	26566.7755904461
0.81437908496732	22.449062	29100.2211616808
0.815686274509804	22.484461	28249.3855758652
0.816993464052288	22.520498	27749.2577073561
0.818300653594771	22.558728	26157.4679571027
0.819607843137255	22.597421	25844.467991625
0.820915032679739	22.635965	25944.375259445
0.822222222222222	22.675563	25253.8006970039
0.823529411764706	22.713921	26070.1809270565
0.824836601307189	22.752507	25916.1353858898
0.826143790849673	22.790831	26093.3096753997
0.827450980392157	22.826461	28066.2363177117
0.828758169934641	22.860963	28983.8270245175
0.830065359477124	22.895754	28743.0657353926
0.831372549019608	22.933877	26230.8842431087
0.832679738562092	22.971727	26420.0792602361
0.833986928104575	23.010328	25906.0646097252
0.835294117647059	23.048533	26174.5844784729
0.836601307189543	23.08671	26193.7815962484
0.837908496732026	23.125822	25567.6007363473
0.83921568627451	23.163788	26339.3562661323
0.840522875816993	23.201412	26578.7795024445
0.841830065359477	23.238921	26660.2682022981
0.843137254901961	23.276659	26498.4895860954
0.844444444444444	23.314731	26266.0222735871
0.845751633986928	23.3532	25994.9569783443
0.847058823529412	23.391748	25941.6830964002
0.848366013071895	23.430659	25699.6736141459
0.849673202614379	23.469405	25809.1157796912
0.850980392156863	23.507377	26335.1943537344
0.852287581699346	23.546032	25869.8745311095
0.85359477124183	23.584417	26051.8431679054
0.854901960784314	23.623279	25732.0776079449
0.856209150326797	23.661355	26263.2629477885
0.857516339869281	23.699487	26224.6931710892
0.858823529411765	23.737416	26365.0504890729
0.860130718954248	23.775601	26188.2938326553
0.861437908496732	23.81343	26434.7458299199
0.862745098039216	23.851092	26551.9621900052
0.864052287581699	23.889723	25885.9465196353
0.865359477124183	23.9294	25203.5184111695
0.866666666666667	23.967477	26262.5732069244
0.86797385620915	24.005636	26206.137477397
0.869281045751634	24.044389	25804.4538487344
0.870588235294118	24.082735	26078.3393313509
0.871895424836601	24.121326	25912.7775906298
0.873202614379085	24.160084	25801.124929046
0.874509803921569	24.199078	25644.9710211835
0.875816993464052	24.237762	25850.4808189433
0.877124183006536	24.276459	25841.7965216948
0.87843137254902	24.314632	26196.5263406069
0.879738562091503	24.3533	25861.1772007853
0.881045751633987	24.392243	25678.5558380198
0.882352941176471	24.430832	25914.1206043185
0.883660130718954	24.469608	25789.1479265511
0.884967320261438	24.507676	26268.7821792588
0.886274509803922	24.547251	25268.4775742266
0.887581699346405	24.584929	26540.6868729765
0.888888888888889	24.619865	28623.7691779238
0.890196078431372	24.656248	27485.3640436462
0.891503267973856	24.691599	28287.7429209935
0.89281045751634	24.729585	26325.4883378086
0.894117647058824	24.76776	26195.1538965299
0.895424836601307	24.806651	25712.889871693
0.896732026143791	24.845215	25930.920029042
0.898039215686275	24.883274	26274.994088126
0.899346405228758	24.921236	26342.1316052893
0.900653594771242	24.95879	26628.3218831549
0.901960784313726	24.994599	27925.9404060428
0.903267973856209	25.029631	28545.3299840166
0.904575163398693	25.065264	28063.8733758028
0.905882352941176	25.103341	26262.573206922
0.90718954248366	25.141922	25919.4940514757
0.908496732026144	25.181302	25393.6008125967
0.909803921568627	25.219778	25990.2276743925
0.911111111111111	25.258093	26099.4388620664
0.912418300653595	25.296155	26272.9231254269
0.913725490196078	25.334426	26129.4452718757
0.915032679738562	25.372285	26413.7985683714
0.916339869281046	25.412072	25133.8376856782
0.917647058823529	25.450184	26238.4550797637
0.918954248366013	25.487245	26982.5422951341
0.920261437908497	25.520005	30525.0305250308
0.92156862745098	25.551794	31457.4223788104
0.922875816993464	25.584331	30734.2410179201
0.924183006535948	25.616104	31473.2634626873
0.925490196078431	25.648216	31141.0064773279
0.926797385620915	25.682191	29433.4069168523
0.928104575163399	25.716256	29355.6436224849
0.929411764705882	25.750607	29111.2340252126
0.930718954248366	25.78665	27744.6383486369
0.93202614379085	25.822226	28108.8374184852
0.933333333333333	25.857685	28201.5849290734
0.934640522875817	25.893696	27769.2927161157
0.935947712418301	25.929782	27711.5778972447
0.937254901960784	25.964951	28434.132332452
0.938562091503268	26.002828	26401.2461388166
0.939869281045752	26.040284	26697.9923109791
0.941176470588235	26.078224	26357.4064312079
0.942483660130719	26.115404	26896.1807423325
0.943790849673203	26.153555	26211.6327226029
0.945098039215686	26.191156	26595.0373660284
0.94640522875817	26.226707	28128.6039773833
0.947712418300654	26.262522	27921.2620410447
0.949019607843137	26.298994	27418.2934854136
0.950326797385621	26.337235	26149.9437776214
0.951633986928105	26.374894	26554.0773785805
0.952941176470588	26.413734	25746.6529351181
0.954248366013072	26.451944	26171.159382361
0.955555555555556	26.489729	26465.5286489351
0.956862745098039	26.527492	26480.9469586645
0.958169934640523	26.569849	23608.8485964525
0.959477124183007	26.614821	22236.0579916403
0.96078431372549	26.659599	22332.3953727272
0.962091503267974	26.698307	25834.4528262893
0.963398692810458	26.736184	26401.2461388166
0.964705882352941	26.775332	25544.0890977845
0.966013071895425	26.813499	26200.6445358546
0.967320261437909	26.853218	25176.8674941476
0.968627450980392	26.90002	21366.6082646027
0.969934640522876	26.973886	13538.0283215555
0.971241830065359	27.040039	15116.4724199961
0.972549019607843	27.107024	14928.7153840414
0.973856209150327	27.169035	16126.1711631803
0.97516339869281	27.232666	15715.6103157264
0.976470588235294	27.301591	14508.5237577084
0.977777777777778	27.370306	14552.8632758493
0.979084967320261	27.41439	22683.9669721433
0.980392156862745	27.452836	26010.5082453308
0.981699346405229	27.486739	29495.9148157992
0.983006535947712	27.519977	30086.0460918219
0.984313725490196	27.553856	29516.8098231953
0.98562091503268	27.587317	29885.5383879749
0.986928104575163	27.620277	30339.8058252402
0.988235294117647	27.653353	30233.4018623797
0.989542483660131	27.685805	30814.7417724647
0.990849673202614	27.717714	31339.1206242729
0.992156862745098	27.753154	28216.7042889409
0.993464052287582	27.788835	28026.1203441605
0.994771241830065	27.824774	27824.9255683221
0.996078431372549	27.86174	27051.8855164208
0.997385620915033	27.900729	25648.2597655767
0.998692810457516	27.939606	25722.1493427971
1.0	27.978795	25517.3645665873