#% Complete	time_depth_1_nohash	rate_depth_1_nohash0.0	0.0	0.0
0.00161290322580645	0.076941	12996.9717055926
0.0032258064516129	0.22933	6562.15343627165
0.00483870967741936	0.503493	3647.46519406339
0.00645161290322581	0.786853	3529.07961603614
0.00806451612903226	1.142753	2809.77802753583
0.00967741935483871	1.592958	2221.21033751291
0.0112903225806452	2.157613	1770.99290717341
0.0129032258064516	2.80689	1540.17468661296
0.0145161290322581	3.79114	1016.00203200406
0.0161290322580645	4.862152	933.696354475954
0.017741935483871	6.110875	800.818115787088
0.0193548387096774	7.796319	593.315470582232
0.0209677419354839	9.722184	519.247195416086
0.0225806451612903	11.509845	559.390175206597
0.0241935483870968	13.369232	537.811655131503
0.0258064516129032	16.4093	328.940010552395
0.0274193548387097	19.496086	323.96155742575
0.0290322580645161	22.623701	319.732447887607
0.0306451612903226	26.568991	253.46679204824
0.032258064516129	30.55509	250.871842370197
0.0338709677419355	34.678825	242.498608664233
0.0354838709677419	39.524731	206.359760176941
0.0370967741935484	46.047375	153.312061795799
0.0387096774193548	51.757151	175.1382190825
0.0403225806451613	57.743903	167.035481008734
0.0419354838709677	64.524909	147.470744016448
0.0435483870967742	72.409753	126.825590969206
0.0451612903225806	80.16282	128.981214788934
0.0467741935483871	89.093626	111.971976549485
0.0483870967741935	96.482235	135.3434726347
0.05	105.79821	107.342495015283
0.0516129032258065	116.453706	93.8482826139675
0.0532258064516129	129.94179	74.1395145522522
0.0548387096774194	142.026496	82.7492203782201
0.0564516129032258	156.762079	67.86294101835
0.0580645161290323	171.360673	68.4997473044322
0.0596774193548387	187.783481	60.8909268134901
0.0612903225806452	203.316151	64.3804316965467
0.0629032258064516	218.162593	67.3562056147864
0.0645161290322581	237.894267	50.67993724202
0.0661290322580645	276.166437	26.1286464812421
0.067741935483871	317.084925	24.4388306821112
0.0693548387096774	360.261099	23.1609220400122
0.0709677419354839	405.668712	22.022738786115
0.0725806451612903	453.608481	20.8595081048472
0.0741935483870968	504.707045	19.5700215763402
0.0758064516129032	558.000015	18.7642009818556
0.0774193548387097	614.204795	17.7920810294071
0.0790322580645161	672.337581	17.2019968215526
0.0806451612903226	732.953382	16.4973486038731
0.082258064516129	797.301775	15.5404036274845
0.0838709677419355	864.415968	14.8999780121024
0.0854838709677419	935.162787	14.1349111399624
0.0870967741935484	1008.133899	13.7040531875134
0.0887096774193548	1082.839253	13.3859214427924
0.0903225806451613	1161.356663	12.7360288628981
0.0919354838709677	1242.826382	12.274499191534
0.0935483870967742	1326.602518	11.9365734413915
0.0951612903225806	1413.960096	11.4472038132742
0.0967741935483871	1503.431443	11.1767625449967
0.0983870967741935	1595.632783	10.8458293556254
0.1	1690.204014	10.574040217368
0.101612903225806	1789.689716	10.0516956697958
0.103225806451613	1893.807635	9.6044946883735
0.104838709677419	2001.094791	9.32078020597358
0.106451612903226	2112.270649	8.99475855630455
0.108064516129032	2224.074363	8.94424670006936
0.109677419354839	2338.463852	8.74206195640932
0.111290322580645	2462.480172	8.06345487432621
0.112903225806452	2589.32654	7.88355248768337
0.114516129032258	2719.822824	7.6630534552233
0.116129032258065	2852.131618	7.55807660071333
0.117741935483871	2985.225382	7.5135000314515
0.119354838709677	3117.658534	7.55097938014795
0.120967741935484	3253.454265	7.36400174464985
0.12258064516129	3394.53121	7.08833041429979
0.124193548387097	3537.366398	7.00107595335681
0.125806451612903	3681.254672	6.94983664895446