#% Complete	time_depth_5	rate_depth_50.0	0.0	0.0
0.00127226463104326	0.103373	9673.70589999323
0.00254452926208651	0.241501	7239.66176300243
0.00381679389312977	0.409819	5941.13523212015
0.00508905852417303	0.61902	4780.09187336581
0.00636132315521628	0.809128	5260.16790455951
0.00763358778625954	1.018525	4775.61760674699
0.0089058524173028	1.166397	6762.60549664575
0.0101781170483461	1.375116	4791.1306589242
0.0114503816793893	1.553243	5613.97205364712
0.0127226463104326	1.981677	2334.08179556244
0.0139949109414758	2.184614	4927.63764123842
0.0152671755725191	2.515287	3024.13562643457
0.0165394402035623	2.808714	3408.00267187409
0.0178117048346056	3.58173	1293.63428441326
0.0190839694656489	3.818082	4230.97752504738
0.0203562340966921	4.125525	3252.63544787164
0.0216284987277354	4.540226	2411.37590697876
0.0229007633587786	4.876781	2971.28255411448
0.0241730279898219	6.344504	681.327471191771
0.0254452926208651	7.006081	1511.5398509924
0.0267175572519084	7.371759	2734.64632819038
0.0279898218829517	8.140972	1300.03003069371
0.0292620865139949	8.657442	1936.22088407846
0.0305343511450382	9.112722	2196.45053593393
0.0318066157760814	10.184371	933.141355051887
0.0330788804071247	10.866627	1465.72547548135
0.0343511450381679	13.81011	339.733574136491
0.0356234096692112	14.438331	1591.79651746758
0.0368956743002544	15.152599	1400.03472086108
0.0381679389312977	15.73505	1716.88262188579
0.039440203562341	17.603148	535.303822390474
0.0407124681933842	18.387669	1274.6631383991
0.0419847328244275	19.400653	987.182423414388
0.0432569974554707	20.291752	1122.20976569382
0.044529262086514	21.386079	913.803643700649
0.0458015267175573	22.739724	738.746126200001
0.0470737913486005	28.463727	174.702913328312
0.0483460559796438	29.69557	811.791762424269
0.049618320610687	33.445378	266.680320699087
0.0508905852417303	34.884694	694.774462314041
0.0521628498727735	36.133318	800.881610476813
0.0534351145038168	38.39861	441.444193507946
0.0547073791348601	39.963151	639.165096983714
0.0559796437659033	41.704368	574.310956072678
0.0572519083969466	43.466136	567.611626502469
0.0585241730279898	45.217707	570.916051932808
0.0597964376590331	46.975074	569.033104638928
0.0610687022900763	48.960033	503.788743243562
0.0623409669211196	55.672053	148.986445213215
0.0636132315521628	58.360077	372.020487912311
0.0648854961832061	60.619902	442.512141426879
0.0661577608142494	74.78157	70.6131509367399
0.0674300254452926	77.473272	371.512151047925
0.0687022900763359	80.119264	377.930092003301
0.0699745547073791	83.312742	313.138214824088
0.0712468193384224	95.150483	84.4755768858265
0.0725190839694656	98.503529	298.236290226856
0.0737913486005089	102.545095	247.428843176135
0.0750636132315522	106.472282	254.6351879857
0.0763358778625954	110.700183	236.523986725328
0.0776081424936387	125.324973	68.3770502003789
0.0788804071246819	129.968051	215.374370191498
0.0801526717557252	134.182661	237.269877877194
0.0814249363867685	141.92478	129.163604951048
0.0826972010178117	170.839059	34.5849882682532
0.083969465648855	175.142526	232.370783835451
0.0852417302798982	179.302228	240.401836477709
0.0865139949109415	184.712467	184.834718022624
0.0877862595419847	190.129342	184.608284296758
0.089058524173028	210.475832	49.1485263551601
0.0903307888040712	229.736748	51.9186107244328
0.0916030534351145	255.373036	39.0072072836754
0.0928753180661578	261.438458	164.868990154353
0.094147582697201	268.39711	143.705993632101
0.0954198473282443	295.722718	36.5957090506458
0.0966921119592875	330.556136	28.7080641928392
0.0979643765903308	338.199204	130.837511847336
0.099236641221374	345.54849	136.067639767999
0.100508905852417	395.299952	20.0999118377667
0.101781170483461	403.061018	128.848279347193
0.103053435114504	437.823651	28.7665206487667
0.104325699745547	444.880435	141.707610718991
0.10559796437659	480.664755	27.9452005794716
0.106870229007634	489.015325	119.752304333716
0.108142493638677	497.873095	112.895232095663
0.10941475826972	509.300954	87.5054548712929
0.110687022900763	518.476241	108.988416384142
0.111959287531807	553.884271	28.2421812227339
0.11323155216285	598.951678	22.1889846025532
0.114503816793893	610.249202	88.5149701828475
0.115776081424936	619.991761	102.642437166662
0.11704834605598	630.268362	97.3084388505496
0.118320610687023	639.377025	109.785596415193
0.119592875318066	650.392688	90.7798286857539
0.120865139949109	661.303628	91.6511317998267
0.122137404580153	670.832506	104.944149772933
0.123409669211196	683.104539	81.486091179839
0.124681933842239	693.028335	100.767891641465
0.125954198473282	702.957166	100.716791332232
0.127226463104326	755.267068	19.1168394848073
0.128498727735369	766.506243	88.9745021320511
0.129770992366412	777.684768	89.4572405572298
0.131043256997455	824.322284	21.4419653053563
0.132315521628499	838.444266	70.8115900445136
0.133587786259542	849.732364	88.5888836188347
0.134860050890585	860.714667	91.0555827862334
0.136132315521628	874.020619	75.1543369463528
0.137404580152672	887.259944	75.5325516973108
0.138676844783715	900.364427	76.3097636129562
0.139949109414758	913.796189	74.4503960091011
0.141221374045802	929.303221	64.4868727942266
0.142493638676845	946.109565	59.5013406842084
0.143765903307888	960.407731	69.9390397341867
0.145038167938931	976.104613	63.7069196290067
0.146310432569975	986.560805	95.6371114837984
0.147582697201018	1002.950618	61.0135088179468
0.148854961832061	1016.560314	73.4770269666568
0.150127226463104	1034.337936	56.2504928949441
0.151399491094148	1048.760074	69.3378471347307
0.152671755725191	1063.67444	67.0494474924379
0.153944020356234	1123.114077	16.8237904952212
0.155216284987277	1224.808353	9.83339514605523
0.156488549618321	1240.163236	65.1258625676267
0.157760814249364	1255.118061	66.8680509467689
0.159033078880407	1271.885219	59.6403994045976
0.16030534351145	1351.238344	12.6018981609105
0.161577608142494	1369.307259	55.3436661802886
0.162849872773537	1384.46585	65.9691919915243
0.16412213740458	1401.739	57.8933199792742
0.165394402035623	1418.280129	60.4553655315791
0.166666666666667	1438.326341	49.88473632824
0.16793893129771	1508.507824	14.248772714022
0.169211195928753	1526.807019	54.6472126232874
0.170483460559796	1666.125217	7.1778131956602
0.17175572519084	1683.68228	56.9571345731346
0.173027989821883	1706.839172	43.1836880355102
0.174300254452926	1729.392795	44.338774306904
0.175572519083969	1748.417904	52.5621167269004
0.176844783715013	1767.632284	52.0443542804917
0.178117048346056	1787.151156	51.2324687615148
0.179389312977099	1807.871818	48.2610063327123
0.180661577608142	1829.224291	46.832982765041
0.181933842239186	1846.656812	57.3640496403247
0.183206106870229	1868.007059	46.8378656228191
0.184478371501272	1889.56451	46.387673570498
0.185750636132316	1908.651412	52.3919492016043
0.187022900763359	1932.279588	42.3223527706918
0.188295165394402	1953.955516	46.1341262989988
0.189567430025445	1973.753289	50.5107316868417
0.190839694656489	1993.511629	50.6115392284977
0.192111959287532	2016.206944	44.0619572806107
0.193384223918575	2038.506178	44.8445897289565
0.194656488549618	2063.459778	40.074378045653
0.195928753180662	2083.197236	50.6650856457806
0.197201017811705	2104.05699	47.9392038851463
0.198473282442748	2128.452364	40.9913781194743
0.199745547073791	2149.274318	48.0262323122988
0.201017811704835	2172.766264	42.5677804639946
0.202290076335878	2375.152512	4.94104718024121
0.203562340966921	2484.418512	9.15197774239012
0.204834605597964	2508.094498	42.2368893105449
0.206106870229008	2528.772091	48.3615283461671
0.207379134860051	2550.92335	45.1441608804263
0.208651399491094	2573.328824	44.6319502100243
0.209923664122137	2596.800042	42.6053730999394
0.211195928753181	2620.366527	42.4331418113473
0.212468193384224	2721.894434	9.84950866760213
0.213740458015267	2743.918922	45.4040066674875
0.21501272264631	2764.25556	49.1723361550709
0.216284987277354	2788.578177	41.113996902554
0.217557251908397	2811.569265	43.4951142808027
0.21882951653944	2901.10086	11.1692414281238
0.220101781170483	2925.71119	40.6333438031916
0.221374045801527	3036.623905	9.0160988305083
0.22264631043257	3064.78098	35.515052611111
0.223918575063613	3091.199151	37.8527340140242
0.225190839694656	3119.622169	35.1827522327145
0.2264631043257	3141.960793	44.7655146530064
0.227735368956743	3167.789502	38.7166079419612
0.229007633587786	3194.592754	37.3089056507028
0.23027989821883	3218.205789	42.3494904403431
0.231552162849873	3354.165369	7.35512716352906
0.232824427480916	3374.485053	49.2133637511291
0.234096692111959	3553.535791	5.58500909390276
0.235368956743003	3583.438659	33.4416083433869
0.236641221374046	3610.643035	36.7587920413979