#% Complete	time_depth_0	rate_depth_00.0	0.0	0.0
0.0123456790123457	0.086232	11596.6230633639
0.0246913580246914	0.66043	1741.55953172947
0.037037037037037	1.814412	866.564643122683
0.0493827160493827	3.874962	485.307320860935
0.0617283950617284	6.582391	369.354099405746
0.0740740740740741	10.746787	240.1308617144
0.0864197530864197	15.794986	198.09044770224
0.0987654320987654	22.179238	156.635421032879
0.111111111111111	29.547884	135.710142677501
0.123456790123457	37.969	118.749106412974
0.135802469135802	47.000025	110.729402255004
0.148148148148148	57.341062	96.7021005726989
0.160493827160494	68.840029	86.964333404905
0.172839506172839	81.908015	76.5228857759719
0.185185185185185	96.051893	70.7019673105212
0.197530864197531	111.512789	64.6793044853287
0.209876543209877	128.644436	58.3715039190335
0.222222222222222	147.08184	54.2375705386724
0.234567901234568	166.739408	50.8709927901559
0.246913580246914	187.941991	47.1640648688888
0.259259259259259	210.045169	45.2423628855543
0.271604938271605	233.557131	42.5315420295422
0.283950617283951	259.074613	39.1888196492115
0.296296296296296	285.83954	37.3623286923219
0.308641975308642	313.640741	35.9696690801236
0.320987654320988	342.445462	34.7165313630359
0.333333333333333	373.091639	32.6304974352919
0.345679012345679	405.381992	30.9690017944368
0.358024691358025	439.074533	29.6801597718617
0.37037037037037	474.406568	28.302926791508
0.382716049382716	511.241892	27.1478540544397
0.395061728395062	549.745393	25.9716642390519
0.407407407407407	589.932954	24.8833214834809
0.419753086419753	630.705372	24.5263844788406
0.432098765432099	673.404992	23.4194121633869
0.444444444444444	717.35774	22.7517059911703
0.45679012345679	763.625242	21.6134426276137
0.469135802469136	811.529225	20.8750909084115
0.481481481481481	860.767745	20.3093025541791
0.493827160493827	911.688273	19.6384452258625
0.506172839506173	964.643665	18.8838182899297
0.518518518518518	1018.927539	18.4216771264335
0.530864197530864	1074.690794	17.9329560299161
0.54320987654321	1132.317799	17.3529753975589
0.555555555555556	1192.842616	16.522148261927
0.567901234567901	1256.18306	15.7877011408382
0.580246913580247	1319.671939	15.7507899926852
0.592592592592593	1385.959103	15.0858769580186
0.604938271604938	1454.902723	14.504605357247
0.617283950617284	1526.496736	13.9676483842301
0.62962962962963	1599.43778	13.7097023179433
0.641975308641975	1674.372101	13.3450198341025
0.654320987654321	1752.327662	12.8278212249669
0.666666666666667	1832.869818	12.4158583487634
0.679012345679012	1915.377718	12.1200515344591
0.691358024691358	1999.205945	11.9291560347566
0.703703703703704	2085.796561	11.5485955198655
0.716049382716049	2174.791263	11.2366239509404
0.728395061728395	2267.051999	10.8388469825344
0.740740740740741	2361.351305	10.6045319145827
0.753086419753086	2457.845973	10.3632669112868
0.765432098765432	2557.009583	10.0843444485331
0.777777777777778	2659.711075	9.73695688861072
0.790123456790123	2763.650471	9.62099106290749
0.802469135802469	2870.875936	9.32614281504865
0.814814814814815	2980.721035	9.10372887915554
0.827160493827161	3091.535542	9.02408923770242
0.839506172839506	3205.881027	8.74542619675802
0.851851851851852	3323.372294	8.51127088449902
0.864197530864197	3441.64555	8.45499679149779
0.876543209876543	3563.213169	8.22587468789695
0.888888888888889	3689.825567	7.89812068799141