#% Complete	time_depth_infty_optsoff	rate_depth_infty_optsoff0.0	0.0	0.0
0.00454545454545455	0.013096	76359.1936469151
0.00909090909090909	0.0438	32569.046378322
0.0136363636363636	0.099095	18084.8177954607
0.0181818181818182	0.209754	9036.77061965136
0.0227272727272727	0.396806	5346.10696490815
0.0272727272727273	0.613346	4618.08441858317
0.0318181818181818	0.763664	6652.56323261352
0.0363636363636364	0.922152	6309.62596537277
0.0409090909090909	1.103024	5528.77172807289
0.0454545454545455	1.308406	4868.97585961769
0.05	1.536876	4376.94226813148
0.0545454545454545	1.767993	4326.81282640394
0.0590909090909091	2.028961	3831.88743447473
0.0636363636363636	2.325929	3367.36618086797
0.0681818181818182	2.618358	3419.63348368322
0.0727272727272727	2.966211	2874.77756408598
0.0772727272727273	3.33528	2709.52044197697
0.0818181818181818	3.704586	2707.78162282768
0.0863636363636364	4.109087	2472.18177458152
0.0909090909090909	4.550475	2265.58039638595
0.0954545454545455	5.082438	1879.82998817587
0.1	5.725349	1555.42524548499
0.104545454545455	6.477042	1330.33033432532
0.109090909090909	7.357958	1135.1820150843
0.113636363636364	8.503384	873.037629667914
0.118181818181818	9.769618	789.743443944801
0.122727272727273	11.021812	798.598300263377
0.127272727272727	12.424952	712.687258577192
0.131818181818182	13.873641	690.279280093933
0.136363636363636	15.25435	724.265576598689
0.140909090909091	16.683977	699.483151899063
0.145454545454545	18.137298	688.079233699918
0.15	19.902137	566.623924335308
0.154545454545455	21.455815	643.634009106133
0.159090909090909	23.123769	599.536917684781
0.163636363636364	25.074149	512.720598037306
0.168181818181818	27.21333	467.468624674583
0.172727272727273	29.305434	477.987709980001
0.177272727272727	31.429353	470.827748139171
0.181818181818182	33.37442	514.1211073963
0.186363636363636	35.598389	449.646555325187
0.190909090909091	37.77177	460.112607959672
0.195454545454545	40.317316	392.84302856833
0.2	42.761516	409.131822273136
0.204545454545455	45.05289	436.419371084773
0.209090909090909	47.650439	384.978300698081
0.213636363636364	50.259876	383.224427338158
0.218181818181818	53.11824	349.850473907452
0.222727272727273	55.65326	394.474205331713
0.227272727272727	58.303833	377.276913331571
0.231818181818182	61.37175	325.954059382962
0.236363636363636	64.615946	308.242781878777
0.240909090909091	67.668776	327.564915177065
0.245454545454545	70.533068	349.126415882179
0.25	73.888828	297.995089040932
0.254545454545455	77.150799	306.563117820483
0.259090909090909	80.50703	297.953269605102
0.263636363636364	83.600808	323.229397843026
0.268181818181818	86.818604	310.77172076788
0.272727272727273	90.115666	303.300332235183
0.277272727272727	93.629004	284.629602958782
0.281818181818182	97.251903	276.022047537069
0.286363636363636	101.102753	259.682927145954
0.290909090909091	105.167092	246.042468406302
0.295454545454545	108.684684	284.285386139154
0.3	112.220798	282.796312562321
0.304545454545455	115.892835	272.328410634206
0.309090909090909	119.659773	265.467602599247
0.313636363636364	123.441929	264.399458932947
0.318181818181818	127.346149	256.133107253178
0.322727272727273	131.227974	257.610788739833
0.327272727272727	135.229392	249.911406406429
0.331818181818182	139.242257	249.198515275246
0.336363636363636	143.31236	245.694027890694
0.340909090909091	147.423202	243.259166856815
0.345454545454545	151.718974	232.7870287343
0.35	155.981818	234.585173654021
0.354545454545455	160.438813	224.366417283394
0.359090909090909	164.915247	223.392101838205
0.363636363636364	169.551769	215.67890759496
0.368181818181818	174.070398	221.306064295165
0.372727272727273	178.740827	214.113093251177
0.377272727272727	183.431261	213.199887259899
0.381818181818182	188.220657	208.794595393658
0.386363636363636	193.04834	207.138704011841
0.390909090909091	197.916333	205.423467124952
0.395454545454545	202.787899	205.27280139487
0.4	207.807943	199.201441262268
0.404545454545455	212.968386	193.781812917999
0.409090909090909	218.184274	191.721908139133
0.413636363636364	223.41796	191.069926625327
0.418181818181818	228.848027	184.159790293563
0.422727272727273	234.262506	184.689976634871
0.427272727272727	239.722546	183.14884140043
0.431818181818182	245.199333	182.588806174131
0.436363636363636	251.172044	167.428157833185
0.440909090909091	257.007818	171.356875711774
0.445454545454545	262.95632	168.109550942405
0.45	268.942568	167.049544222024
0.454545454545455	275.008224	164.862629862294
0.459090909090909	281.220706	160.96626114973
0.463636363636364	287.47941	159.777487479837
0.468181818181818	293.733154	159.904210981453
0.472727272727273	300.083258	157.477735797713
0.477272727272727	306.57388	154.068439049448
0.481818181818182	313.059086	154.197106460458
0.486363636363636	319.617774	152.469518293902
0.490909090909091	326.263298	150.477223466501
0.495454545454545	332.999065	148.46119231856
0.5	339.760701	147.893202177698
0.504545454545455	346.629077	145.594824744597
0.509090909090909	353.53996	144.699309769822
0.513636363636364	360.586743	141.90872629397
0.518181818181818	367.501974	144.608329063772
0.522727272727273	374.536221	142.161627250223
0.527272727272727	381.618556	141.196370970873
0.531818181818182	389.255008	130.950865663793
0.536363636363636	397.289889	124.457350395108
0.540909090909091	405.533899	121.300192503405
0.545454545454545	413.835873	120.453280147589
0.55	422.048177	121.768507351895
0.554545454545455	430.4012	119.717137137058
0.559090909090909	439.059338	115.498274571276
0.563636363636364	447.515271	118.26016123827
0.568181818181818	455.998931	117.873653588191
0.572727272727273	464.638484	115.746729026375
0.577272727272727	473.375188	114.459640615042
0.581818181818182	482.09744	114.649290114525
0.586363636363636	490.90364	113.556358020486
0.590909090909091	499.921974	110.885225586012
0.595454545454545	508.863188	111.841635822608
0.6	518.068555	108.632279408306
0.604545454545454	527.138253	110.257254431184
0.609090909090909	536.296727	109.18849581273
0.613636363636364	545.830194	104.893634183661
0.618181818181818	555.398057	104.516546693865
0.622727272727273	564.957586	104.607664247893
0.627272727272727	574.685018	102.802055054201
0.631818181818182	584.490047	101.988479585323
0.636363636363636	594.431715	100.586742586857
0.640909090909091	604.144849	102.953382502496
0.645454545454546	614.222441	99.2300541637329
0.65	624.295708	99.2726590092371
0.654545454545455	634.484799	98.1441818509623
0.659090909090909	644.683295	98.053673796606
0.663636363636364	654.934497	97.5495361422014
0.668181818181818	665.305529	96.4224196781958
0.672727272727273	675.73105	95.9184677677019
0.677272727272727	686.280695	94.7899194712234
0.681818181818182	696.993203	93.3488217698418
0.686363636363636	707.539885	94.816549887443
0.690909090909091	718.361427	92.4082723146108
0.695454545454545	729.216688	92.1212304337967
0.7	740.099685	91.8864537038828
0.704545454545455	751.201873	90.0723352910259
0.709090909090909	762.342758	89.7594760200826
0.713636363636364	773.300997	91.2555384126953
0.718181818181818	784.468857	89.5426697684255
0.722727272727273	795.703487	89.0104970079118
0.727272727272727	806.943064	88.971319828139
0.731818181818182	818.317231	87.9185262533955
0.736363636363636	829.59066	88.7041555856699
0.740909090909091	841.065046	87.1506327223079
0.745454545454545	852.733194	85.7034038306681
0.75	864.282611	86.5844570336325
0.754545454545455	876.039506	85.0564711175869
0.759090909090909	887.9552	83.9229339054861
0.763636363636364	900.166842	81.889069463386
0.768181818181818	912.192333	83.156687739403
0.772727272727273	924.188023	83.3632746428086
0.777272727272727	936.27242	82.7513362892665
0.781818181818182	948.746148	80.1684949359169
0.786363636363636	961.289681	79.7223557350228
0.790909090909091	973.643229	80.9484044583788
0.795454545454545	986.088786	80.3499594272879
0.8	998.563952	80.1592539930935
0.804545454545455	1011.270805	78.6976917101345
0.809090909090909	1023.914329	79.0918734365517
0.813636363636364	1036.923167	76.8708165940726
0.818181818181818	1049.765925	77.8648947523577
0.822727272727273	1062.709274	77.2597571154104
0.827272727272727	1075.603382	77.5548025501262
0.831818181818182	1088.744743	76.0956190154127
0.836363636363636	1102.97975	70.2493507730625
0.840909090909091	1117.606354	68.3685700385405
0.845454545454545	1131.146363	73.8551946309634
0.85	1145.270746	70.7995528017054
0.854545454545454	1159.045652	72.5957766971326
0.859090909090909	1172.973333	71.7994618055947
0.863636363636364	1186.942849	71.5844414366247
0.868181818181818	1200.898709	71.6544877922248
0.872727272727273	1214.925501	71.2921386443891
0.877272727272727	1229.761607	67.4031312529044
0.881818181818182	1244.015503	70.1562576294922
0.886363636363636	1258.299828	70.0068081620945
0.890909090909091	1273.139426	67.3872701942464
0.895454545454546	1287.569976	69.2974280259586
0.9	1301.972537	69.4320961390125
0.904545454545455	1317.372895	64.9335554407247
0.909090909090909	1334.300591	59.0747848968933
0.913636363636364	1350.021387	63.6100105872499
0.918181818181818	1366.694542	59.9766510897309
0.922727272727273	1383.501878	59.497828805231
0.927272727272727	1399.583213	62.1838920711501
0.931818181818182	1415.284579	63.6887261910842
0.936363636363636	1431.288908	62.4830944177662
0.940909090909091	1448.011959	59.7977007903644
0.945454545454545	1464.003316	62.5337799662651
0.95	1480.194172	61.7632569890069
0.954545454545455	1497.156914	58.9527329956444
0.959090909090909	1513.700685	60.4457109567095
0.963636363636364	1530.196367	60.6219251801775
0.968181818181818	1547.041446	59.3645182667296
0.972727272727273	1563.749738	59.8505221239848
0.977272727272727	1579.64003	62.9315056010297
0.981818181818182	1595.609497	62.6194975699569
0.986363636363636	1611.600363	62.5357000677758
0.990909090909091	1627.806936	61.703359494941
0.995454545454545	1644.472203	60.0050392231937