#% Complete	time_depth_infty_optsoff	rate_depth_infty_optsoff0.0	0.0	0.0
0.000393700787401575	0.412485	2424.33058171812
0.00078740157480315	2.087763	596.915855159562
0.00118110236220472	4.720728	379.799959361404
0.0015748031496063	7.377401	376.410645947017
0.00196850393700787	10.033527	376.488163588625
0.00236220472440945	12.467981	410.769724956807
0.00275590551181102	14.872666	415.854883279931
0.0031496062992126	17.361672	401.766809722436
0.00354330708661417	19.762802	416.470578435986
0.00393700787401575	22.148815	419.109200159429
0.00433070866141732	24.644701	400.659324985195
0.0047244094488189	27.303595	376.096226476121
0.00511811023622047	29.779562	403.882604251188
0.00551181102362205	32.786007	332.618757369584
0.00590551181102362	35.220552	410.75437093995
0.0062992125984252	37.698445	403.568677097841
0.00669291338582677	40.138413	409.841440543482
0.00708661417322835	42.532955	417.616395953798
0.00748031496062992	44.971511	410.078751523443
0.0078740157480315	47.452655	403.039888051641
0.00826771653543307	49.961846	398.534826563621
0.00866141732283465	52.444631	402.773498309358
0.00905511811023622	54.887955	409.278507475882
0.0094488188976378	57.397447	398.487024465509
0.00984251968503937	59.905042	398.788480595949
0.0102362204724409	67.435048	132.802019015656
0.0106299212598425	83.399744	62.6382112130416
0.0110236220472441	109.248922	38.6859497040873
0.0114173228346457	148.407175	25.5374007619799
0.0118110236220472	210.296051	16.1579925930469
0.0122047244094488	295.522769	11.7334097037504
0.0125984251968504	414.631835	8.39566653977456
0.012992125984252	551.721271	7.29450809032434
0.0133858267716535	715.308286	6.11295462540227
0.0137795275590551	901.521804	5.37017940877955
0.0141732283464567	1112.791924	4.73327700102598
0.0145669291338583	1347.423853	4.26199453868872
0.0149606299212598	1604.825623	3.88497717012591
0.0153543307086614	1899.012065	3.39920491645227
0.015748031496063	2238.609075	2.94466668007472
0.0161417322834646	2661.61184	2.36405074089764
0.0165354330708661	3123.596435	2.16457434040631
0.0169291338582677	3570.51408	2.2375487098971
0.0173228346456693	4049.993112	2.08559693596779