#% Complete	time_depth_infty_optsoff	rate_depth_infty_optsoff0.0	0.0	0.0
0.000393700787401575	2.472776	404.403795572264
0.00078740157480315	9.94116	133.897774940335
0.00118110236220472	22.389192	80.3339837172655
0.0015748031496063	38.668816	61.4264801201797
0.00196850393700787	59.208836	48.6854443179705
0.00236220472440945	85.227905	38.4333505553177
0.00275590551181102	117.688682	30.8064098404052
0.0031496062992126	156.855607	25.5317464927359
0.00354330708661417	203.72152	21.3374697298653
0.00393700787401575	258.889034	18.1266098015582
0.00433070866141732	322.161278	15.8047184164987
0.0047244094488189	392.936835	14.1291717421595
0.00511811023622047	471.70919	12.6948089847003
0.00551181102362205	560.624972	11.2465973700822
0.00590551181102362	657.725094	10.2986482344481
0.0062992125984252	761.73607	9.61436992957358
0.00669291338582677	874.4581	8.87138033266435
0.00708661417322835	995.702696	8.24779027677242
0.00748031496062992	1124.281892	7.77730792468169
0.0078740157480315	1256.424336	7.56759122753927
0.00826771653543307	1395.094576	7.21135263052837
0.00866141732283465	1541.027908	6.85244410098167
0.00905511811023622	1695.265524	6.48350270144217
0.0094488188976378	1863.095064	5.95842662739825
0.00984251968503937	2032.351712	5.90818742906926
0.0102362204724409	2205.122175	5.78802639430329
0.0106299212598425	2380.357204	5.70662159105187
0.0110236220472441	2558.874662	5.60169302881289
0.0114173228346457	2739.4899	5.53663141091119
0.0118110236220472	2920.284715	5.53113207367148
0.0122047244094488	3103.412516	5.4606673292604
0.0125984251968504	3290.364977	5.34895338981389
0.012992125984252	3485.200116	5.13254439179989
0.0133858267716535	3684.192692	5.0253131051482