#% Complete	time_depth_0	rate_depth_00.0	0.0	0.0
0.00161290322580645	0.107351	9315.23693305138
0.0032258064516129	0.386059	3587.98455731447
0.00483870967741936	0.779284	2543.07330408799
0.00645161290322581	1.174146	2532.53035237627
0.00806451612903226	1.733291	1788.44485777392
0.00967741935483871	2.659227	1079.98824972784
0.0112903225806452	3.676944	982.591427675867
0.0129032258064516	4.90788	812.389921165682
0.0145161290322581	6.385372	676.822615621607
0.0161290322580645	8.730822	426.357415421348
0.017741935483871	10.912085	458.449989753643
0.0193548387096774	13.509829	384.949402250568
0.0209677419354839	16.559382	327.916911101398
0.0225806451612903	20.212034	273.773685530404
0.0241935483870968	24.31598	243.667923505816
0.0258064516129032	29.205971	204.499353884291
0.0274193548387097	35.962499	148.005010857648
0.0290322580645161	42.690699	148.628162064148
0.0306451612903226	50.467503	128.5875277299
0.032258064516129	59.211729	114.361179594398
0.0338709677419355	68.580624	106.736173262695
0.0354838709677419	78.523401	100.575523317077
0.0370967741935484	89.143326	94.1626235590176
0.0387096774193548	101.32515	82.0895130318744
0.0403225806451613	114.817307	74.1171333834908
0.0419354838709677	129.283444	69.1269549016437
0.0435483870967742	145.385624	62.1033922114894
0.0451612903225806	162.471455	58.5280282826162
0.0467741935483871	181.975539	51.2713132285525
0.0483870967741935	201.904064	50.1793283747793
0.05	222.685059	48.1208912277781
0.0516129032258065	245.016582	44.7797492360911
0.0532258064516129	268.703174	42.2179771577102
0.0548387096774194	294.099393	39.3759401744015
0.0564516129032258	320.852596	37.3787019072072
0.0580645161290323	350.03106	34.2718520070145
0.0596774193548387	380.892111	32.4033034390177
0.0612903225806452	414.577383	29.6865645021361
0.0629032258064516	450.655373	27.7177303946256
0.0645161290322581	489.351954	25.8420763322734
0.0661290322580645	530.910858	24.0622322475107
0.067741935483871	574.448661	22.9685452892512
0.0693548387096774	620.292963	21.8129616195269
0.0709677419354839	668.970423	20.5433890757653
0.0725806451612903	720.76006	19.3088821997343
0.0741935483870968	777.015558	17.7760403080957
0.0758064516129032	836.11191	16.9215182690126
0.0774193548387097	898.45798	16.039503372065
0.0790322580645161	968.940302	14.1879548179471
0.0806451612903226	1042.853939	13.5293031244018
0.082258064516129	1124.047882	12.3161896448359
0.0838709677419355	1208.569701	11.8312645401065
0.0854838709677419	1289.039414	12.4270357469772
0.0870967741935484	1374.249463	11.7357050223032
0.0887096774193548	1463.087226	11.2564743441367
0.0903225806451613	1560.736184	10.2407646787178
0.0919354838709677	1659.133176	10.1629122971564
0.0935483870967742	1762.222107	9.70036249575621
0.0951612903225806	1873.151744	9.01472345032555
0.0967741935483871	1986.42218	8.82842898212204
0.0983870967741935	2107.500282	8.25913177925436
0.1	2224.643489	8.53655987068887
0.101612903225806	2357.531758	7.52511871457969
0.103225806451613	2487.630179	7.68648837021626
0.104838709677419	2623.665135	7.35105173996601
0.106451612903226	2763.465298	7.15306748247497
0.108064516129032	2899.714689	7.33948234675046
0.109677419354839	3040.135348	7.12145924340094
0.111290322580645	3183.954871	6.95315892544018
0.112903225806452	3330.865304	6.80686850878725
0.114516129032258	3486.311924	6.43307651205281
0.116129032258065	3644.294308	6.32981965888045