#% Complete	time_depth_0	rate_depth_00.0	0.0	0.0
0.00454545454545455	0.067096	14904.018123286
0.00909090909090909	0.408404	2929.9049538833
0.0136363636363636	1.032867	1601.37590217515
0.0181818181818182	2.268327	809.415116636718
0.0227272727272727	4.019453	571.06113437868
0.0272727272727273	6.433004	414.327271311027
0.0318181818181818	9.921157	286.684672375323
0.0363636363636364	14.300596	228.339748538569
0.0409090909090909	21.244641	144.008283356459
0.0454545454545455	29.986304	114.394709564988
0.05	39.802662	101.87077529161
0.0545454545454545	52.486038	78.8433615781792
0.0590909090909091	67.55655	66.3547462753754
0.0636363636363636	84.571107	58.7732022643904
0.0681818181818182	104.196803	50.9536069446913
0.0727272727272727	129.53288	39.4694095696031
0.0772727272727273	158.810226	34.156101444441
0.0818181818181818	190.453305	31.6024872295139
0.0863636363636364	225.320584	28.6801846510592
0.0909090909090909	263.265453	26.3540243082668
0.0954545454545455	323.294143	16.6587010311236
0.1	455.953612	7.53809741240559
0.104545454545455	667.815238	4.72006195213474
0.109090909090909	997.022301	3.037601899811
0.113636363636364	1499.047656	1.99193126410916
0.118181818181818	2174.691698	1.48006929364738
0.122727272727273	3055.824771	1.1349023554357
0.127272727272727	4222.99198	0.856775269463555