#% Complete	time_depth_1_nohash	rate_depth_1_nohash0.0	0.0	0.0
0.00454545454545455	0.044874	22284.6191558586
0.00909090909090909	0.287447	4122.47034913201
0.0136363636363636	0.955034	1497.93210472942
0.0181818181818182	1.955179	999.855021021952
0.0227272727272727	4.025441	483.03065022688
0.0272727272727273	6.567323	393.409292799587
0.0318181818181818	9.794778	309.841655421997
0.0363636363636364	14.525982	211.362689074494
0.0409090909090909	21.490142	143.592335615494
0.0454545454545455	29.824322	119.987809238581
0.05	40.014086	98.137699754381
0.0545454545454545	52.253473	81.7034382522589
0.0590909090909091	66.045899	72.5035610123991
0.0636363636363636	81.725711	63.7762748686017
0.0681818181818182	99.613995	55.9025113867825
0.0727272727272727	122.102722	44.4667232609476
0.0772727272727273	148.992339	37.1890756197829
0.0818181818181818	179.327619	32.9649174162889
0.0863636363636364	212.51588	30.1311358254052
0.0909090909090909	249.189684	27.2674195455699
0.0954545454545455	307.986244	17.0077977351056
0.1	434.594801	7.89836029803262
0.104545454545455	643.665874	4.78306245646905
0.109090909090909	951.396029	3.2496002869787
0.113636363636364	1413.76361	2.1627813910249
0.118181818181818	2055.810363	1.55751897401154
0.122727272727273	2880.957823	1.21190459702803
0.127272727272727	4004.19983	0.890280094376848