#% Complete	time_depth_infty	rate_depth_infty0.0	0.0	0.0
0.000393700787401575	2.506234	399.005041029688
0.00078740157480315	9.311784	146.938895460323
0.00118110236220472	20.257394	91.3608286792604
0.0015748031496063	36.342238	62.170326302201
0.00196850393700787	57.258386	47.8099504746285
0.00236220472440945	83.230184	38.5033026977955
0.00275590551181102	115.88358	30.6246860204066
0.0031496062992126	155.596227	25.1808951440583
0.00354330708661417	204.475859	20.4584191632212
0.00393700787401575	260.277498	17.9206205753204
0.00433070866141732	323.82868	15.735348557325
0.0047244094488189	394.430646	14.1639115262031
0.00511811023622047	473.370743	12.6678334332424
0.00551181102362205	560.581557	11.4664679084408
0.00590551181102362	658.717528	10.1899435019601
0.0062992125984252	764.409371	9.46146809077783
0.00669291338582677	874.986333	9.04347507756634
0.00708661417322835	998.927817	8.06832359696451
0.00748031496062992	1129.371577	7.66613903187091
0.0078740157480315	1266.143572	7.31143828091416
0.00826771653543307	1406.154755	7.14228662720462
0.00866141732283465	1556.317103	6.6594590010007
0.00905511811023622	1714.522797	6.32088501188838
0.0094488188976378	1881.90779	5.97425122812534
0.00984251968503937	2053.336152	5.83334045973093
0.0102362204724409	2230.276774	5.65161345482328
0.0106299212598425	2404.288064	5.74675355834671
0.0110236220472441	2580.129293	5.68694842322786
0.0114173228346457	2757.79563	5.62852826756933
0.0118110236220472	2934.048	5.67368257232514
0.0122047244094488	3113.821961	5.56254083982718
0.0125984251968504	3297.373932	5.44804828056028
0.012992125984252	3485.61394	5.31236696505027
0.0133858267716535	3679.012448	5.17067070651859