#% Complete	time_depth_1	rate_depth_10.0	0.0	0.0
0.00246913580246914	0.298129	33542.5268927209
0.00493827160493827	0.632455	29910.9252645621
0.00740740740740741	0.952449	31250.5859484865
0.00987654320987654	1.124777	58028.8751682838
0.0123456790123457	1.30358	55927.4732526859
0.0148148148148148	1.52569	45022.7364819234
0.0172839506172839	1.839706	31845.5110567614
0.0197530864197531	2.096668	38916.2599917497
0.0222222222222222	2.280929	54270.844074438
0.0246913580246914	2.462649	55029.7160466652
0.0271604938271605	2.617581	64544.445305037
0.0296296296296296	2.781101	61154.5988258317
0.0320987654320988	3.011993	43310.2922578522
0.0345679012345679	3.336728	30794.3400003079
0.037037037037037	3.557168	45363.8178189076
0.0395061728395062	3.7367	55700.3765345454
0.0419753086419753	3.904332	59654.481244631
0.0444444444444444	4.094797	52503.0845562178
0.0469135802469136	4.297137	49421.765345458
0.0493827160493827	4.465207	59499.0182661986
0.0518518518518519	4.630996	60317.6326535539
0.054320987654321	4.820637	52731.2131870218
0.0567901234567901	5.070712	39988.0035989202
0.0592592592592593	5.4085	29604.3672362547
0.0617283950617284	5.660593	39667.9003383671
0.0641975308641975	5.850267	52722.0388666873
0.0666666666666667	6.019686	59025.2569074305
0.0691358024691358	6.216401	50834.9642884375
0.0716049382716049	6.396746	55449.277773157
0.0740740740740741	6.717729	31154.2978911656
0.0765432098765432	6.992384	36409.3135023939
0.0790123456790123	7.182123	52703.9775691873
0.0814814814814815	7.368247	53727.6224452514
0.0839506172839506	7.544027	56889.2934349757
0.0864197530864197	7.746666	49348.8420294217
0.0888888888888889	7.938161	52220.6846131753
0.091358024691358	8.287819	28599.3742456914
0.0938271604938272	8.534542	40531.2840716108
0.0962962962962963	8.727738	51760.9060228989
0.0987654320987654	8.929998	49441.3131612778
0.101234567901235	9.248271	31419.567478234
0.103703703703704	9.511799	37946.6318569565
0.106172839506173	9.700972	52861.6663054452
0.108641975308642	9.86626	60500.4598034944
0.111111111111111	10.24523	26387.3129799193
0.11358024691358	10.424564	55761.8744911727
0.116049382716049	10.762279	29610.7664746903
0.118518518518519	10.978522	46244.271490869
0.120987654320988	11.144807	60137.7153681931
0.123456790123457	11.311803	59881.6738125467
0.125925925925926	11.49683	54046.1662351982
0.128395061728395	11.685489	53005.6875102695
0.130864197530864	11.871309	53815.5203960823
0.133333333333333	12.064362	51799.2468389512
0.135802469135802	12.267104	49323.7710982429
0.138271604938272	12.498751	43169.1323436089
0.140740740740741	12.784859	34951.8363694828
0.14320987654321	13.019446	42628.1081219335
0.145679012345679	13.199572	55516.6938698468
0.148148148148148	13.379904	55453.2750704257
0.150617283950617	13.555359	56994.6709982618
0.153086419753086	13.736445	55222.3805263796
0.155555555555556	13.936317	50032.0204931154
0.158024691358025	14.134985	50335.2326494454
0.160493827160494	14.333782	50302.5699582994
0.162962962962963	14.614757	35590.3550137911
0.165432098765432	14.939511	30792.5383521066
0.167901234567901	15.138195	50331.1791588653
0.17037037037037	15.342862	48859.8552771085
0.172839506172839	15.641817	33449.8503119199
0.175308641975309	15.952777	32158.4769745305
0.177777777777778	16.163706	47409.3178273254
0.180246913580247	16.412226	40238.2102044102
0.182716049382716	16.622246	47614.512903533
0.185185185185185	16.829395	48274.4304824061
0.187654320987654	17.03967	47556.7708952564
0.190123456790123	17.252743	46932.2720382221
0.192592592592593	17.502189	40088.8368624869
0.195061728395062	17.859181	28011.8321979205
0.197530864197531	18.109328	39976.4938216326
0.2	18.299967	52455.1639486157
0.202469135802469	18.513905	46742.5141863525
0.204938271604938	18.730834	46098.0320750106
0.207407407407407	19.371195	15616.1914919866
0.209876543209877	19.561624	52513.0100982523
0.212345679012346	19.768379	48366.4240284392
0.214814814814815	19.98773	45589.033102197
0.217283950617284	20.208214	45354.7649716074
0.219753086419753	20.427712	45558.5016719974
0.222222222222222	20.650946	44796.0436134278
0.224691358024691	20.850792	50038.5296678449
0.22716049382716	21.163448	31984.0335704416
0.22962962962963	21.47499	32098.4008576693
0.232098765432099	21.689547	46607.661367375
0.234567901234568	21.899321	47670.3499957098
0.237037037037037	22.103955	48867.7345895602
0.239506172839506	22.323875	45471.0803928697
0.241975308641975	22.510526	53575.9251222877
0.244444444444444	22.729564	45654.1787269786
0.246913580246914	22.977416	40346.6584897436
0.249382716049383	23.325998	28687.6545547392
0.251851851851852	23.563969	42021.92704153
0.254320987654321	23.74259	55984.458714261
0.25679012345679	23.941324	50318.5162075936
0.259259259259259	24.136985	51108.8055361064
0.261728395061728	24.336536	50112.5025682659
0.264197530864198	24.62585	34564.5215924565
0.266666666666667	24.956886	30208.1948791067
0.269135802469136	25.177813	45263.8201758953
0.271604938271605	25.379204	49654.6518960626
0.274074074074074	25.585113	48565.1428543681
0.276543209876543	25.809814	44503.5847637528
0.279012345679012	26.11984	32255.3592279357
0.281481481481481	26.456103	29738.627205491
0.283950617283951	26.673621	45973.2068150678
0.28641975308642	26.899976	44178.3923483028
0.288888888888889	27.129455	43576.9721848184
0.291358024691358	27.355664	44206.9060028556
0.293827160493827	27.582974	43992.7851832301
0.296296296296296	27.8127	43530.1184889826
0.298765432098765	28.04262	43493.3890048713
0.301234567901235	28.253932	47323.3891118347
0.303703703703704	28.446379	51962.3584675258
0.306172839506173	28.65084	48909.0829057868
0.308641975308642	28.881437	43365.6985997217
0.311111111111111	29.078788	50671.1392392232
0.31358024691358	29.308056	43617.0769579704
0.316049382716049	29.516156	48053.8202787126
0.318518518518519	29.736115	45463.0181079195
0.320987654320988	29.941276	48742.2073396023
0.323456790123457	30.14942	48043.6620800982
0.325925925925926	30.382869	42835.9084853651
0.328395061728395	30.617369	42643.9232409381
0.330864197530864	30.852764	42481.7859342806
0.333333333333333	31.089996	42152.8292979027
0.335802469135802	31.329394	41771.443370454
0.338271604938272	31.665956	29712.2075575971
0.340740740740741	31.99823	30095.6439564939
0.34320987654321	32.242755	40895.6139454039
0.345679012345679	32.482165	41769.349651226
0.348148148148148	32.717739	42449.5063122416
0.350617283950617	32.953965	42332.3427565137
0.353086419753086	33.256355	33069.8766493598
0.355555555555556	33.791815	18675.531318866
0.358024691358025	34.096612	32808.721870622
0.360493827160494	34.335437	41871.6633518269
0.362962962962963	34.555604	45420.0674942196
0.365432098765432	34.78355	43870.0393952962
0.367901234567901	35.012824	43615.9355182002
0.37037037037037	35.224449	47253.3963378622
0.37283950617284	35.418644	51494.6316846467
0.375308641975309	35.614142	51151.4184288329
0.377777777777778	35.829839	46361.3309410889
0.380246913580247	36.05665	44089.5723752379
0.382716049382716	36.284621	43865.2284720418
0.385185185185185	36.513186	43751.2305033586
0.387654320987654	36.740915	43911.842584826
0.390123456790123	36.979639	41889.3785291805
0.392592592592593	37.217343	42069.1279911149
0.395061728395062	37.463797	40575.523221372
0.397530864197531	37.71278	40163.3846487507
0.4	37.964337	39752.4219163055
0.402469135802469	39.290527	7540.39768057369
0.404938271604938	39.532935	41252.7639351829
0.407407407407407	39.782936	39999.8400006404
0.409876543209877	40.038556	39120.5695954932
0.412345679012346	40.283425	40838.1624460424
0.414814814814815	40.550175	37488.2849109651
0.417283950617284	40.814045	37897.4495016489
0.419753086419753	41.063333	40114.2453708161
0.422222222222222	41.285786	44953.3159813531
0.424691358024691	41.50374	45881.2409958067
0.42716049382716	41.718535	46556.0185292949
0.42962962962963	41.939369	45282.8821648848
0.432098765432099	42.169414	43469.7559173198
0.434567901234568	42.413481	40972.3559514406
0.437037037037037	42.653793	41612.5703252433
0.439506172839506	42.850564	50820.4969228194
0.441975308641975	43.073816	44792.4318707107
0.444444444444444	43.303187	43597.4905284451
0.446913580246914	43.517748	46606.792473936
0.449382716049383	43.745814	43846.9565827425
0.451851851851852	43.975893	43463.3321598241
0.454320987654321	44.203307	43972.6665904468
0.45679012345679	44.433334	43473.1574989024
0.459259259259259	44.662824	43574.8834371871
0.461728395061728	44.88868	44275.9988665344
0.464197530864198	45.116848	43827.3552820735
0.466666666666667	45.345884	43661.2584921146
0.469135802469136	45.572979	44034.4349281141
0.471604938271605	45.808415	42474.3879440697
0.474074074074074	46.039561	43262.6997655157
0.476543209876543	46.261717	45013.4139973716
0.479012345679012	46.487192	44350.8149462241
0.481481481481481	46.717141	43487.9038395475
0.483950617283951	46.944216	44038.3133325995
0.48641975308642	47.170617	44169.4162128254
0.488888888888889	47.399815	43630.3981710143
0.491358024691358	47.630335	43380.1839319788
0.493827160493827	47.858055	43913.5780783422
0.496296296296296	48.088576	43379.9957487598
0.498765432098765	48.31549	44069.5593925464
0.501234567901235	48.544747	43619.1697527222
0.503703703703704	48.775476	43340.8890949995
0.506172839506173	49.003006	43950.2483189027
0.508641975308642	49.227758	44493.4861536267
0.511111111111111	49.439452	47237.9944637067
0.51358024691358	49.64338	49036.9149896047
0.516049382716049	49.86862	44397.0875510568
0.518518518518518	50.079139	47501.6506823617
0.520987654320988	50.306173	44046.2661980138
0.523456790123457	50.534563	43784.7541486059
0.525925925925926	50.761014	44159.6636800006
0.528395061728395	50.996956	42383.2975900867
0.530864197530864	51.23087	42750.7545508168
0.533333333333333	51.468435	42093.7427651386
0.535802469135802	51.700646	43064.2820538218
0.538271604938272	51.931565	43305.2282402054
0.540740740740741	52.161291	43530.1184889826
0.54320987654321	52.388656	43982.1432498408
0.545679012345679	52.623211	42633.9238131781
0.548148148148148	52.858174	42559.8924085919
0.550617283950617	53.08119	44839.8321196683
0.553086419753086	53.308819	43931.1335550391
0.555555555555556	53.540788	43109.2085580402
0.558024691358025	53.770602	43513.4500073978
0.560493827160494	53.977142	48416.7715696708
0.562962962962963	54.206987	43507.5811960239
0.565432098765432	54.429114	45019.2907660932
0.567901234567901	54.63438	48717.2741710752
0.57037037037037	54.868527	42708.2132164836
0.57283950617284	55.080706	47130.0175794968
0.575308641975309	55.316643	42384.1957810772
0.577777777777778	55.54229	44317.0084246629
0.580246913580247	55.765459	44809.0908683556
0.582716049382716	55.997149	43161.1204626871
0.585185185185185	56.230028	42940.7546408226
0.587654320987654	56.46145	43211.1035251615
0.590123456790123	56.694479	42913.1138184514
0.592592592592593	56.928569	42718.6124994657
0.595061728395062	57.143942	46431.0753901372
0.597530864197531	57.374034	43460.8765189578
0.6	57.608137	42716.2402873953
0.602469135802469	57.837888	43525.381826412
0.604938271604938	58.063463	44331.1537182757
0.607407407407407	58.286729	44789.6231401104
0.609876543209876	58.51678	43468.6221750837
0.612345679012346	58.751781	42553.0104127209
0.614814814814815	58.975134	44772.1767784636
0.617283950617284	59.205824	43348.216220902
0.619753086419753	59.437568	43151.0632421985
0.622222222222222	59.669143	43182.5542480839
0.624691358024691	59.901686	43002.7994822463
0.627160493827161	60.147329	40709.4849028873
0.62962962962963	60.391709	40919.8788771586
0.632098765432099	60.625486	42775.8077141885
0.634567901234568	60.860694	42515.5606952144
0.637037037037037	61.092917	43062.056729954
0.639506172839506	61.320519	43936.3450233307
0.641975308641975	61.555309	42591.2517568884
0.644444444444444	61.789349	42727.7388480601
0.646913580246914	62.0191	43525.381826412
0.649382716049383	62.251159	43092.4894100208
0.651851851851852	62.484043	42939.832706412
0.654320987654321	62.715366	43229.5967110917
0.65679012345679	62.948767	42844.7178889562
0.659259259259259	63.181044	43052.0456179469
0.661728395061728	63.412418	43220.0679419464
0.664197530864198	63.645291	42941.861014373
0.666666666666667	63.876431	43263.8227913825
0.669135802469136	64.10418	43907.98642365
0.671604938271605	64.329129	44454.520802494
0.674074074074074	64.561115	43106.0495029861
0.676543209876543	64.794434	42859.7756719351
0.679012345679012	65.03135	42209.0529976855
0.681481481481481	65.266045	42608.4918724298
0.683950617283951	65.497834	43142.6858047636
0.68641975308642	65.731588	42780.0165986456
0.688888888888889	65.968	42299.0372739114
0.691358024691358	66.201772	42776.7226186195
0.693827160493827	66.435764	42736.503812096
0.696296296296296	66.668413	42983.2064612365
0.698765432098765	66.902975	42632.6514951277
0.701234567901235	67.138343	42486.6591890132
0.703703703703704	67.365805	43963.3872910662
0.706172839506173	67.591476	44312.2953325849
0.708641975308642	67.801054	47714.9319107937
0.711111111111111	68.026589	44339.0161172308
0.71358024691358	68.258195	43176.774349542
0.716049382716049	68.49741	41803.3986163072
0.718518518518519	68.731846	42655.5648449893
0.720987654320988	68.963139	43235.2038323696
0.723456790123457	69.184113	45254.1928009634
0.725925925925926	69.388388	48953.6164484128
0.728395061728395	69.616186	43898.5416904464
0.730864197530864	69.841263	44429.2397712785
0.733333333333333	70.047484	48491.6667070765
0.735802469135802	70.274985	43955.8507435125
0.738271604938272	70.490923	46309.5888634713
0.740740740740741	70.705021	46707.582508943
0.74320987654321	70.921294	46237.8567828622
0.745679012345679	71.156182	42573.4818296383
0.748148148148148	71.389372	42883.4855697083
0.750617283950617	71.620123	43336.7569371291
0.753086419753086	71.84727	44024.354272786
0.755555555555556	72.071104	44675.9652242265
0.758024691358025	72.305545	42654.6551157879
0.760493827160494	72.538229	42976.7409877763
0.762962962962963	72.760764	44936.7515222338
0.765432098765432	72.98847	43916.278007604
0.767901234567901	73.214298	44281.4885665211
0.77037037037037	73.440664	44176.2455492435
0.772839506172839	73.671903	43245.3003169876
0.775308641975309	73.908489	42267.927941636
0.777777777777778	74.145013	42279.0076271325
0.780246913580247	74.366468	45155.9007473318
0.782716049382716	74.591144	44508.5367373458
0.785185185185185	74.824396	42872.0868417004
0.787654320987654	75.057438	42910.7199560573
0.790123456790123	77.424643	4224.3912124214
0.792592592592593	77.658254	42806.2034750083
0.795061728395062	77.87015	47192.9625854202
0.797530864197531	78.071962	49551.0673299893
0.8	78.270679	50322.8208960476
0.802469135802469	78.486729	46285.5820411951
0.804938271604938	78.721934	42516.102974
0.807407407407407	78.940877	45673.9882069771
0.809876543209877	79.174709	42765.746347804
0.812345679012346	79.419646	40826.8248570052
0.814814814814815	79.666202	40558.73716316
0.817283950617284	79.913875	40375.8181150136
0.819753086419753	80.165254	39780.570373818
0.822222222222222	80.411328	40638.1820102907
0.824691358024691	80.658109	40521.7581580432
0.827160493827161	80.904322	40615.239650222
0.82962962962963	81.148711	40918.3719398152
0.832098765432099	81.393596	40835.4942115693
0.834567901234568	81.637898	40932.943651709
0.837037037037037	81.883174	40770.3974298358
0.839506172839506	82.134752	39749.1036577111
0.841975308641975	82.382275	40400.2860340249
0.844444444444444	82.638898	38967.6685254259
0.846913580246914	82.886215	40433.9370120114
0.849382716049383	83.12785	41384.7331719349
0.851851851851852	83.373404	40724.2398820629
0.854320987654321	83.617998	40884.0772872586
0.85679012345679	83.861431	41079.0648761678
0.859259259259259	84.109545	40304.0537817292
0.861728395061728	84.357702	40297.0700000393
0.864197530864197	84.603518	40680.8344452777
0.866666666666667	84.849221	40699.5437581135
0.869135802469136	85.09395	40861.5243800274
0.871604938271605	85.341937	40324.6944396287
0.874074074074074	85.578719	42232.9400038845
0.876543209876543	85.823735	40813.6611486609
0.879012345679012	86.070651	40499.6031038898
0.881481481481482	86.315727	40803.6690659228
0.883950617283951	86.562218	40569.4325553459
0.88641975308642	86.810019	40354.9622479336
0.888888888888889	87.052117	41305.586993697
0.891358024691358	87.294912	41187.0096171666
0.893827160493827	87.531265	42309.5962395216
0.896296296296296	87.766679	42478.3572769689
0.898765432098765	88.01274	40640.3290241042
0.901234567901235	88.251224	41931.534190973
0.903703703703704	88.496582	40756.7717376225
0.906172839506173	88.734351	42057.62736101
0.908641975308642	88.944028	47692.403077114
0.911111111111111	89.270787	30603.5946982337
0.91358024691358	89.5617	34374.538092144
0.916049382716049	89.800161	41935.5785642095
0.918518518518519	90.037759	42087.8963627655
0.920987654320988	90.281891	40961.4470860014
0.923456790123457	90.497122	46461.7085828708
0.925925925925926	90.714057	46096.7570931401
0.928395061728395	90.945747	43161.1204626871
0.930864197530864	91.185524	41705.4179508454
0.933333333333333	91.418179	42982.0979562023
0.935802469135802	91.646041	43886.2118299669
0.938271604938272	91.87082	44488.141685834
0.940740740740741	92.100681	43504.5527514455
0.94320987654321	92.345961	40769.7325505531
0.945679012345679	92.586686	41541.177692388
0.948148148148148	92.826652	41672.5702807906
0.950617283950617	93.074351	40371.5800225278
0.953086419753086	93.291334	46086.5597765695
0.955555555555556	93.515799	44550.3753369132
0.958024691358025	93.712372	50871.6863455305
0.960493827160494	93.935749	44767.3663806033
0.962962962962963	94.173903	41989.6369575998
0.965432098765432	94.394699	45290.6755557151
0.967901234567901	94.631945	42150.3418392725
0.97037037037037	94.87815	40616.5593712551
0.97283950617284	95.120316	41293.9884211661
0.975308641975309	95.352838	43006.6832385747
0.977777777777778	95.570509	45940.8924477776
0.980246913580247	95.780039	47725.8626449671
0.982716049382716	96.011038	43290.2306936399
0.985185185185185	96.245816	42593.4286858213
0.987654320987654	96.49104	40779.0428343077
0.990123456790123	96.738381	40430.0136249136
0.992592592592593	96.975887	42104.1994728561
0.995061728395062	97.216617	41540.3148755869
0.997530864197531	97.452989	42306.195319242