#% Complete	time_depth_4	rate_depth_40.0	0.0	0.0
0.00127226463104326	0.37852	2641.86832928247
0.00254452926208651	1.114415	1358.88951548794
0.00381679389312977	2.433539	758.078846264642
0.00508905852417303	5.483399	327.883902867673
0.00636132315521628	14.175021	115.053323763965
0.00763358778625954	22.757378	116.518108020908
0.0089058524173028	29.450841	149.399496195019
0.0101781170483461	35.645041	161.441348358142
0.0114503816793893	46.760082	89.9681791547148
0.0127226463104326	56.580643	101.827176675548
0.0139949109414758	68.987058	80.6034619992963
0.0152671755725191	87.800658	53.1530382276651
0.0165394402035623	102.201265	69.4415172915975
0.0178117048346056	120.798574	53.7712203416096
0.0190839694656489	142.891907	45.26252331416
0.0203562340966921	179.825866	27.0753536061488
0.0216284987277354	208.940372	34.3471395324379
0.0229007633587786	241.906648	30.3340298431039
0.0241730279898219	282.339301	24.7324853998574
0.0254452926208651	314.94534	30.6691653040101
0.0267175572519084	350.770469	27.9133677369312
0.0279898218829517	415.817384	15.373519251451
0.0292620865139949	468.574512	18.9547846501424
0.0305343511450382	520.622045	19.213206512593
0.0318066157760814	571.102962	19.8094658225008
0.0330788804071247	641.701854	14.1645282478371
0.0343511450381679	709.92027	14.6587982928246
0.0356234096692112	797.601765	11.4049150279657
0.0368956743002544	883.327601	11.6650947562646
0.0381679389312977	993.107973	9.10909647855811
0.039440203562341	1062.048981	14.505154899969
0.0407124681933842	1173.391018	8.98133379758445
0.0419847328244275	1293.274863	8.34140746820391
0.0432569974554707	1407.521356	8.75300391058832
0.044529262086514	1556.326385	6.72020298453757
0.0458015267175573	1700.832942	6.92010121035546
0.0470737913486005	1871.050031	5.87485079127396
0.0483460559796438	2035.631057	6.07603454847827
0.049618320610687	2172.355697	7.31397062007258
0.0508905852417303	2338.434727	6.02122977235597
0.0521628498727735	2473.149369	7.4230980771934
0.0534351145038168	2794.026303	3.11645959569035
0.0547073791348601	2969.533606	5.69776859940695
0.0559796437659033	3204.19406	4.26147645653153
0.0572519083969466	3414.723436	4.74993095500363
0.0585241730279898	3633.472948	4.57143876965541