#% Complete	time_depth_1_nohash	rate_depth_1_nohash0.0	0.0	0.0
0.000714285714285714	0.017622	56747.2477584837
0.00142857142857143	0.029754	82426.6402901418
0.00214285714285714	0.043976	70313.5986499789
0.00285714285714286	0.059301	65252.8548123981
0.00357142857142857	0.076754	57296.7398155045
0.00428571428571429	0.096793	49902.6897549778
0.005	0.121576	40350.2400839285
0.00571428571428571	0.149169	36241.0756351248
0.00642857142857143	0.179333	33152.1018432569
0.00714285714285714	0.212229	30398.8326848249
0.00785714285714286	0.254924	23421.9463637428
0.00857142857142857	0.30868	18602.5745963241
0.00928571428571429	0.367599	16972.4537076325
0.01	0.429641	16118.1135359917
0.0107142857142857	0.496118	15042.796756773
0.0114285714285714	0.570211	13496.5516310583
0.0121428571428571	0.649766	12569.9201810068
0.0128571428571429	0.733785	11902.069769933
0.0135714285714286	0.817709	11915.5426338115
0.0142857142857143	0.868406	19725.0330394303
0.015	0.924179	17929.8226740538
0.0157142857142857	0.983971	16724.6454375167
0.0164285714285714	1.04629	16046.4705787962
0.0171428571428571	1.116803	14181.7820827365
0.0178571428571429	1.189402	13774.2944117687
0.0185714285714286	1.26462	13294.6901007738
0.0192857142857143	1.352101	11431.0536002103
0.02	1.457738	9466.3801508941
0.0207142857142857	1.560555	9726.01807094158
0.0214285714285714	1.679175	8430.28157140447
0.0221428571428571	1.814871	7369.41398419997
0.0228571428571429	1.944624	7706.95089901583
0.0235714285714286	2.084045	7172.52063892813
0.0242857142857143	2.22233	7231.44231116897
0.025	2.338414	8614.45160401087
0.0257142857142857	2.486686	6744.36171360743
0.0264285714285714	2.642995	6397.58427217883
0.0271428571428571	2.803295	6238.30318153463
0.0278571428571429	2.962959	6263.15262050305
0.0285714285714286	3.132099	5912.26203145323
0.0292857142857143	3.307239	5709.71793993377
0.03	3.486901	5566.00728033752
0.0307142857142857	3.666359	5572.33447380446
0.0314285714285714	3.835635	5907.51199224934
0.0321428571428571	4.003936	5941.73534322433
0.0328571428571429	4.182286	5606.95262125035
0.0335714285714286	4.364837	5477.92123844846
0.0342857142857143	4.547425	5476.81118145771
0.035	4.762804	4642.97819193142
0.0357142857142857	4.979406	4616.76254143544
0.0364285714285714	5.203503	4462.35335591285
0.0371428571428571	5.428496	4444.58272035129
0.0378571428571429	5.654399	4426.67870723276
0.0385714285714286	5.889822	4247.6733369297
0.0392857142857143	6.108479	4573.37290825356
0.04	6.324191	4635.81071057707
0.0407142857142857	6.544774	4533.44092699799
0.0414285714285714	6.791899	4046.53515427416
0.0421428571428571	7.022743	4331.92978808199
0.0428571428571429	7.267135	4091.78696520345
0.0435714285714286	7.528594	3824.69144301783
0.0442857142857143	7.776068	4040.82853148209
0.045	8.024639	4022.99544194616
0.0457142857142857	8.269447	4084.83382895985
0.0464285714285714	8.54062	3687.68277077731
0.0471428571428571	8.823365	3536.75573396523
0.0478571428571429	9.108179	3511.06336064942
0.0485714285714286	9.399894	3428.00335944329
0.0492857142857143	9.678161	3593.6708269396
0.05	9.946384	3728.24105315352
0.0507142857142857	10.246702	3329.8037413675
0.0514285714285714	10.532036	3504.66470872731
0.0521428571428571	10.828222	3376.25681159811
0.0528571428571429	11.140082	3206.56704931701
0.0535714285714286	11.457086	3154.53432764255
0.0542857142857143	11.765166	3245.91015320696
0.055	12.084693	3129.62597839933
0.0557142857142857	12.407326	3099.49695164475
0.0564285714285714	12.72737	3124.5703715739
0.0571428571428571	13.049652	3102.87263948964
0.0578571428571429	13.358345	3239.46445173684
0.0585714285714286	13.668987	3219.13971710201
0.0592857142857143	14.001795	3004.73546308983
0.06	14.330152	3045.46575830574
0.0607142857142857	14.643209	3194.30646815116
0.0614285714285714	14.96448	3112.63699493575
0.0621428571428571	15.308252	2908.90473918761
0.0628571428571429	15.670676	2759.19917003288
0.0635714285714286	16.029346	2788.0781777121
0.0642857142857143	16.397115	2719.0981295324
0.065	16.7782	2624.08648989072
0.0657142857142857	17.152828	2669.31462677642
0.0664285714285714	17.500206	2878.70849622026
0.0671428571428571	17.867405	2723.31896328692
0.0678571428571429	18.253985	2586.78669356926
0.0685714285714286	18.62934	2664.14460976943
0.0692857142857143	19.035163	2464.12845008784
0.07	19.426497	2555.36191590815
0.0707142857142857	19.825395	2506.90652748322
0.0714285714285714	20.235482	2438.50695096406
0.0721428571428571	20.615312	2632.75675960299
0.0728571428571429	20.999322	2604.09885159241
0.0735714285714286	21.407582	2449.41948758143
0.0742857142857143	21.820803	2420.01253566493
0.075	22.227077	2461.39305001059
0.0757142857142857	22.659832	2310.77630529976
0.0764285714285714	23.098858	2277.76942595656
0.0771428571428571	23.555071	2191.95858075065
0.0778571428571429	23.99774	2259.02423707105
0.0785714285714286	24.438847	2267.02364732367
0.0792857142857143	24.896027	2187.32228006474
0.08	25.352209	2192.1075360273
0.0807142857142857	25.778996	2343.08917563093
0.0814285714285714	26.201715	2365.63769312474
0.0821428571428571	26.638348	2290.25291262914
0.0828571428571429	27.084292	2242.4340275909
0.0835714285714286	27.556826	2116.24983599064
0.0842857142857143	28.040444	2067.74768515647
0.085	28.52096	2081.09615496675
0.0857142857142857	28.99772	2097.49140028525
0.0864285714285714	29.48171	2066.15839170231
0.0871428571428571	29.980017	2006.79500789674
0.0878571428571429	30.479446	2002.28661131012
0.0885714285714286	30.974194	2021.23101053465
0.0892857142857143	31.464763	2038.44922936427
0.09	31.969784	1980.11567835793
0.0907142857142857	32.470805	1995.9243225334
0.0914285714285714	32.959664	2045.57960475312
0.0921428571428571	33.437863	2091.17961350817
0.0928571428571429	33.949489	1954.55273969658
0.0935714285714286	34.449639	1999.40017994602
0.0942857142857143	35.028327	1728.04689228047
0.095	35.644259	1623.55584707403
0.0957142857142857	36.262882	1616.49340551515
0.0964285714285714	36.955505	1443.7868797311
0.0971428571428571	37.575434	1613.08795039432
0.0978571428571429	38.175656	1666.05022808229
0.0985714285714286	38.835481	1515.5533664229
0.0992857142857143	39.364723	1889.4947868839
0.1	39.985044	1612.06859029437
0.100714285714286	40.651882	1499.61459904805
0.101428571428571	41.220387	1758.99948109515
0.102142857142857	41.793049	1746.23076090259
0.102857142857143	42.386342	1685.50783508318
0.103571428571429	42.952235	1767.11851887193
0.104285714285714	43.53497	1716.04588706702
0.105	44.269111	1362.13615640592
0.105714285714286	44.851356	1717.49006002628
0.106428571428571	45.403693	1810.48888631399
0.107142857142857	46.047277	1553.79872712807
0.107857142857143	46.735845	1452.28938899282
0.108571428571429	47.44746	1405.25424562439
0.109285714285714	48.06168	1628.08114356419
0.11	48.698224	1570.98330987331
0.110714285714286	49.454072	1323.01732623492
0.111428571428571	50.086634	1580.87270496805
0.112142857142857	50.852816	1305.17292236048
0.112857142857143	51.542816	1449.27536231883
0.113571428571429	52.224732	1466.45627907249
0.114285714285714	52.853364	1590.75579989566
0.115	53.613287	1315.92279744132
0.115714285714286	54.370011	1321.48577288417
0.116428571428571	55.035311	1503.08131669923
0.117142857142857	55.681679	1547.10629239071
0.117857142857143	56.341019	1516.66818333485
0.118571428571429	56.968741	1593.06189682694
0.119285714285714	57.574942	1649.61786602134
0.12	58.264708	1449.7670224395
0.120714285714286	58.899607	1575.05366995379
0.121428571428571	59.584393	1460.31022830491
0.122142857142857	60.275668	1446.60229286462
0.122857142857143	60.943018	1498.46407432382
0.123571428571429	61.601262	1519.19349055974
0.124285714285714	62.268594	1498.50449251646
0.125	62.980656	1404.3720911943
0.125714285714286	63.636148	1525.57163169041
0.126428571428571	64.309044	1486.11375309111
0.127142857142857	65.022871	1400.89965776022
0.127857142857143	65.718565	1437.41357550877
0.128571428571429	66.409609	1447.08585849815
0.129285714285714	67.264253	1170.0778335775
0.13	67.981385	1394.44342185259
0.130714285714286	68.667982	1456.45844651231
0.131428571428571	69.416338	1336.2624205592
0.132142857142857	70.263711	1180.11784656815
0.132857142857143	70.973927	1408.0223481307
0.133571428571429	71.671503	1433.53555741597
0.134285714285714	72.356192	1460.51711068823
0.135	73.03681	1469.25294364825
0.135714285714286	73.746107	1409.84665097979
0.136428571428571	74.584134	1193.27897549839
0.137142857142857	75.364384	1281.6404998398
0.137857142857143	76.093633	1371.27373503427
0.138571428571429	76.964727	1147.98173331466
0.139285714285714	77.653193	1452.50455360176
0.14	78.557464	1105.8631759727
0.140714285714286	79.302916	1341.46799525657
0.141428571428571	80.235698	1072.06185368071
0.142142857142857	81.096141	1162.19203363848
0.142857142857143	81.971997	1141.74019473521
0.143571428571429	82.767352	1257.30019928208
0.144285714285714	83.699272	1073.0534809855
0.145	84.519013	1219.89750421168
0.145714285714286	85.460227	1062.45763450182
0.146428571428571	86.249385	1267.17336705704
0.147142857142857	87.04484	1257.14213877594
0.147857142857143	87.887038	1187.36924096232
0.148571428571429	88.735648	1178.39761492324
0.149285714285714	89.555335	1219.97786960144
0.15	90.428062	1145.83369140637
0.150714285714286	91.311422	1132.04129686651
0.151428571428571	92.200029	1125.35687880018
0.152142857142857	93.050163	1176.28515034101
0.152857142857143	93.903166	1172.3288194766
0.153571428571429	94.79088	1126.48893675215
0.154285714285714	95.674699	1131.45338581768
0.155	96.553238	1138.25339569446
0.155714285714286	97.43437	1134.90373746498
0.156428571428571	98.29013	1168.55193044778
0.157142857142857	99.165194	1142.77355713411
0.157857142857143	100.00629	1188.92492652443
0.158571428571429	100.860714	1170.37910920106
0.159285714285714	101.754223	1119.18290694331
0.16	102.681148	1078.83593602503
0.160714285714286	103.732768	950.91382818889
0.161428571428571	104.651392	1088.58466576095
0.162142857142857	105.697485	955.937951979414
0.162857142857143	106.679132	1018.69613007528
0.163571428571429	107.734688	947.368022160824
0.164285714285714	108.65613	1085.25550170277
0.165	109.545758	1124.06533967006
0.165714285714286	110.47542	1075.6597559113
0.166428571428571	111.555385	925.955933757111
0.167142857142857	112.494214	1065.156700528
0.167857142857143	113.379734	1129.27997109043
0.168571428571429	114.350009	1030.63564453377
0.169285714285714	115.318356	1032.68766258377
0.17	116.288294	1030.99373362009
0.170714285714286	117.304251	984.293626600338
0.171428571428571	118.243756	1064.39029063176
0.172142857142857	119.203434	1042.01617625912
0.172857142857143	120.19237	1011.1877816158
0.173571428571429	121.1738	1018.92136983789
0.174285714285714	122.167205	1006.63878277239
0.175	123.308912	875.881465209542
0.175714285714286	124.35404	956.820599964797
0.176428571428571	125.431171	928.392182566459
0.177142857142857	126.563325	883.272063694515
0.177857142857143	127.717847	866.159328276118
0.178571428571429	128.780425	941.107382234526
0.179285714285714	129.839292	944.405671344944
0.18	130.887958	953.59246890812
0.180714285714286	131.913811	974.798533513075
0.181428571428571	132.937369	976.984206073344
0.182142857142857	134.088615	868.62408208149
0.182857142857143	135.15439	938.284347071378
0.183571428571429	136.367649	824.226319359679
0.184285714285714	137.470845	906.45723878622
0.185	138.697483	815.236443025565
0.185714285714286	139.804595	903.250980930565
0.186428571428571	140.859658	947.810699455871
0.187142857142857	141.976442	895.428301265065
0.187857142857143	143.08039	905.839767815149
0.188571428571429	144.361685	780.460393586176
0.189285714285714	145.620212	794.579695151545
0.19	146.699905	926.189203782934
0.190714285714286	147.742358	959.275861837421
0.191428571428571	148.870804	886.1744381211
0.192142857142857	149.981277	900.517167009003
0.192857142857143	151.122202	876.481802046599
0.193571428571429	152.207865	921.096141251926
0.194285714285714	153.360474	867.596904067198
0.195	154.498733	878.534674445816
0.195714285714286	155.700767	831.923223469534
0.196428571428571	156.845458	873.598202484343
0.197142857142857	158.034359	841.112926980473
0.197857142857143	159.214974	847.016173773826
0.198571428571429	160.384466	855.072116782336
0.199285714285714	161.555192	854.170830749465
0.2	162.742326	842.364888883657
0.200714285714286	163.92911	842.61331463854
0.201428571428571	165.243668	760.711965542788
0.202142857142857	166.432956	840.839224813519
0.202857142857143	167.60538	852.933750929693
0.203571428571429	168.841717	808.840955176466
0.204285714285714	170.056509	823.186191545537
0.205	171.306999	799.686522883039
0.205714285714286	172.518764	825.24251814501
0.206428571428571	173.744245	816.006123309948
0.207142857142857	174.974456	812.868686753738
0.207857142857143	176.19779	817.438246627662
0.208571428571429	177.398742	832.672746287944
0.209285714285714	178.658905	793.548136233166
0.21	179.875694	821.835174381093
0.210714285714286	181.108589	811.099079808104
0.211428571428571	182.357747	800.539243234246
0.212142857142857	183.615461	795.093320102967
0.212857142857143	184.811027	836.423919716697
0.213571428571429	186.118034	765.10684334514
0.214285714285714	187.364901	802.010158260659
0.215	188.654237	775.59301842189
0.215714285714286	189.891978	807.923467025816
0.216428571428571	191.190998	769.811088358909
0.217142857142857	192.496364	766.068673460168
0.217857142857143	193.852563	737.354916203299
0.218571428571429	195.146697	772.717508387857
0.219285714285714	196.454728	764.507874813365
0.22	197.773806	758.10528262922
0.220714285714286	199.128947	737.930591724402
0.221428571428571	200.482955	738.548073571209
0.222142857142857	201.756715	785.077251601551
0.222857142857143	203.061928	766.158473751039
0.223571428571429	204.40068	746.964336934698
0.224285714285714	205.801711	713.760080968935
0.225	207.158256	737.166846658248
0.225714285714286	208.534103	726.825003070839
0.226428571428571	209.914151	724.61247724716
0.227142857142857	211.293935	724.751120465232
0.227857142857143	212.683645	719.574587503864
0.228571428571429	214.112176	700.019810560643
0.229285714285714	215.529348	705.630650337436
0.23	216.952634	702.599477547033
0.230714285714286	218.390411	695.518150589411
0.231428571428571	219.840394	689.663258120956
0.232142857142857	221.296223	686.893859100213
0.232857142857143	222.729739	697.585517008531
0.233571428571429	224.206078	677.351204567517
0.234285714285714	225.754895	645.65407017097
0.235	227.157747	712.833570469303
0.235714285714286	228.673931	659.550555869204
0.236428571428571	230.131827	685.919983318437
0.237142857142857	231.519566	720.596596334031
0.237857142857143	232.873232	738.734665715174
0.238571428571429	234.335115	684.04927070087
0.239285714285714	235.959499	615.617981955009
0.24	237.374744	706.591438231544
0.240714285714286	238.788137	707.517300566785
0.241428571428571	240.273573	673.203019180904
0.242142857142857	241.74657	678.888008597441
0.242857142857143	243.185812	694.810184805609
0.243571428571429	244.584826	714.789130058744
0.244285714285714	246.059624	678.058961295029
0.245	247.520682	684.435525489073
0.245714285714286	248.945606	701.791814861703
0.246428571428571	250.49391	645.867994915726
0.247142857142857	252.080943	630.106620341232
0.247857142857143	253.699333	617.89803446635
0.248571428571429	255.270763	636.363057851769
0.249285714285714	256.837187	638.396755923052
0.25	258.40329	638.527606421777
0.250714285714286	259.879013	677.633946208081
0.251428571428571	261.399197	657.815106592347
0.252142857142857	262.836497	695.748973770267
0.252857142857143	264.334099	667.734150996071
0.253571428571429	265.91236	633.608763062638
0.254285714285714	267.601234	592.110483079259
0.255	269.166193	638.994376210477
0.255714285714286	270.699975	651.983137108153
0.256428571428571	272.300115	624.945317284734
0.257142857142857	274.010253	584.748131437355
0.257857142857143	275.676195	600.260993479954
0.258571428571429	277.32903	605.021069858764
0.259285714285714	279.037123	585.448216227096
0.26	280.696188	602.749138822169
0.260714285714286	282.39416	588.937862344022
0.261428571428571	284.077591	594.024940731167
0.262142857142857	285.811691	576.668012225358
0.262857142857143	287.549028	575.59356647558
0.263571428571429	289.321375	564.223597297831
0.264285714285714	291.204065	531.154890077488
0.265	292.941396	575.595554330182
0.265714285714286	294.628079	592.879634169545
0.266428571428571	296.28975	601.803846850545
0.267142857142857	297.984944	589.902984555175
0.267857142857143	299.811024	547.621133794798
0.268571428571429	301.442412	612.974963650579
0.269285714285714	303.157651	583.00913167203
0.27	304.762057	623.283632696447
0.270714285714286	306.577782	550.744193090918
0.271428571428571	308.239357	601.838616974869
0.272142857142857	310.041671	554.842274986482
0.272857142857143	311.931985	529.012640228029
0.273571428571429	313.877075	514.115028096388
0.274285714285714	315.666326	558.893078723991
0.275	317.506407	543.45433706451
0.275714285714286	319.345641	543.704607461592
0.276428571428571	321.147639	554.939572629928
0.277142857142857	323.018485	534.517539124019
0.277857142857143	325.011576	501.733237468838
0.278571428571429	326.997207	503.618245283234
0.279285714285714	329.055087	485.936983691952
0.28	331.203314	465.500154313309
0.280714285714286	333.249009	488.831424039257
0.281428571428571	335.294983	488.764764361619
0.282142857142857	337.265825	507.397345905962
0.282857142857143	339.416738	464.918850739197
0.283571428571429	341.420655	499.022664112336
0.284285714285714	343.307392	530.015577157818
0.285	345.338162	492.424055899974
0.285714285714286	347.501654	462.215714224974
0.286428571428571	349.568821	483.753852494733
0.287142857142857	351.475508	524.469931352137
0.287857142857143	353.462585	503.251761255352
0.288571428571429	355.525657	484.714057483202
0.289285714285714	357.419585	528.003176467121
0.29	359.523287	475.352497644629
0.290714285714286	361.580712	486.044448764834
0.291428571428571	363.63799	486.07917840953
0.292142857142857	365.712373	482.071054380987
0.292857142857143	367.62999	521.480566765937
0.293571428571429	369.72087	478.267523722076
0.294285714285714	371.941203	450.382893016502
0.295	374.026345	479.583644663045
0.295714285714286	376.018448	501.98207622799
0.296428571428571	377.925921	524.25381643671
0.297142857142857	379.909393	504.166431388997
0.297857142857143	381.861075	512.378553473362
0.298571428571429	383.833183	507.071620824014
0.299285714285714	385.806918	506.653628779959
0.3	387.698383	528.690723856909
0.300714285714286	389.824904	470.251645763192
0.301428571428571	391.938279	473.176790678413
0.302142857142857	394.00762	483.245632305175
0.302857142857143	396.332671	430.098092471944
0.303571428571429	398.487912	463.985234133911
0.304285714285714	400.453416	508.775357363808
0.305	402.473371	495.060533526741
0.305714285714286	404.695161	450.087542026924
0.306428571428571	407.022855	429.609733925506
0.307142857142857	409.118292	477.227423205755
0.307857142857143	411.094326	506.064166912101
0.308571428571429	413.218085	470.863219414267
0.309285714285714	415.292055	482.167051596689
0.31	417.303634	497.121912686506
0.310714285714286	419.666918	423.14000348667
0.311428571428571	421.802241	468.313224743991
0.312142857142857	423.879316	481.446264578786
0.312857142857143	425.921794	489.601356783289
0.313571428571429	427.986212	484.39802404357
0.314285714285714	430.021945	491.223554365923
0.315	432.174914	464.474871677208
0.315714285714286	434.305843	469.278891976227
0.316428571428571	436.483789	459.148206613016
0.317142857142857	438.85248	422.174103756039
0.317857142857143	441.244771	418.009347525029
0.318571428571429	443.418812	459.972925993578
0.319285714285714	445.83466	413.933326931168
0.32	448.173308	427.597483674322
0.320714285714286	450.415982	445.896282741056
0.321428571428571	452.805622	418.473075442319
0.322142857142857	454.91514	474.041937542135
0.322857142857143	456.9964	480.478171876655
0.323571428571429	459.307615	432.672858215267
0.324285714285714	461.762113	407.4152841029
0.325	464.230645	405.099062924851
0.325714285714286	466.623355	417.936147715348
0.326428571428571	469.133619	398.36447481221
0.327142857142857	471.616328	402.785827900088
0.327857142857143	474.1072	401.465832045971
0.328571428571429	476.580422	404.330868801908
0.329285714285714	478.883475	434.206247098964
0.33	481.079801	455.305815256934
0.330714285714286	483.348971	440.68976762428
0.331428571428571	485.717565	422.191392868517
0.332142857142857	488.235988	397.073883140356
0.332857142857143	490.570988	428.265524625271
0.333571428571429	492.998399	411.961550804539
0.334285714285714	495.215582	451.022761765723
0.335	497.424078	452.796835493471
0.335714285714286	499.67757	443.755735542883
0.336428571428571	502.17403	400.567203159672
0.337142857142857	504.461698	437.126366238458
0.337857142857143	506.747626	437.459097574374
0.338571428571429	509.010955	441.827060935463
0.339285714285714	511.223677	451.932054727167
0.34	513.513671	436.682366853356
0.340714285714286	515.83337	431.090413023432
0.341428571428571	518.194447	423.535530607426
0.342142857142857	520.557603	423.162922803234
0.342857142857143	523.089119	395.020217134711
0.343571428571429	525.580978	401.306815514044
0.344285714285714	527.916686	428.135708744403
0.345	530.243445	429.78237110076
0.345714285714286	532.520367	439.189396913901
0.346428571428571	534.828948	433.166520906132
0.347142857142857	537.252276	412.655653712566
0.347857142857143	539.982651	366.250057226574
0.348571428571429	542.296373	432.20404179932
0.349285714285714	544.642805	426.178981534529
0.35	546.90307	442.425998721388
0.350714285714286	549.256282	424.951088129738
0.351428571428571	551.752715	400.571535466818
0.352142857142857	554.203488	408.034526249469
0.352857142857143	556.605865	416.254401369976
0.353571428571429	559.050969	408.980558700159
0.354285714285714	561.458119	415.429034335209
0.355	563.86389	415.667160340705
0.355714285714286	566.272394	415.195490644816
0.356428571428571	568.661941	418.489362209659
0.357142857142857	571.046962	419.283519935455
0.357857142857143	573.536289	401.715001685194
0.358571428571429	575.944578	415.232557222166
0.359285714285714	578.359385	414.111769594838
0.36	581.062393	369.958209520643
0.360714285714286	583.878037	355.158535667163
0.361428571428571	586.654674	360.147905541841
0.362142857142857	589.322891	374.782111050184
0.362857142857143	592.042338	367.72181991413
0.363571428571429	594.850437	356.112800866341
0.364285714285714	597.738239	346.284128898038
0.365	600.559599	354.438993960356
0.365714285714286	603.380826	354.455703139107
0.366428571428571	606.028676	377.664897936052
0.367142857142857	608.849914	354.454321117184
0.367857142857143	611.780409	341.239278688418
0.368571428571429	614.666968	346.433244565584
0.369285714285714	617.49246	353.920662312964
0.37	620.533449	328.840387124061
0.370714285714286	623.540983	332.498319221
0.371428571428571	626.459218	342.672882752762
0.372142857142857	629.387842	341.457285059467
0.372857142857143	632.450483	326.51557920109
0.373571428571429	635.463944	331.844347745001
0.374285714285714	638.270277	356.336899434245
0.375	641.31414	328.529897699077
0.375714285714286	644.316834	333.034268560164
0.376428571428571	647.432805	320.927248681063
0.377142857142857	650.306686	347.961519631469
0.377857142857143	653.347723	328.83519667798
0.378571428571429	656.445983	322.761808240756
0.379285714285714	659.459302	331.859985617186
0.38	662.51527	327.228557367092
0.380714285714286	665.597288	324.462738374656
0.381428571428571	668.623213	330.477457306453
0.382142857142857	671.371517	363.860766494526
0.382857142857143	674.108645	365.346450732303
0.383571428571429	676.775047	375.037222444335
0.384285714285714	679.741751	337.074409850118
0.385	682.930767	313.576350824212
0.385714285714286	686.086326	316.901062537569
0.386428571428571	689.136402	327.860682815774
0.387142857142857	691.963814	353.680326744035
0.387857142857143	694.704433	364.881072487634
0.388571428571429	697.739602	329.470945439941
0.389285714285714	700.518613	359.84024532469
0.39	703.227138	369.204640902335
0.390714285714286	705.870043	378.37152678586
0.391428571428571	708.538477	374.751633355003
0.392142857142857	711.193015	376.71338666088
0.392857142857143	713.901142	369.258901078111
0.393571428571429	716.572434	374.350688730398
0.394285714285714	719.658012	324.088387977883
0.395	722.890669	309.343057429228
0.395714285714286	726.256053	297.142911477565
0.396428571428571	729.281216	330.560700365565
0.397142857142857	732.168697	346.322625153207
0.397857142857143	735.043609	347.836733785243
0.398571428571429	737.79981	362.818241485286
0.399285714285714	740.638143	352.319477665231
0.4	743.495433	349.981975928235
0.400714285714286	746.472915	335.854255374184
0.401428571428571	749.405634	340.980503075812
0.402142857142857	752.752051	298.827073852414
0.402857142857143	756.103013	298.421766644923
0.403571428571429	759.261831	316.574110949096
0.404285714285714	762.171985	343.624426748559
0.405	765.031399	349.722005977447
0.405714285714286	767.939281	343.892908996985
0.406428571428571	771.330976	294.83783182156
0.407142857142857	774.677734	298.796626466567
0.407857142857143	778.098687	292.316205455025
0.408571428571429	781.551227	289.641828914365
0.409285714285714	784.924428	296.454317427275
0.41	788.037006	321.277089280977
0.410714285714286	791.17129	319.052134394971
0.411428571428571	794.177306	332.666226660133
0.412142857142857	797.170983	334.037372769348
0.412857142857143	800.293132	320.2922089881
0.413571428571429	803.168889	347.734526943686
0.414285714285714	806.192176	330.765818792594
0.415	809.576665	295.465578407846
0.415714285714286	813.138649	280.742417708787
0.416428571428571	816.689935	281.588134551821
0.417142857142857	820.160851	288.108384069221
0.417857142857143	823.649326	286.658210249465
0.418571428571429	827.171379	283.925312878594
0.419285714285714	830.756358	278.941661861898
0.42	834.081635	300.72682666737
0.420714285714286	837.184988	322.232114748148
0.421428571428571	840.246607	326.624573469128
0.422142857142857	843.730005	287.076010263544
0.422857142857143	846.834874	322.074779966561
0.423571428571429	849.770439	340.649925993804
0.424285714285714	852.777968	332.498871997579
0.425	855.911176	319.161702638322
0.425714285714286	859.035398	320.079687038882
0.426428571428571	862.107767	325.481737382458
0.427142857142857	865.249067	318.339540954382
0.427857142857143	868.347124	322.782957188969
0.428571428571429	871.545495	312.659163055197
0.429285714285714	874.698921	317.115416692821
0.43	877.799479	322.522591094896
0.430714285714286	881.187004	295.200773426028
0.431428571428571	884.413265	309.956324054375
0.432142857142857	887.887115	287.865048865094
0.432857142857143	890.992464	322.024996224252
0.433571428571429	894.091684	322.661831041364
0.434285714285714	897.203306	321.375796931631
0.435	900.34765	318.031360436385
0.435714285714286	903.448018	322.542356262224
0.436428571428571	906.511953	326.377680988674
0.437142857142857	909.740436	309.742996943137
0.437857142857143	912.882578	318.254235486501
0.438571428571429	916.05418	315.298073339592
0.439285714285714	919.151621	322.847150276631
0.44	922.262169	321.486760532228
0.440714285714286	925.38265	320.463415736224
0.441428571428571	928.525181	318.214840203649
0.442142857142857	931.741432	310.92100709801
0.442857142857143	934.920832	314.52475309807
0.443571428571429	938.477913	281.129386707815
0.444285714285714	941.717315	308.698951226179
0.445	944.869585	317.231709212722
0.445714285714286	948.0574	313.694489799439
0.446428571428571	951.229651	315.233567583401
0.447142857142857	954.36481	318.963089272342
0.447857142857143	957.533797	315.558252526752
0.448571428571429	960.718041	314.046285397735
0.449285714285714	963.923349	311.982499029729
0.45	967.140102	310.872485391332
0.450714285714286	970.402383	306.533986495949
0.451428571428571	973.626974	310.116848927504
0.452142857142857	976.923489	303.350659711847
0.452857142857143	980.19735	305.449742673863
0.453571428571429	983.471277	305.443585028015
0.454285714285714	986.812834	299.26169148095
0.455	990.184257	296.610659653204
0.455714285714286	993.625099	290.62653850424
0.456428571428571	997.142928	284.266233520731
0.457142857142857	1000.522716	295.876546102895
0.457857142857143	1003.992	288.243914306236
0.458571428571429	1007.283467	303.815897288351
0.459285714285714	1010.624206	299.334967502701
0.46	1014.117491	286.263502691591
0.460714285714286	1017.467313	298.523324522913
0.461428571428571	1021.276119	262.549470884051
0.462142857142857	1025.451339	239.508337285223
0.462857142857143	1029.555787	243.638121374662
0.463571428571429	1033.544076	250.734086722408
0.464285714285714	1037.477507	254.230975451193
0.465	1041.489181	249.272498213971
0.465714285714286	1045.55098	246.196328277195
0.466428571428571	1049.601337	246.891817190431
0.467142857142857	1053.696696	244.178837557347
0.467857142857143	1057.777001	245.079718305375
0.468571428571429	1061.993845	237.144177019589
0.469285714285714	1065.927918	254.18948758703
0.47	1069.41907	286.438401994542
0.470714285714286	1073.025187	277.306587667563
0.471428571428571	1076.388309	297.342766631721
0.472142857142857	1080.066149	271.898723163592
0.472857142857143	1083.391997	300.675196220637
0.473571428571429	1086.793852	293.957267432027
0.474285714285714	1090.150883	297.882265609105
0.475	1093.606715	289.365918250666
0.475714285714286	1096.986684	295.860701680985
0.476428571428571	1100.377641	294.901999641983
0.477142857142857	1103.823229	290.226225538279
0.477857142857143	1107.614143	263.788627228161
0.478571428571429	1111.107147	286.28653159287
0.479285714285714	1114.799918	270.799353656103
0.48	1118.248131	290.005286796368
0.480714285714286	1121.710071	288.855381664623
0.481428571428571	1125.171739	288.87807842925
0.482142857142857	1128.667745	286.040699014812
0.482857142857143	1132.128212	288.978337316891
0.483571428571429	1135.730651	277.589710748745
0.484285714285714	1139.336881	277.297898359238
0.485	1143.175083	260.538658465595
0.485714285714286	1146.781409	277.290516719798
0.486428571428571	1150.358188	279.581153881748
0.487142857142857	1153.884095	283.614967723202
0.487857142857143	1157.446443	280.713731505163
0.488571428571429	1161.233702	264.043203805183
0.489285714285714	1165.624362	227.756191552066
0.49	1170.096816	223.5908966308
0.490714285714286	1174.529472	225.598377135517
0.491428571428571	1178.918377	227.84726486447
0.492142857142857	1182.837963	255.128985561231
0.492857142857143	1186.536201	270.399038677342
0.493571428571429	1190.221694	271.334120021379
0.494285714285714	1194.027457	262.759399363555
0.495	1197.716664	271.060962423623
0.495714285714286	1201.3577	274.647105933587
0.496428571428571	1204.937336	279.358012937633
0.497142857142857	1208.638343	270.196732943215
0.497857142857143	1212.493027	259.424637661615
0.498571428571429	1216.084345	278.449304684241
0.499285714285714	1219.953002	258.487635373207
0.5	1223.853985	256.345644161997
0.500714285714286	1227.50841	273.640860053227
0.501428571428571	1231.102353	278.245926549191
0.502142857142857	1234.960028	259.223496017681
0.502857142857143	1238.742446	264.381144548275
0.503571428571429	1242.416726	272.162165104459
0.504285714285714	1246.417636	249.943137936121
0.505	1250.163561	266.956759678839
0.505714285714286	1253.887711	268.517648322435
0.506428571428571	1257.772773	257.396149662487
0.507142857142857	1261.900315	242.27494232644
0.507857142857143	1265.743551	260.197396152622
0.508571428571429	1269.476326	267.897207841355
0.509285714285714	1273.239259	265.750147557771
0.51	1276.960439	268.731961367093
0.510714285714286	1281.397563	225.371208918207
0.511428571428571	1285.397175	250.024252352474
0.512142857142857	1289.290773	256.831855779675
0.512857142857143	1293.278085	250.795523400227
0.513571428571429	1296.970675	270.812627451185
0.514285714285714	1300.906792	254.057488636646
0.515	1304.724221	261.95641097713
0.515714285714286	1308.615793	256.965565586349
0.516428571428571	1312.507866	256.932488162479
0.517142857142857	1316.455281	253.330344035268
0.517857142857143	1320.450632	250.29090059922
0.518571428571429	1324.347299	256.62957599405
0.519285714285714	1328.30057	252.955084536319
0.52	1332.132324	260.977087777568
0.520714285714286	1336.04528	255.561268769689
0.521428571428571	1340.238017	238.507686029445
0.522142857142857	1345.053331	207.670777025125
0.522857142857143	1349.254599	238.023377704063
0.523571428571429	1353.328328	245.47533721561
0.524285714285714	1357.549057	236.925895976744
0.525	1361.842117	232.934084312823
0.525714285714286	1365.816356	251.62049891815
0.526428571428571	1369.926371	243.308114447272
0.527142857142857	1373.929872	249.781378848168
0.527857142857143	1377.815808	257.338257758225
0.528571428571429	1381.741117	254.757014033802
0.529285714285714	1385.935164	238.433188755398
0.53	1390.114766	239.257230712402
0.530714285714286	1394.63938	221.013328429777
0.531428571428571	1398.65261	249.175850873235
0.532142857142857	1402.945142	232.96273621257
0.532857142857143	1406.995637	246.883405608453
0.533571428571429	1411.022767	248.315798099394
0.534285714285714	1415.074334	246.81808297876
0.535	1418.948418	258.125533674538
0.535714285714286	1423.492418	220.070422535207
0.536428571428571	1428.453409	201.572629339585
0.537142857142857	1433.427113	201.05740108378
0.537857142857143	1438.494356	197.34597294821
0.538571428571429	1443.091116	217.544531365564
0.539285714285714	1447.938634	206.291137031362
0.54	1453.017834	196.88139864546
0.540714285714286	1458.075361	197.725093706868
0.541428571428571	1463.093345	199.283218121059
0.542142857142857	1468.11716	199.051915725399
0.542857142857143	1473.140611	199.066339056556
0.543571428571429	1478.421778	189.352088278978
0.544285714285714	1483.660686	190.879473355896
0.545	1488.710157	198.040547217717
0.545714285714286	1493.800361	196.455780554175
0.546428571428571	1498.928666	194.996202448959
0.547142857142857	1504.107238	193.103426967897
0.547857142857143	1509.346183	190.878125271403
0.548571428571429	1514.015602	214.159406127408
0.549285714285714	1518.894843	204.949909217434
0.55	1523.618119	211.717460508345
0.550714285714286	1528.648802	198.780165635563
0.551428571428571	1533.644307	200.179961785642
0.552142857142857	1538.054219	226.761894568414
0.552857142857143	1542.438152	228.10567588511
0.553571428571429	1546.667967	236.416959134138
0.554285714285714	1550.814093	241.189003903893
0.555	1555.05401	235.853673550679
0.555714285714286	1559.890278	206.771006073277
0.556428571428571	1565.044906	194.000420592912
0.557142857142857	1569.480739	225.436800709134
0.557857142857143	1573.724704	235.628710415855
0.558571428571429	1578.295263	218.791618268137
0.559285714285714	1583.156467	205.710354883274
0.56	1587.576704	226.232213340595
0.560714285714286	1592.355662	209.250635808062
0.561428571428571	1597.094435	211.025090250154
0.562142857142857	1601.633889	220.2908103045
0.562857142857143	1606.295202	214.531828263836
0.563571428571429	1611.134079	206.659520380456
0.564285714285714	1615.599841	223.92595037532
0.565	1620.300417	212.739885494886
0.565714285714286	1625.09216	208.692327614398
0.566428571428571	1629.884856	208.650830346845
0.567142857142857	1634.739099	206.005344190639
0.567857142857143	1639.440722	212.692510650039
0.568571428571429	1644.127089	213.384909888619
0.569285714285714	1649.022633	204.267390917129
0.57	1653.565081	220.145613114342
0.570714285714286	1658.164468	217.42027796313
0.571428571428571	1663.125771	201.559953101028
0.572142857142857	1667.754492	216.042401345856
0.572857142857143	1672.429854	213.887181356227
0.573571428571429	1677.274345	206.420034633151
0.574285714285714	1681.966431	213.124823372802
0.575	1686.562247	217.589215930315
0.575714285714286	1691.279564	211.984905826772
0.576428571428571	1696.04421	209.87918095069
0.577142857142857	1700.711444	214.259666431981
0.577857142857143	1705.373311	214.506334050284
0.578571428571429	1710.071932	212.828402205668
0.579285714285714	1715.097505	198.982285204099
0.58	1719.761086	214.427496809854
0.580714285714286	1724.53535	209.456368562772
0.581428571428571	1729.272435	211.100286357539
0.582142857142857	1734.01273	210.957334933804
0.582857142857143	1738.964903	201.931556106779
0.583571428571429	1743.974695	199.609085566823
0.584285714285714	1748.617804	215.372932231405
0.585	1753.35765	210.977318672381
0.585714285714286	1758.055266	212.873934353078
0.586428571428571	1762.956986	204.010020972237
0.587142857142857	1767.776656	207.483084941496
0.587857142857143	1772.567454	208.733492833553
0.588571428571429	1777.483694	203.407482140822
0.589285714285714	1782.714036	191.192086483061
0.59	1788.187262	182.707602426801
0.590714285714286	1793.319145	194.860249152211
0.591428571428571	1798.515095	192.457587159228
0.592142857142857	1803.40305	204.584534841261
0.592857142857143	1808.410469	199.70367968009
0.593571428571429	1813.243325	206.916986560328
0.594285714285714	1818.935894	175.667611582748
0.595	1824.398589	183.059826697264
0.595714285714286	1829.929257	180.809985339923
0.596428571428571	1834.923206	200.242333271728
0.597142857142857	1839.754225	206.995666959705
0.597857142857143	1845.771956	166.17559010198
0.598571428571429	1851.276567	181.665879750636
0.599285714285714	1856.482984	192.070669713928
0.6	1861.452597	201.222912126156
0.600714285714286	1866.405816	201.888913048263
0.601428571428571	1871.511287	195.8683145982
0.602142857142857	1877.334631	171.722639088472
0.602857142857143	1883.450326	163.513713486367
0.603571428571429	1889.355475	169.343737135163
0.604285714285714	1895.296326	168.326052951004
0.605	1901.545783	160.013902007803
0.605714285714286	1907.722193	161.906350128958
0.606428571428571	1913.534821	172.039222190035
0.607142857142857	1919.748182	160.94348936107
0.607857142857143	1925.479301	174.485994794384
0.608571428571429	1930.640669	193.747084106391
0.609285714285714	1935.790739	194.172118048876
0.61	1941.78767	166.75196029436
0.610714285714286	1946.876415	196.512106619608
0.611428571428571	1951.930628	197.854740193968
0.612142857142857	1956.913563	200.684937692344
0.612857142857143	1961.974384	197.596397896704
0.613571428571429	1967.219327	190.659841298564
0.614285714285714	1972.54089	187.914716033618
0.615	1977.832083	188.99329508487
0.615714285714286	1983.198583	186.341190720206
0.616428571428571	1988.329492	194.897239456012
0.617142857142857	1993.397126	197.330746458801
0.617857142857143	1998.37	201.090958668978
0.618571428571429	2003.445453	197.026748154297
0.619285714285714	2008.744958	188.696868858508
0.62	2013.872616	195.02080676987
0.620714285714286	2018.965769	196.342030172673
0.621428571428571	2024.22227	190.240618236349
0.622142857142857	2029.305358	196.730806155625
0.622857142857143	2034.663469	186.632938362046
0.623571428571429	2040.166307	181.724412021583
0.624285714285714	2045.562566	185.313566305839
0.625	2051.112072	180.19621926709
0.625714285714286	2056.536393	184.354871328597
0.626428571428571	2062.307353	173.28139512316
0.627142857142857	2067.780101	182.723560448984
0.627857142857143	2073.164159	185.733511786088
0.628571428571429	2078.897458	174.419649140923
0.629285714285714	2085.550702	150.302619293684
0.63	2092.18999	150.618560303458
0.630714285714286	2098.735628	152.773495876184
0.631428571428571	2104.220151	182.331261989417
0.632142857142857	2109.51676	188.80004168705
0.632857142857143	2115.531654	166.253968897875
0.633571428571429	2121.276323	174.074433183178
0.634285714285714	2126.888999	178.168132277731
0.635	2132.322956	184.027956054854
0.635714285714286	2137.644729	187.907300818727
0.636428571428571	2143.683368	165.60022879328
0.637142857142857	2149.352686	176.388059375037
0.637857142857143	2154.97692	177.801990457726
0.638571428571429	2160.715502	174.259076545392
0.639285714285714	2167.244425	153.164618421755
0.64	2173.770766	153.225214557432
0.640714285714286	2180.539194	147.7447939167
0.641428571428571	2186.698378	162.359169656238
0.642142857142857	2192.564712	170.464211550183
0.642857142857143	2199.320317	148.025232381105
0.643571428571429	2205.941259	151.035909995888
0.644285714285714	2212.278829	157.789184182589
0.645	2217.796827	181.225147236362
0.645714285714286	2223.253103	183.27518622592
0.646428571428571	2228.875189	177.869922302865
0.647142857142857	2234.403772	180.878174389342
0.647857142857143	2239.997044	178.786227453267
0.648571428571429	2245.600176	178.471611948469
0.649285714285714	2251.366779	173.412319176471
0.65	2257.23462	170.420432319138
0.650714285714286	2262.877077	177.227757340466
0.651428571428571	2269.339661	154.736866863165
0.652142857142857	2276.290059	143.876652819019
0.652857142857143	2283.310138	142.448539396781
0.653571428571429	2290.1836	145.487092239689
0.654285714285714	2296.661083	154.380953219018
0.655	2302.504882	171.121559793546
0.655714285714286	2308.132075	177.708495159138
0.656428571428571	2313.774368	177.23290867738
0.657142857142857	2319.41709	177.2194341667
0.657857142857143	2325.136361	174.847458705841
0.658571428571429	2331.257931	163.356785922559
0.659285714285714	2337.166742	169.238785941882
0.66	2342.971656	172.267840660508
0.660714285714286	2348.822148	170.925795642485
0.661428571428571	2354.694265	170.296334354377
0.662142857142857	2361.510281	146.71327062613
0.662857142857143	2367.435305	168.775687659658
0.663571428571429	2373.248735	172.01548827456
0.664285714285714	2380.197008	143.920654815953
0.665	2386.973436	147.570371883237
0.665714285714286	2392.683625	175.125551886289
0.666428571428571	2398.487299	172.304647021876
0.667142857142857	2404.429102	168.299083628315
0.667857142857143	2410.472555	165.468317533046
0.668571428571429	2416.532682	165.013043456015
0.669285714285714	2422.747472	160.906482761284
0.67	2428.550452	172.325253576613
0.670714285714286	2434.552156	166.619346772177
0.671428571428571	2441.22215	149.925172346485
0.672142857142857	2448.636308	134.877082468433
0.672857142857143	2456.125431	133.526983065977
0.673571428571429	2463.294713	139.483981799017
0.674285714285714	2470.458577	139.58947294365
0.675	2477.279225	146.613635537261
0.675714285714286	2483.215581	168.453509189821
0.676428571428571	2489.222173	166.48375651284
0.677142857142857	2495.155808	168.530757284535
0.677857142857143	2502.371698	138.583043810259
0.678571428571429	2508.964013	151.69178050503
0.679285714285714	2515.298583	157.863911836163
0.68	2521.643359	157.609977089805
0.680714285714286	2529.082128	134.430844673362
0.681428571428571	2535.341145	159.769497350786
0.682142857142857	2541.490566	162.616935805824
0.682857142857143	2547.827083	157.815405529563
0.683571428571429	2554.557977	148.568674532689
0.684285714285714	2561.839708	137.329983763475
0.685	2569.124586	137.270658479114
0.685714285714286	2576.508866	135.422817119607
0.686428571428571	2584.208493	129.876421286382
0.687142857142857	2590.569714	157.202524483897
0.687857142857143	2597.077002	153.673849997116
0.688571428571429	2603.16759	164.187759868176
0.689285714285714	2609.105749	168.402361742087
0.69	2615.188072	164.410867361037
0.690714285714286	2621.09893	169.18017654966
0.691428571428571	2628.360336	137.714376527079
0.692142857142857	2634.308939	168.106696647941
0.692857142857143	2640.876092	152.27298648288
0.693571428571429	2647.203964	158.031009476807
0.694285714285714	2654.63336	134.600443966104
0.695	2662.313815	130.200619624746
0.695714285714286	2669.371825	141.682995631909
0.696428571428571	2675.709018	157.798571070823
0.697142857142857	2682.011151	158.676435422734
0.697857142857143	2689.336727	136.508037047194
0.698571428571429	2697.213269	126.959267150483
0.699285714285714	2704.898089	130.126665296
0.7	2712.53381	130.963402146305
0.700714285714286	2720.2432	129.711948675576
0.701428571428571	2727.84307	131.581198099441
0.702142857142857	2735.212577	135.694287284077
0.702857142857143	2742.709883	133.38124387613
0.703571428571429	2750.242994	132.747280638766
0.704285714285714	2757.404298	139.639372941022
0.705	2763.720039	158.334548550996
0.705714285714286	2770.257912	152.954944215032
0.706428571428571	2777.237327	143.27848394171
0.707142857142857	2783.466022	160.547273546058
0.707857142857143	2790.014671	152.703252228059
0.708571428571429	2796.0371	166.045959196859
0.709285714285714	2802.443513	156.093589345547
0.71	2809.77395	136.417515081304
0.710714285714286	2817.420948	130.770270895844
0.711428571428571	2825.17618	128.945207570838
0.712142857142857	2832.846842	130.366844478352
0.712857142857143	2840.281099	134.51243345502
0.713571428571429	2847.831362	132.445717453814
0.714285714285714	2855.519564	130.069423253963
0.715	2863.167364	130.75655744136
0.715714285714286	2870.71014	132.577183784852
0.716428571428571	2878.579222	127.079626314739
0.717142857142857	2886.401936	127.832872325379
0.717857142857143	2894.011335	131.416423294403
0.718571428571429	2901.694212	130.159574336545
0.719285714285714	2909.708382	124.778985222426
0.72	2917.769987	124.044777683843
0.720714285714286	2926.128213	119.642613157388
0.721428571428571	2934.104603	125.369998207205
0.722142857142857	2941.377595	137.494995182181
0.722857142857143	2948.03519	150.204390624539
0.723571428571429	2954.127331	164.145905355767
0.724285714285714	2960.20671	164.490484965658
0.725	2966.258632	165.236762800311
0.725714285714286	2973.044672	147.361347707943
0.726428571428571	2979.502126	154.859794587777
0.727142857142857	2985.924648	155.702074667857
0.727857142857143	2992.935846	142.628977244694
0.728571428571429	2999.70745	147.675499039813
0.729285714285714	3006.270629	152.365187662864
0.73	3012.559876	159.001546608051
0.730714285714286	3019.512462	143.831374397951
0.731428571428571	3025.953811	155.246983201817
0.732142857142857	3032.732921	147.51198903691
0.732857142857143	3039.696438	143.60559470164
0.733571428571429	3046.899666	138.826648274915
0.734285714285714	3054.262147	135.823780054575
0.735	3061.027843	147.804453525552
0.735714285714286	3067.788047	147.924530088142
0.736428571428571	3074.499227	149.005092994083
0.737142857142857	3081.357753	145.803923466938
0.737857142857143	3088.043554	149.57070962776
0.738571428571429	3094.862369	146.653047486988
0.739285714285714	3101.35577	154.002501924642
0.74	3107.909747	152.579113414648
0.740714285714286	3114.819469	144.723622744883
0.741428571428571	3121.733021	144.64344811466
0.742142857142857	3129.115707	135.452056338304
0.742857142857143	3136.081264	143.563536986346
0.743571428571429	3143.019774	144.123161889225
0.744285714285714	3150.099895	141.240523996695
0.745	3156.987245	145.193724727218
0.745714285714286	3163.569059	151.933798189979
0.746428571428571	3170.503611	144.205422354606
0.747142857142857	3177.302184	147.089690733628
0.747857142857143	3184.347118	141.945971388802
0.748571428571429	3191.553286	138.770009247639
0.749285714285714	3198.690074	140.119056359803
0.75	3205.858202	139.506437385051
0.750714285714286	3213.081144	138.447740546713
0.751428571428571	3220.405314	136.534242105251
0.752142857142857	3227.776233	135.668293193835
0.752857142857143	3234.902203	140.331772376251
0.753571428571429	3242.005126	140.787109757492
0.754285714285714	3249.158617	139.791886227297
0.755	3256.620518	134.014107128999
0.755714285714286	3263.460694	146.195068664906
0.756428571428571	3270.496526	142.129601730115
0.757142857142857	3277.804217	136.842129750697
0.757857142857143	3285.989142	122.175829344801
0.758571428571429	3294.430631	118.462512952391
0.759285714285714	3302.76315	120.011727546015
0.76	3311.636215	112.700628249655
0.760714285714286	3320.284861	115.625035410166
0.761428571428571	3328.86555	116.540757974099
0.762142857142857	3337.300486	118.554545049303
0.762857142857143	3345.782497	117.896569575304
0.763571428571429	3354.437774	115.536452501753
0.764285714285714	3363.068201	115.869122118754
0.765	3371.788119	114.679977495204
0.765714285714286	3380.716448	112.003041106568
0.766428571428571	3389.454727	114.43901024447
0.767142857142857	3398.021886	116.72480923956
0.767857142857143	3406.76345	114.396005108469
0.768571428571429	3415.386822	115.963917595112
0.769285714285714	3423.893441	117.555517650429
0.77	3432.508419	116.076906986883
0.770714285714286	3441.294703	113.813757898102
0.771428571428571	3449.869606	116.619394994903
0.772142857142857	3458.472873	116.234914015804
0.772857142857143	3467.274474	113.615693326707
0.773571428571429	3475.894155	116.013574052217
0.774285714285714	3484.464448	116.682125103538
0.775	3493.026025	116.800911794639
0.775714285714286	3501.545076	117.383966829172
0.776428571428571	3510.130278	116.479495764919
0.777142857142857	3518.687442	116.861146987486
0.777857142857143	3527.562735	112.672336563987
0.778571428571429	3536.424642	112.842529265992
0.779285714285714	3545.088959	115.41590641247
0.78	3553.167321	123.787470776877
0.780714285714286	3560.867277	129.8708719894
0.781428571428571	3568.450964	131.861982173046
0.782142857142857	3576.938725	117.816701012201
0.782857142857143	3585.61158	115.30228511834
0.783571428571429	3594.382619	114.011578331823
0.784285714285714	3603.253703	112.725795404486