#% Complete	time_depth_infty	rate_depth_infty0.0	0.0	0.0
0.000393700787401575	0.285512	3502.47975566701
0.00078740157480315	2.008413	580.416402335363
0.00118110236220472	4.776805	361.220520793298
0.0015748031496063	7.444456	374.861629201121
0.00196850393700787	10.097166	376.972982346355
0.00236220472440945	12.779198	372.851628914196
0.00275590551181102	15.462415	372.686964937983
0.0031496062992126	18.148076	372.347813070972
0.00354330708661417	20.740902	385.679563534152
0.00393700787401575	23.521935	359.578617010298
0.00433070866141732	26.300676	359.875209672294
0.0047244094488189	29.133946	352.949065920297
0.00511811023622047	31.998759	349.062923129712
0.00551181102362205	35.003614	332.794760479291
0.00590551181102362	37.976762	336.343834884775
0.0062992125984252	40.651433	373.877759171128
0.00669291338582677	43.551173	344.858504555581
0.00708661417322835	46.502455	338.835800848581
0.00748031496062992	49.487397	335.014884711327
0.0078740157480315	52.385521	345.050798378538
0.00826771653543307	55.106785	367.476290429741
0.00866141732283465	57.863316	362.774806450572
0.00905511811023622	60.837512	336.225319380431
0.0094488188976378	63.747678	343.623009821432
0.00984251968503937	66.661598	343.180320667692
0.0102362204724409	75.54204	112.60700762417
0.0106299212598425	93.702202	55.0655880712958
0.0110236220472441	122.028372	35.303043087011
0.0114173228346457	165.54881	22.9777099210261
0.0118110236220472	233.168475	14.7885973703064
0.0122047244094488	329.047841	10.4297727625775
0.0125984251968504	454.393173	7.97795964192747
0.012992125984252	606.446178	6.57665397668398
0.0133858267716535	788.226704	5.50113932446207
0.0137795275590551	993.153691	4.87978677010461
0.0141732283464567	1218.322984	4.44110289940823
0.0145669291338583	1467.104808	4.0195862540183
0.0149606299212598	1757.106916	3.44825079685283
0.0153543307086614	2096.019215	2.95061584649072
0.015748031496063	2485.119297	2.57003286881857
0.0161417322834646	2951.209516	2.14550737010853
0.0165354330708661	3476.953402	1.90206681737807
0.0169291338582677	4023.669224	1.82910382279004