#% Complete	time_depth_infty	rate_depth_infty0.0	0.0	0.0
0.00454545454545455	0.025198	39685.6893404238
0.00909090909090909	0.07618	19614.7659958417
0.0136363636363636	0.163003	11517.6854059408
0.0181818181818182	0.285069	8192.28941720053
0.0227272727272727	0.446217	6205.47571176806
0.0272727272727273	0.597983	6589.09110077356
0.0318181818181818	0.735753	7258.47426870871
0.0363636363636364	0.896975	6202.62743298061
0.0409090909090909	1.080666	5443.92485206134
0.0454545454545455	1.28504	4892.99030209322
0.05	1.51205	4405.09228668341
0.0545454545454545	1.762715	3989.38822731534
0.0590909090909091	2.034335	3681.61401958619
0.0636363636363636	2.34197	3250.60542526046
0.0681818181818182	2.68042	2954.64618111981
0.0727272727272727	3.038065	2796.06872736932
0.0772727272727273	3.412582	2670.10576288927
0.0818181818181818	3.826483	2416.03668510103
0.0863636363636364	4.272281	2243.16843054478
0.0909090909090909	4.745449	2113.41426301018
0.0954545454545455	5.29968	1804.30181639064
0.1	5.993087	1442.15446339596
0.104545454545455	6.822771	1205.2781540924
0.109090909090909	7.76505	1061.25680398268
0.113636363636364	8.782665	982.689917110106
0.118181818181818	9.88398	908.005429872471
0.122727272727273	11.070558	842.759599453217
0.127272727272727	12.353282	779.590933045612
0.131818181818182	13.66171	764.275909717616
0.136363636363636	15.011509	740.851045229697
0.140909090909091	16.363295	739.762062930079
0.145454545454545	17.828946	682.290668105846
0.15	19.380912	644.344012691
0.154545454545455	20.987107	622.589411621875
0.159090909090909	22.678363	591.276542403989
0.163636363636364	24.395459	582.378620647885
0.168181818181818	26.220271	548.001657157011
0.172727272727273	28.102114	531.393957944419
0.177272727272727	29.954165	539.941934644349
0.181818181818182	31.969406	496.218566414637
0.186363636363636	34.335341	422.665880508129
0.190909090909091	36.458601	470.973879788627
0.195454545454545	38.623836	461.843633600973
0.2	40.9658	426.992045992166
0.204545454545455	43.337729	421.597779697453
0.209090909090909	45.776045	410.119114995759
0.213636363636364	48.271244	400.76963801284
0.218181818181818	50.854315	387.136087238795
0.222727272727273	53.510333	376.503472491526
0.227272727272727	56.188388	373.405325880163
0.231818181818182	58.935414	364.030045583843
0.236363636363636	61.773597	352.338098001433
0.240909090909091	64.691285	342.73712610807
0.245454545454545	67.586807	345.360871027746
0.25	70.607095	331.094253263264
0.254545454545455	73.587229	335.555381066758
0.259090909090909	76.730928	318.096611666701
0.263636363636364	79.890143	316.53432893931
0.268181818181818	83.140045	307.701586078595
0.272727272727273	86.40507	306.276368481099
0.277272727272727	89.751138	298.858241972369
0.281818181818182	93.230614	287.399596950805
0.286363636363636	96.775449	282.100577318832
0.290909090909091	100.271376	286.047162884121
0.295454545454545	103.848849	279.526917463808
0.3	107.594621	266.967663808689
0.304545454545455	111.2111	276.51204389684
0.309090909090909	115.079655	258.494450770378
0.313636363636364	118.972839	256.859167200934
0.318181818181818	122.944602	251.777359323806
0.322727272727273	126.909108	252.238235987031
0.327272727272727	131.03413	242.422949501845
0.331818181818182	135.208676	239.547007027831
0.336363636363636	139.494307	233.337867865899
0.340909090909091	143.859717	229.073557810149
0.345454545454545	148.244266	228.073628553358
0.35	152.725501	223.152769270079
0.354545454545455	157.213063	222.838146860144
0.359090909090909	161.673928	224.171769376568
0.363636363636364	166.316668	215.390049841257
0.368181818181818	171.164935	206.259267486711
0.372727272727273	175.950167	208.976283699516
0.377272727272727	180.726213	209.378217881486
0.381818181818182	185.71368	200.502579766442
0.386363636363636	190.674481	201.580349624991
0.390909090909091	195.804117	194.945606276936
0.395454545454545	200.960199	193.945713043354
0.4	206.302967	187.16889821905
0.404545454545455	211.562726	190.122779389702
0.409090909090909	216.853921	188.993223647966
0.413636363636364	222.290122	183.951991473458
0.418181818181818	227.840033	180.183069602377
0.422727272727273	233.532565	175.668753377232
0.427272727272727	239.074448	180.444083716672
0.431818181818182	244.855842	172.968664650774
0.436363636363636	250.654566	172.451732484595
0.440909090909091	256.646654	166.886734640746
0.445454545454545	262.683675	165.644611804399
0.45	268.649261	167.628125719752
0.454545454545455	274.792927	162.769265126067
0.459090909090909	281.022791	160.517147725858
0.463636363636364	287.270012	160.071174046828
0.468181818181818	293.628664	157.26603688958
0.472727272727273	300.014559	156.595120965816
0.477272727272727	306.456407	155.234957422156
0.481818181818182	312.986671	153.133165826068
0.486363636363636	319.684855	149.294196755419
0.490909090909091	326.427383	148.312324398208
0.495454545454545	333.473028	141.931647138055
0.5	340.338944	145.646990146689
0.504545454545455	347.292781	143.805499036001
0.509090909090909	354.387454	140.950823244426
0.513636363636364	361.44357	141.721026128255
0.518181818181818	368.624835	139.251232199341
0.522727272727273	375.65463	142.251658832157
0.527272727272727	382.889724	138.215204944124
0.531818181818182	390.740376	127.377955359631
0.536363636363636	398.971051	121.496718069904
0.540909090909091	407.368488	119.083953830198
0.545454545454545	415.797257	118.641286764414
0.55	424.142399	119.830195819316
0.554545454545455	432.956174	113.458761994719
0.559090909090909	441.695271	114.428298484386
0.563636363636364	450.454088	114.170669395193
0.568181818181818	459.219876	114.079875077974
0.572727272727273	468.193783	111.43418357244
0.577272727272727	477.377411	108.889428012546
0.581818181818182	486.536384	109.182546995171
0.586363636363636	495.891078	106.89820532879
0.590909090909091	505.190762	107.53053544615
0.595454545454545	514.644012	105.783725173882
0.6	524.15015	105.195190728347
0.604545454545454	533.832947	103.275943924055
0.609090909090909	543.331067	105.283993042834
0.613636363636364	553.007582	103.342990735818
0.618181818181818	562.739386	102.755871367734
0.622727272727273	572.238253	105.275713408767
0.627272727272727	582.050023	101.91841023587
0.631818181818182	592.148964	99.0202834138751
0.636363636363636	602.440913	97.1633264020251
0.640909090909091	612.754777	96.9568728073206
0.645454545454546	623.139371	96.2964945957445
0.65	633.093096	100.464901330909
0.654545454545455	643.100383	99.9271830617027
0.659090909090909	653.22811	98.7388384382789
0.663636363636364	663.386769	98.4381895287563
0.668181818181818	673.620825	97.7129693251629
0.672727272727273	684.028589	96.0821171579213
0.677272727272727	694.688561	93.8088767962989
0.681818181818182	705.417033	93.2099184301371
0.686363636363636	715.8861	95.519495672345
0.690909090909091	726.441944	94.7342533671398
0.695454545454545	736.964601	95.0330320564475
0.7	747.8425	91.929516903954
0.704545454545455	758.935207	90.1493206302121
0.709090909090909	769.838084	91.7189105224246
0.713636363636364	780.825268	91.0151318117539
0.718181818181818	792.088226	88.7866224840764
0.722727272727273	803.276999	89.3753050490874
0.727272727272727	814.603999	88.2846296459787
0.731818181818182	825.94146	88.2031700042896
0.736363636363636	837.323137	87.8605147554269
0.740909090909091	848.782221	87.2670101728893
0.745454545454545	860.079852	88.5141318564934
0.75	871.624274	86.6219200926643
0.754545454545455	882.959002	88.2244373221833
0.759090909090909	894.529387	86.4275475708026
0.763636363636364	906.10071	86.4205415404962
0.768181818181818	917.859021	85.0462281530065
0.772727272727273	929.361274	86.9394891592108
0.777272727272727	941.029923	85.6997241068776
0.781818181818182	952.902883	84.2249952834008
0.786363636363636	964.577651	85.6548070162938
0.790909090909091	976.435002	84.3358689474564
0.795454545454545	988.511473	82.8056474445227
0.8	1000.529288	83.2098014489328
0.804545454545455	1012.73049	81.9591381242597
0.809090909090909	1024.893336	82.2175994006662
0.813636363636364	1037.412199	79.8794587016408
0.818181818181818	1049.86777	80.2853598602588
0.822727272727273	1062.625582	78.3833466114733
0.827272727272727	1075.644478	76.8114285573828
0.831818181818182	1088.519798	77.6679725241774
0.836363636363636	1101.652217	76.1474333098874
0.840909090909091	1114.799379	76.0620428956456
0.845454545454545	1128.081715	75.2879613947427
0.85	1141.4606	74.7446442659455
0.854545454545454	1155.315469	72.1767921443368
0.859090909090909	1169.097991	72.5556614384498
0.863636363636364	1182.680501	73.6240945156678
0.868181818181818	1196.692662	71.366579359173
0.872727272727273	1211.14561	69.190036524036
0.877272727272727	1225.019197	72.0794124835918
0.881818181818182	1238.921794	71.9290072207372
0.886363636363636	1253.151856	70.2737626863474
0.890909090909091	1267.701104	68.7320746749246
0.895454545454546	1282.05488	69.6680789779641
0.9	1296.273106	70.3322622667544
0.904545454545455	1310.819381	68.74612228904
0.909090909090909	1325.565909	67.8125725594531
0.913636363636364	1340.209989	68.2869801312201
0.918181818181818	1354.851482	68.2990457325625
0.922727272727273	1369.626074	67.6837641269553
0.927272727272727	1385.190077	64.2508228763515
0.931818181818182	1400.095789	67.0883752483612
0.936363636363636	1414.861394	67.7249594581459
0.940909090909091	1430.017238	65.9811489218289
0.945454545454545	1445.384754	65.072325286663
0.95	1460.535344	66.0040302060845
0.954545454545455	1476.328238	63.3196170378899
0.959090909090909	1492.2239	62.9102455751768
0.963636363636364	1508.264382	62.3422662735442
0.968181818181818	1524.085441	63.206894051783
0.972727272727273	1539.969344	62.9568186106394
0.977272727272727	1556.507002	60.4680541827629
0.981818181818182	1573.684668	58.2151265486241
0.986363636363636	1590.593791	59.1396727080408
0.990909090909091	1607.544154	58.9957866979017
0.995454545454545	1624.45702	59.1265844594283