#% Complete	time_depth_infty_optsoff	rate_depth_infty_optsoff0.0	0.0	0.0
0.000714285714285714	0.015699	63698.3247340595
0.00142857142857143	0.0247	111098.766803688
0.00214285714285714	0.034147	105853.710172542
0.00285714285714286	0.043059	112208.258527828
0.00357142857142857	0.052017	111632.060727841
0.00428571428571429	0.061734	102912.421529279
0.005	0.073363	85991.9167598246
0.00571428571428571	0.085713	80971.6599190283
0.00642857142857143	0.09728	86452.8399757932
0.00714285714285714	0.109171	84097.2163821378
0.00785714285714286	0.12134	82176.0210370614
0.00857142857142857	0.133042	85455.4776961203
0.00928571428571429	0.145332	81366.9650122051
0.01	0.156873	86647.6041937441
0.0107142857142857	0.168801	83836.3514419853
0.0114285714285714	0.180463	85748.585148345
0.0121428571428571	0.192884	80508.8157153207
0.0128571428571429	0.204364	87108.0139372823
0.0135714285714286	0.216464	82644.6280991736
0.0142857142857143	0.228265	84738.581476146
0.015	0.240025	85034.0136054418
0.0157142857142857	0.251875	84388.1856540083
0.0164285714285714	0.2635	86021.5053763441
0.0171428571428571	0.276971	74233.5387127904
0.0178571428571429	0.295161	54975.2611324906
0.0185714285714286	0.311024	63039.7780999808
0.0192857142857143	0.330154	52273.9153162572
0.02	0.350417	49351.0339041605
0.0207142857142857	0.370199	50551.0059650185
0.0214285714285714	0.404729	28960.3243556328
0.0221428571428571	0.44343	25839.1256039896
0.0228571428571429	0.461489	55374.0517193642
0.0235714285714286	0.481349	50352.4672708963
0.0242857142857143	0.49949	55123.7528250924
0.025	0.518007	54004.4283631258
0.0257142857142857	0.537116	52331.3621853576
0.0264285714285714	0.555711	53777.8972842161
0.0271428571428571	0.57596	49385.1548224605
0.0278571428571429	0.593996	55444.6662231095
0.0285714285714286	0.6117	56484.4103027563
0.0292857142857143	0.628138	60834.6514174471
0.03	0.645192	58637.2698487162
0.0307142857142857	0.661999	59499.0182661986
0.0314285714285714	0.669909	126422.250316054
0.0321428571428571	0.677733	127811.860940696
0.0328571428571429	0.686987	108061.378863194
0.0335714285714286	0.69676	102322.725877417
0.0342857142857143	0.706792	99681.0207336519
0.035	0.715799	111024.75852115
0.0357142857142857	0.724895	109938.434476693
0.0364285714285714	0.733927	110717.449069974
0.0371428571428571	0.742427	117647.05882353
0.0378571428571429	0.751829	106360.348861943
0.0385714285714286	0.760332	117605.550982007
0.0392857142857143	0.769213	112599.93244004
0.04	0.778128	112170.499158721
0.0407142857142857	0.786956	113275.940190304
0.0414285714285714	0.796147	108802.089000108
0.0421428571428571	0.805231	110083.663584324
0.0428571428571429	0.814103	112714.156898107
0.0435714285714286	0.824302	98048.828316502
0.0442857142857143	0.832955	115566.855425864
0.045	0.841906	111719.360965255
0.0457142857142857	0.851042	109457.092819616
0.0464285714285714	0.860118	110180.696342001
0.0471428571428571	0.869689	104482.290251801
0.0478571428571429	0.877774	123685.837971552
0.0485714285714286	0.886103	120062.432464883
0.0492857142857143	0.89478	115247.205255272
0.05	0.903918	109433.136353688
0.0507142857142857	0.912259	119889.701474643
0.0514285714285714	0.921762	105229.927391351
0.0521428571428571	0.931288	104975.855553222
0.0528571428571429	0.940347	110387.459984545
0.0535714285714286	0.949303	111656.989727557
0.0542857142857143	0.957421	123183.050012319
0.055	0.968269	92182.8908554565
0.0557142857142857	0.980461	82020.9973753282
0.0564285714285714	0.991135	93685.5911560805
0.0571428571428571	1.002752	86080.7437376252
0.0578571428571429	1.013262	95147.4785918171
0.0585714285714286	1.025255	83381.9728174774
0.0592857142857143	1.037211	83640.0133824016
0.06	1.04789	93641.7267534424
0.0607142857142857	1.055395	133244.503664222
0.0614285714285714	1.064782	106530.307872592
0.0621428571428571	1.073956	109003.706126008
0.0628571428571429	1.083395	105943.426210404
0.0635714285714286	1.097906	68913.2382330638
0.0642857142857143	1.108124	97866.51008025
0.065	1.120561	80405.2424218071
0.0657142857142857	1.12686	158755.357993331
0.0664285714285714	1.136729	101327.388793192
0.0671428571428571	1.144494	128783.000643915
0.0678571428571429	1.153511	110901.630253964
0.0685714285714286	1.161767	121124.031007751
0.0692857142857143	1.169745	125344.697919277
0.07	1.178391	115660.421003933
0.0707142857142857	1.188837	95730.4231284706
0.0714285714285714	1.197424	116455.106556421
0.0721428571428571	1.203388	167672.702883974
0.0728571428571429	1.211649	121050.720251784
0.0735714285714286	1.221038	106507.615294493
0.0742857142857143	1.23158	94858.6605957119
0.075	1.243243	85741.2329589301
0.0757142857142857	1.254054	92498.3812783285
0.0764285714285714	1.268345	69974.1095794553
0.0771428571428571	1.295741	36501.6790772376
0.0778571428571429	1.306599	92097.9922637684
0.0785714285714286	1.315049	118343.195266271
0.0792857142857143	1.335596	48668.905436317
0.08	1.34476	109122.653862943
0.0807142857142857	1.351891	140232.786425462
0.0814285714285714	1.357975	164365.548980934
0.0821428571428571	1.365345	135685.210312078
0.0828571428571429	1.372013	149970.005998803
0.0835714285714286	1.378204	161524.794055886
0.0842857142857143	1.386387	122204.570450934
0.085	1.394813	118680.275338238
0.0857142857142857	1.402262	134246.20754464
0.0864285714285714	1.411246	111308.993766695
0.0871428571428571	1.421236	100100.100100101
0.0878571428571429	1.428461	138408.304498269
0.0885714285714286	1.43487	156030.581994068
0.0892857142857143	1.441441	152183.838076399
0.09	1.455756	69856.7935731746
0.0907142857142857	1.466447	93536.6195865681
0.0914285714285714	1.478993	79706.6794197357
0.0921428571428571	1.485348	157356.412273797
0.0928571428571429	1.49172	156936.597614568
0.0935714285714286	1.498151	155496.812315346
0.0942857142857143	1.504479	158027.812895072
0.095	1.512753	120860.526951896
0.0957142857142857	1.531993	51975.0519750522
0.0964285714285714	1.545205	75688.7677868604
0.0971428571428571	1.551245	165562.913907284
0.0978571428571429	1.557247	166611.129623457
0.0985714285714286	1.563804	152508.769254234
0.0992857142857143	1.569939	162999.185004075
0.1	1.575918	167252.048837593
0.100714285714286	1.582581	150082.545399973
0.101428571428571	1.591587	111037.086386852
0.102142857142857	1.600303	114731.528223957
0.102857142857143	1.608859	116877.045348293
0.103571428571429	1.617708	113007.119448527
0.104285714285714	1.623487	173040.318394186
0.105	1.629589	163880.694854145
0.105714285714286	1.637778	122115.032360484
0.106428571428571	1.645379	131561.636626756
0.107142857142857	1.654052	115300.357431109
0.107857142857143	1.670838	59573.454068867
0.108571428571429	1.680262	106112.054329373
0.109285714285714	1.689179	112145.340361107
0.11	1.702377	75769.055917563
0.110714285714286	1.718762	61031.4311870618
0.111428571428571	1.730978	81859.8559266535
0.112142857142857	1.744983	71403.070332024
0.112857142857143	1.753414	118609.892064997
0.113571428571429	1.760567	139801.481895709
0.114285714285714	1.767712	139958.012596222
0.115	1.773897	161681.487469682
0.115714285714286	1.780194	158805.780530411
0.116428571428571	1.795645	64720.7300498355
0.117142857142857	1.816455	48053.8202787122
0.117857142857143	1.82505	116346.71320535
0.118571428571429	1.83399	111856.82326622
0.119285714285714	1.842112	123122.383649348
0.12	1.85813	62429.7665126729
0.120714285714286	1.871706	73659.3989393045
0.121428571428571	1.879198	133475.707421252
0.122142857142857	1.889237	99611.5150911432
0.122857142857143	1.895315	164527.805199078
0.123571428571429	1.901406	164176.654079794
0.124285714285714	1.907637	160487.883164819
0.125	1.913416	173040.318394186
0.125714285714286	1.919262	171057.133082449
0.126428571428571	1.925297	165700.082850041
0.127142857142857	1.933044	129082.225377566
0.127857142857143	1.941643	116292.592161879
0.128571428571429	1.9495	127275.041364388
0.129285714285714	1.958863	106803.374986649
0.13	1.967493	115874.855156432
0.130714285714286	1.976492	111123.458162018
0.131428571428571	1.98499	117674.746999292
0.132142857142857	1.991939	143905.597927762
0.132857142857143	1.998365	155617.802676625
0.133571428571429	2.004362	166750.04168751
0.134285714285714	2.012195	127665.007021572
0.135	2.018262	164826.108455584
0.135714285714286	2.025363	140825.23588227
0.136428571428571	2.034875	105130.361648444
0.137142857142857	2.043324	118357.202035742
0.137857142857143	2.051467	122804.863072578
0.138571428571429	2.060811	107020.547945205
0.139285714285714	2.069634	113340.133741357
0.14	2.077748	123243.776189303
0.140714285714286	2.085439	130022.103757641
0.141428571428571	2.09348	124362.641462505
0.142142857142857	2.101245	128783.000643915
0.142857142857143	2.111636	96237.1282840937
0.143571428571429	2.1283	60009.6015362458
0.144285714285714	2.137286	111284.219897617
0.145	2.147287	99990.0009999007
0.145714285714286	2.157204	100836.946657253
0.146428571428571	2.166469	107933.081489476
0.147142857142857	2.174714	121285.627653129
0.147857142857143	2.18308	119531.436767869
0.148571428571429	2.192747	103444.708803146
0.149285714285714	2.201157	118906.064209274
0.15	2.209374	121698.916879638
0.150714285714286	2.218333	111619.600401831
0.151428571428571	2.227693	106837.606837606
0.152142857142857	2.236202	117522.623104946
0.152857142857143	2.250421	70328.4337857786
0.153571428571429	2.26063	97952.7867567862
0.154285714285714	2.269245	116076.610562968
0.155	2.278081	113173.381620642
0.155714285714286	2.297351	51894.1359626371
0.156428571428571	2.304828	133743.480005347
0.157142857142857	2.311262	155424.308361827
0.157857142857143	2.317486	160668.380462725
0.158571428571429	2.325315	127730.233746334
0.159285714285714	2.332767	134192.163177666
0.16	2.340194	134643.866971862
0.160714285714286	2.349799	104112.441436751
0.161428571428571	2.358094	120554.550934299
0.162142857142857	2.366875	113882.245757882
0.162857142857143	2.374412	132678.784662338
0.163571428571429	2.382113	129853.265809636
0.164285714285714	2.388302	161576.991436419
0.165	2.394911	151308.82130428
0.165714285714286	2.402015	140765.765765766
0.166428571428571	2.410175	122549.019607841
0.167142857142857	2.418021	127453.479479993
0.167857142857143	2.424217	161394.448030985
0.168571428571429	2.431272	141743.444365702
0.169285714285714	2.438579	136855.070480362
0.17	2.450591	83250.0832500808
0.170714285714286	2.459074	117882.824472474
0.171428571428571	2.467496	118736.642127762
0.172142857142857	2.474564	141482.739105832
0.172857142857143	2.481773	138715.494520738
0.173571428571429	2.490849	110180.696342003
0.174285714285714	2.498057	138734.739178684
0.175	2.506835	113921.166552746
0.175714285714286	2.515933	109914.266871842
0.176428571428571	2.525077	109361.32983377
0.177142857142857	2.534124	110533.878633798
0.177857142857143	2.543975	101512.536798296
0.178571428571429	2.551867	126710.593005575
0.179285714285714	2.569626	56309.4768849602
0.18	2.583878	70165.5907942748
0.180714285714286	2.591772	126678.489992395
0.181428571428571	2.606844	66348.1953290872
0.182142857142857	2.614511	130429.111777747
0.182857142857143	2.620372	170619.348234093
0.183571428571429	2.628413	124362.641462505
0.184285714285714	2.637818	106326.422115895
0.185	2.649869	82980.6655049402
0.185714285714286	2.658105	121418.164157356
0.186428571428571	2.668316	97933.6010185097
0.187142857142857	2.679392	90285.3015529065
0.187857142857143	2.689412	99800.3992015976
0.188571428571429	2.697882	118063.754427391
0.189285714285714	2.707328	105864.916366715
0.19	2.716775	105853.710172539
0.190714285714286	2.725469	115021.854152292
0.191428571428571	2.73487	106371.662589086
0.192142857142857	2.743638	114051.094890512
0.192857142857143	2.753314	103348.491112027
0.193571428571429	2.760183	145581.598485951
0.194285714285714	2.770298	98863.0746416226
0.195	2.780182	101173.613921489
0.195714285714286	2.789599	106190.931294467
0.196428571428571	2.802926	75035.6419299175
0.197142857142857	2.812008	110107.90574763
0.197857142857143	2.820857	113007.119448524
0.198571428571429	2.829813	111656.989727557
0.199285714285714	2.837153	136239.782016355
0.2	2.845823	115340.253748553
0.200714285714286	2.854117	120569.08608633
0.201428571428571	2.864078	100391.526955124
0.202142857142857	2.876749	78920.3693473279
0.202857142857143	2.890435	73067.3681134013
0.203571428571429	2.898985	116959.064327485
0.204285714285714	2.908013	110766.504209129
0.205	2.917218	108636.61053775
0.205714285714286	2.926247	110754.236349541
0.206428571428571	2.935085	113147.770988913
0.207142857142857	2.94369	116211.504938986
0.207857142857143	2.953091	106371.662589086
0.208571428571429	2.962197	109817.702613661
0.209285714285714	2.970765	116713.352007471
0.21	2.980134	106734.97705198
0.210714285714286	2.98876	115928.587989798
0.211428571428571	2.996885	123076.923076927
0.212142857142857	3.006068	108896.874659695
0.212857142857143	3.014816	114311.842706902
0.213571428571429	3.023356	117096.018735363
0.214285714285714	3.032145	113778.586869955
0.215	3.042721	94553.7065052957
0.215714285714286	3.050925	121891.760117015
0.216428571428571	3.059054	123016.361176032
0.217142857142857	3.06867	103993.344425958
0.217857142857143	3.077829	109182.225133749
0.218571428571429	3.0871	107863.229425089
0.219285714285714	3.095148	124254.473161033
0.22	3.104953	101988.781234064
0.220714285714286	3.114675	102859.49393129
0.221428571428571	3.123351	115260.488704473
0.222142857142857	3.131051	129870.129870133
0.222857142857143	3.137633	151929.504709807
0.223571428571429	3.145413	128534.704370182
0.224285714285714	3.154947	104887.770086009
0.225	3.16483	101183.851057373
0.225714285714286	3.17564	92506.9380203497
0.226428571428571	3.185183	104788.850466312
0.227142857142857	3.194044	112854.07967498
0.227857142857143	3.202659	116076.610562968
0.228571428571429	3.212863	98000.7840062732
0.229285714285714	3.221	122895.416000982
0.23	3.230477	105518.624037143
0.230714285714286	3.239373	112410.071942446
0.231428571428571	3.24923	101450.745662983
0.232142857142857	3.25803	113636.363636365
0.232857142857143	3.26635	120192.307692303
0.233571428571429	3.275187	113160.574855723
0.234285714285714	3.283286	123472.033584392
0.235	3.289912	150920.615756107
0.235714285714286	3.299009	109926.349345942
0.236428571428571	3.309329	96899.2248062006
0.237142857142857	3.315679	157480.314960622
0.237857142857143	3.321931	159948.816378761
0.238571428571429	3.331005	110204.981265153
0.239285714285714	3.347023	62429.7665126738
0.24	3.353893	145560.407569138
0.240714285714286	3.360958	141542.816702055
0.241428571428571	3.368883	126182.965299682
0.242142857142857	3.380309	87519.6919306866
0.242857142857143	3.386287	167280.026764797
0.243571428571429	3.392225	168406.871000349
0.244285714285714	3.398179	167954.316425932
0.245	3.403984	172265.288544357
0.245714285714286	3.410505	153350.713080811
0.246428571428571	3.420394	101122.459298212
0.247142857142857	3.429482	110035.211267603
0.247857142857143	3.438409	112019.715469924
0.248571428571429	3.446162	128982.329420867
0.249285714285714	3.455011	113007.11944853
0.25	3.464384	106689.427077776
0.250714285714286	3.470916	153092.467850582
0.251428571428571	3.477816	144927.536231886
0.252142857142857	3.484298	154273.372415919
0.252857142857143	3.491082	147405.660377356
0.253571428571429	3.497864	147449.130050136
0.254285714285714	3.504359	153964.588144723
0.255	3.510794	155400.155400151
0.255714285714286	3.51773	144175.317185697
0.256428571428571	3.525068	136276.914690654
0.257142857142857	3.534613	104766.893661601
0.257857142857143	3.544938	96852.3002421315
0.258571428571429	3.554261	107261.611069401
0.259285714285714	3.564727	95547.4871010885
0.26	3.575892	89565.6068069854
0.260714285714286	3.586132	97656.2499999997
0.261428571428571	3.597005	91970.9371838488
0.262142857142857	3.607684	93641.7267534443
0.262857142857143	3.617169	105429.625724827
0.263571428571429	3.626659	105374.077976818
0.264285714285714	3.637316	93835.0380031892
0.265	3.648258	91390.9705721074
0.265714285714286	3.656961	114902.907043552
0.266428571428571	3.664004	141984.949595336
0.267142857142857	3.672074	123915.737298643
0.267857142857143	3.680487	118863.663378105
0.268571428571429	3.689045	116849.731245614
0.269285714285714	3.698	111669.458403129
0.27	3.70484	146198.830409358
0.270714285714286	3.711655	146735.143066764
0.271428571428571	3.718312	150217.815832955
0.272142857142857	3.725497	139178.844815592
0.272857142857143	3.736054	94723.879890117
0.273571428571429	3.745903	101533.150573662
0.274285714285714	3.755748	101574.403250382
0.275	3.766045	97115.6647567253
0.275714285714286	3.774733	115101.289134441
0.276428571428571	3.784058	107238.605898123
0.277142857142857	3.793126	110277.900308777
0.277857142857143	3.803429	97059.1089973799
0.278571428571429	3.811448	124703.828407532
0.279285714285714	3.820128	115207.373271889
0.28	3.828421	120583.624743758
0.280714285714286	3.838073	103605.470368836
0.281428571428571	3.847308	108283.703302654
0.282142857142857	3.855856	116986.429574166
0.282857142857143	3.865444	104297.037964123
0.283571428571429	3.874564	109649.12280702
0.284285714285714	3.880614	165289.256198344
0.285	3.890262	103648.424543948
0.285714285714286	3.899472	108577.633007601
0.286428571428571	3.907692	121654.501216543
0.287142857142857	3.914631	144112.98457991
0.287857142857143	3.922014	135446.295543818
0.288571428571429	3.931423	106281.220108404
0.289285714285714	3.937824	156225.589751604
0.29	3.947809	100150.225338008
0.290714285714286	3.956671	112841.345068831
0.291428571428571	3.967889	89142.4496345163
0.292142857142857	3.977059	109051.254089421
0.292857142857143	3.983802	148301.942755456
0.293571428571429	3.992128	120105.693009845
0.294285714285714	4.003476	88121.2548466697
0.295	4.017206	72833.2119446478
0.295714285714286	4.024657	134210.173131114
0.296428571428571	4.031423	147797.812592377
0.297142857142857	4.038215	147232.037691404
0.297857142857143	4.045391	139353.40022296
0.298571428571429	4.051819	155569.383945248
0.299285714285714	4.058705	145222.18995063
0.3	4.06583	140350.877192977
0.300714285714286	4.07462	113765.642775878
0.301428571428571	4.082271	130701.869036726
0.302142857142857	4.090076	128122.998078165
0.302857142857143	4.120864	32480.1870858773
0.303571428571429	4.133485	79233.0243245371
0.304285714285714	4.140157	149880.095923261
0.305	4.146975	146670.577882077
0.305714285714286	4.161804	67435.4305752253
0.306428571428571	4.187141	39467.9717409316
0.307142857142857	4.194425	137287.204832521
0.307857142857143	4.200949	153280.196198657
0.308571428571429	4.20886	126406.26975098
0.309285714285714	4.215508	150421.179302041
0.31	4.222821	136742.786817997
0.310714285714286	4.2344	86363.2438034356
0.311428571428571	4.241318	144550.448106394
0.312142857142857	4.247754	155376.009944046
0.312857142857143	4.254407	150308.131669923
0.313571428571429	4.261268	145751.348199975
0.314285714285714	4.267887	151080.223598738
0.315	4.274589	149209.191286188
0.315714285714286	4.285215	94108.7897609615
0.316428571428571	4.294311	109938.434476688
0.317142857142857	4.306072	85026.7834367832
0.317857142857143	4.31584	102375.102375109
0.318571428571429	4.32278	144092.219020169
0.319285714285714	4.331409	115888.283694519
0.32	4.341284	101265.822784809
0.320714285714286	4.350311	110778.774786755
0.321428571428571	4.359044	114508.18733539
0.322142857142857	4.365695	150353.330326273
0.322857142857143	4.372336	150579.731968074
0.323571428571429	4.381363	110778.774786744
0.324285714285714	4.391	103766.732385601
0.325	4.401565	94652.153336491
0.325714285714286	4.411921	96562.3792970277
0.326428571428571	4.443562	31604.5636989977
0.327142857142857	4.478366	28732.3296172851
0.327857142857143	4.507351	34500.6037605663
0.328571428571429	4.538307	32303.9152345267
0.329285714285714	4.550983	78889.2395077262
0.33	4.557753	147710.48744462
0.330714285714286	4.564036	159159.637116032
0.331428571428571	4.583041	52617.7321757434
0.332142857142857	4.59109	124239.035905072
0.332857142857143	4.598647	132327.643244685
0.333571428571429	4.618385	50663.6943965947
0.334285714285714	4.627437	110472.823685367
0.335	4.636607	109051.254089431
0.335714285714286	4.645669	110350.915912601
0.336428571428571	4.65325	131908.719166336
0.337142857142857	4.659977	148654.675189541
0.337857142857143	4.666478	153822.488847867
0.338571428571429	4.673005	153209.744139723
0.339285714285714	4.679108	163853.842372593
0.34	4.68549	156690.692572875
0.340714285714286	4.691814	158127.767235921
0.341428571428571	4.697918	163826.998689393
0.342142857142857	4.70413	160978.750804879
0.342857142857143	4.712388	121094.696052318
0.343571428571429	4.721028	115740.740740732
0.344285714285714	4.727419	156470.035988113
0.345	4.733673	159897.665494101
0.345714285714286	4.739843	162074.554294952
0.346428571428571	4.745945	163880.694854163
0.347142857142857	4.752299	157381.177211206
0.347857142857143	4.762204	100959.11155982
0.348571428571429	4.769166	143636.885952301
0.349285714285714	4.775717	152648.450618227
0.35	4.7821	156666.144446195
0.350714285714286	4.788458	157282.164202566
0.351428571428571	4.795255	147123.731057826
0.352142857142857	4.802031	147579.693034231
0.352857142857143	4.809228	138946.783381971
0.353571428571429	4.816141	144654.997830176
0.354285714285714	4.822603	154750.851129682
0.355	4.828932	158002.844051192
0.355714285714286	4.835507	152091.254752857
0.356428571428571	4.841903	156347.717323315
0.357142857142857	4.848466	152369.343288133
0.357857142857143	4.855052	151837.230488927
0.358571428571429	4.861802	148148.148148143
0.359285714285714	4.867929	163212.012404107
0.36	4.886122	54966.195789589
0.360714285714286	4.907462	46860.3561387078
0.361428571428571	4.926835	51618.2315593871
0.362142857142857	4.94069	72176.1097076847
0.362857142857143	4.951673	91049.8042429175
0.363571428571429	4.961707	99661.1520829259
0.364285714285714	4.971484	102280.86325048
0.365	4.980944	105708.245243131
0.365714285714286	4.988978	124470.998257401
0.366428571428571	4.996485	133209.004928742
0.367142857142857	5.005387	112334.306897327
0.367857142857143	5.016041	93861.4604843198
0.368571428571429	5.027566	86767.8958785266
0.369285714285714	5.037836	97370.9834469307
0.37	5.047271	105988.341282461
0.370714285714286	5.056373	109865.963524506
0.371428571428571	5.0699	73926.2216308133
0.372142857142857	5.078319	118778.952369641
0.372857142857143	5.088261	100583.383625019
0.373571428571429	5.097501	108225.108225107
0.374285714285714	5.105487	125219.133483599
0.375	5.115225	102690.490860551
0.375714285714286	5.123863	115767.538782121
0.376428571428571	5.132376	117467.402795727
0.377142857142857	5.14032	125881.168177238
0.377857142857143	5.153901	73632.2803917222
0.378571428571429	5.163413	105130.361648444
0.379285714285714	5.173132	102891.243955144
0.38	5.189506	61072.4319042388
0.380714285714286	5.201855	80978.2168596622
0.381428571428571	5.223441	46326.3226165105
0.382142857142857	5.233811	96432.0154291226
0.382857142857143	5.243806	100050.025012506
0.383571428571429	5.254023	97876.0888714895
0.384285714285714	5.294363	24789.2910262769
0.385	5.341666	21140.3082256938
0.385714285714286	5.356396	67888.6625933463
0.386428571428571	5.36681	96024.5822930677
0.387142857142857	5.373398	151791.135397697
0.387857142857143	5.379807	156030.581994079
0.388571428571429	5.388946	109421.162052738
0.389285714285714	5.395791	146092.037983925
0.39	5.402335	152811.735941323
0.390714285714286	5.408775	155279.503105579
0.391428571428571	5.415051	159337.157425118
0.392142857142857	5.421319	159540.523292907
0.392857142857143	5.427814	153964.588144744
0.393571428571429	5.434124	158478.605388272
0.394285714285714	5.442637	117467.402795715
0.395	5.469213	37627.9349789291
0.395714285714286	5.491658	44553.3526397856
0.396428571428571	5.498655	142918.393597253
0.397142857142857	5.504756	163907.556138334
0.397857142857143	5.510755	166694.449074868
0.398571428571429	5.517151	156347.717323315
0.399285714285714	5.523289	162919.517758228
0.4	5.529476	161629.222563447
0.400714285714286	5.535878	156201.187129011
0.401428571428571	5.543617	129215.660938107
0.402142857142857	5.551737	123152.709359607
0.402857142857143	5.56389	82284.2096601687
0.403571428571429	5.579443	64296.277245545
0.404285714285714	5.586013	152207.001522071
0.405	5.592789	147579.69303425
0.405714285714286	5.599634	146092.037983925
0.406428571428571	5.627952	35313.2283353349
0.407142857142857	5.661638	29685.9229353438
0.407857142857143	5.697201	28119.1125608077
0.408571428571429	5.728104	32359.317865579
0.409285714285714	5.754828	37419.5479718609
0.41	5.761881	141783.638168156
0.410714285714286	5.769127	138007.176373166
0.411428571428571	5.77541	159159.637116032
0.412142857142857	5.781914	153751.537515363
0.412857142857143	5.788606	149432.157800375
0.413571428571429	5.794848	160205.062479967
0.414285714285714	5.801084	160359.204618336
0.415	5.808757	130327.121073902
0.415714285714286	5.817772	110926.234054357
0.416428571428571	5.827701	100715.077047029
0.417142857142857	5.838637	91441.1119239205
0.417857142857143	5.855754	58421.4523573062
0.418571428571429	5.881229	39254.1707556426
0.419285714285714	5.894965	72801.3977868388
0.42	5.903338	119431.506031295
0.420714285714286	5.909733	156372.165754487
0.421428571428571	5.916126	156421.085562332
0.422142857142857	5.924894	114051.094890512
0.422857142857143	5.931444	152671.755725195
0.423571428571429	5.938024	151975.683890567
0.424285714285714	5.945133	140666.760444511
0.425	5.952433	136986.301369866
0.425714285714286	5.958689	159846.547314588
0.426428571428571	5.966135	134300.295460637
0.427142857142857	5.972973	146241.591108528
0.427857142857143	5.979158	161681.487469676
0.428571428571429	5.985654	153940.886699501
0.429285714285714	5.992098	155183.116076968
0.43	5.998272	161969.54972466
0.430714285714286	6.005748	133761.369716433
0.431428571428571	6.01226	153562.653562636
0.432142857142857	6.024563	81280.9883768234
0.432857142857143	6.03096	156323.27653586
0.433571428571429	6.037397	155351.871990057
0.434285714285714	6.043881	154225.786551524
0.435	6.050918	142106.011084261
0.435714285714286	6.057332	155908.949173695
0.436428571428571	6.063785	154966.682163323
0.437142857142857	6.070276	154059.466954254
0.437857142857143	6.076473	161368.404066478
0.438571428571429	6.082746	159413.358839466
0.439285714285714	6.088916	162074.554294975
0.44	6.095041	163265.306122451
0.440714285714286	6.101205	162232.316677481
0.441428571428571	6.107221	166223.404255325
0.442142857142857	6.11369	154583.397743081
0.442857142857143	6.119753	164934.850733956
0.443571428571429	6.126779	142328.494164537
0.444285714285714	6.133258	154344.806297276
0.445	6.139802	152811.735941323
0.445714285714286	6.146752	143884.892086317
0.446428571428571	6.15319	155327.741534634
0.447142857142857	6.159938	148192.05690575
0.447857142857143	6.16607	163078.930202217
0.448571428571429	6.172816	148235.991698791
0.449285714285714	6.179136	158227.848101274
0.45	6.18588	148279.952550408
0.450714285714286	6.192127	160076.8368817
0.451428571428571	6.198479	157430.730478597
0.452142857142857	6.204887	156054.93133582
0.452857142857143	6.211003	163505.559189024
0.453571428571429	6.217177	161969.549724637
0.454285714285714	6.22394	147863.374242213
0.455	6.231289	136072.935093201
0.455714285714286	6.23796	149902.563333836
0.456428571428571	6.244504	152811.735941323
0.457142857142857	6.250895	156470.035988113
0.457857142857143	6.257844	143905.597927748
0.458571428571429	6.264134	158982.511923691
0.459285714285714	6.270278	162760.416666669
0.46	6.277734	134120.171673829
0.460714285714286	6.283894	162337.662337652
0.461428571428571	6.291675	128518.18532323
0.462142857142857	6.305476	72458.5174987276
0.462857142857143	6.315494	99820.3234178515
0.463571428571429	6.325465	100290.843445992
0.464285714285714	6.335172	103018.440300817
0.465	6.345422	97560.9756097552
0.465714285714286	6.354426	111061.750333185
0.466428571428571	6.364626	98039.2156862725
0.467142857142857	6.373822	108742.931709447
0.467857142857143	6.384213	96237.1282840896
0.468571428571429	6.400151	62743.1296273049
0.469285714285714	6.409622	105585.471439135
0.47	6.416207	151860.288534542
0.470714285714286	6.422577	156985.871271575
0.471428571428571	6.428713	162972.620599747
0.472142857142857	6.4357	143122.942607708
0.472857142857143	6.442006	158579.130986353
0.473571428571429	6.448366	157232.704402518
0.474285714285714	6.455151	147383.935151072
0.475	6.461716	152322.924600149
0.475714285714286	6.468223	153680.651605962
0.476428571428571	6.474657	155424.308361837
0.477142857142857	6.481041	156641.60401001
0.477857142857143	6.487918	145412.243710915
0.478571428571429	6.494344	155617.802676641
0.479285714285714	6.50098	150693.188667865
0.48	6.507958	143307.537976494
0.480714285714286	6.514821	145708.873670405
0.481428571428571	6.521565	148279.952550428
0.482142857142857	6.528389	146541.617819462
0.482857142857143	6.534906	153444.836581236
0.483571428571429	6.541268	157183.275699483
0.484285714285714	6.547704	155376.009944046
0.485	6.554637	144237.703735773
0.485714285714286	6.560434	172503.018802821
0.486428571428571	6.566765	157952.930026844
0.487142857142857	6.572701	168463.611859834
0.487857142857143	6.579013	158428.390367568
0.488571428571429	6.589242	97761.2669860134
0.489285714285714	6.61379	40736.5162131345
0.49	6.641601	35956.9954334618
0.490714285714286	6.664356	43946.3854097999
0.491428571428571	6.684479	49694.3795656714
0.492142857142857	6.691323	146113.383985972
0.492857142857143	6.69794	151125.887864584
0.493571428571429	6.704411	154535.620460508
0.494285714285714	6.711422	142633.005277433
0.495	6.718752	136425.648021819
0.495714285714286	6.725833	141222.991102963
0.496428571428571	6.73261	147557.916482209
0.497142857142857	6.739714	140765.765765766
0.497857142857143	6.747214	133333.333333344
0.498571428571429	6.754078	145687.645687641
0.499285714285714	6.761742	130480.167014612
0.5	6.769755	124797.204542618
0.500714285714286	6.777101	136128.50530901
0.501428571428571	6.783991	145137.880986932
0.502142857142857	6.792163	122369.065100342
0.502857142857143	6.799381	138542.532557496
0.503571428571429	6.806419	142085.819835187
0.504285714285714	6.814508	123624.675485227
0.505	6.821788	137362.637362642
0.505714285714286	6.82904	137892.995035847
0.506428571428571	6.836274	138236.107271211
0.507142857142857	6.845284	110987.791342953
0.507857142857143	6.852701	134825.40110558
0.508571428571429	6.859495	147188.69590815
0.509285714285714	6.86616	150037.509377346
0.51	6.873115	143781.452192657
0.510714285714286	6.882103	111259.457053855
0.511428571428571	6.888933	146412.884333824
0.512142857142857	6.896173	138121.546961319
0.512857142857143	6.903208	142146.410803125
0.513571428571429	6.910217	142673.705236124
0.514285714285714	6.91843	121758.188238165
0.515	6.926494	124007.936507935
0.515714285714286	6.933818	136537.411250689
0.516428571428571	6.941948	123001.230012294
0.517142857142857	6.949829	126887.450831109
0.517857142857143	6.956829	142857.14285715
0.518571428571429	6.963642	146778.218112428
0.519285714285714	6.971062	134770.889487875
0.52	6.977926	145687.645687641
0.520714285714286	6.984938	142612.664004572
0.521428571428571	6.99631	87935.2796341846
0.522142857142857	7.02376	36429.8724954463
0.522857142857143	7.030454	149387.511204074
0.523571428571429	7.037349	145032.632342275
0.524285714285714	7.048202	92140.4220031328
0.525	7.056722	117370.892018781
0.525714285714286	7.063247	153256.704980845
0.526428571428571	7.069908	150127.608467191
0.527142857142857	7.076219	158453.493899536
0.527857142857143	7.08261	156470.035988113
0.528571428571429	7.08896	157480.314960622
0.529285714285714	7.096229	137570.504883753
0.53	7.102989	147928.994082843
0.530714285714286	7.111052	124023.316383481
0.531428571428571	7.118147	140944.326990846
0.532142857142857	7.125275	140291.80695846
0.532857142857143	7.13207	147167.034584265
0.533571428571429	7.139045	143369.175627227
0.534285714285714	7.145859	146756.677428835
0.535	7.152199	157728.706624589
0.535714285714286	7.160879	115207.373271901
0.536428571428571	7.187276	37883.0927756939
0.537142857142857	7.202838	64259.0926616113
0.537857142857143	7.231845	34474.4372048126
0.538571428571429	7.241381	104865.771812073
0.539285714285714	7.269182	35969.9291392405
0.54	7.295101	38581.7354064585
0.540714285714286	7.331255	27659.4567682685
0.541428571428571	7.36114	33461.6028107754
0.542142857142857	7.401669	24673.6904438795
0.542857142857143	7.414055	80736.315194573
0.543571428571429	7.421618	132222.662964428
0.544285714285714	7.430178	116822.429906552
0.545	7.439042	112815.884476535
0.545714285714286	7.447951	112246.043326972
0.546428571428571	7.461327	74760.7655502389
0.547142857142857	7.484243	43637.6330947802
0.547857142857143	7.491616	135630.001356295
0.548571428571429	7.498414	147102.088849665
0.549285714285714	7.504475	164989.275697083
0.55	7.51061	162999.185004087
0.550714285714286	7.518734	123092.0728705
0.551428571428571	7.527079	119832.234871189
0.552142857142857	7.53321	163105.529277422
0.552857142857143	7.539279	164771.79106939
0.553571428571429	7.545385	163773.337700624
0.554285714285714	7.551416	165809.981760899
0.555	7.557173	173701.580684384
0.555714285714286	7.564159	143143.429716568
0.556428571428571	7.572988	113263.110205012
0.557142857142857	7.579195	161108.425970659
0.557857142857143	7.585104	169233.372821122
0.558571428571429	7.591005	169462.802914768
0.559285714285714	7.59682	171969.045571793
0.56	7.602628	172176.308539944
0.560714285714286	7.608996	157035.175879393
0.561428571428571	7.61526	159642.401021716
0.562142857142857	7.621318	165070.980521615
0.562857142857143	7.627505	161629.222563447
0.563571428571429	7.633347	171174.255392005
0.564285714285714	7.639438	164176.654079776
0.565	7.645483	165425.971877577
0.565714285714286	7.651313	171526.586620939
0.566428571428571	7.658178	145666.423889286
0.567142857142857	7.664594	155860.349127188
0.567857142857143	7.671028	155424.308361837
0.568571428571429	7.677303	159362.549800785
0.569285714285714	7.683967	150060.024009609
0.57	7.690306	157753.588894156
0.570714285714286	7.696325	166140.554909447
0.571428571428571	7.703246	144487.790781675
0.572142857142857	7.709349	163853.842372616
0.572857142857143	7.716126	147557.916482209
0.573571428571429	7.722507	156715.248393664
0.574285714285714	7.728666	162364.020133132
0.575	7.735051	156617.071260771
0.575714285714286	7.741157	163773.337700624
0.576428571428571	7.747323	162179.695102188
0.577142857142857	7.753395	164690.382081672
0.577857142857143	7.759283	169836.956521749
0.578571428571429	7.765338	165152.766308838
0.579285714285714	7.772608	137551.581843189
0.58	7.778678	164744.645799005
0.580714285714286	7.785045	157059.839798963
0.581428571428571	7.791026	167196.121049985
0.582142857142857	7.79751	154225.786551524
0.582857142857143	7.803998	154130.702836004
0.583571428571429	7.81019	161498.708010325
0.584285714285714	7.816621	155496.812315367
0.585	7.822815	161446.561188228
0.585714285714286	7.828832	166195.778627225
0.586428571428571	7.83499	162390.386489117
0.587142857142857	7.841161	162048.290390556
0.587857142857143	7.847617	154894.671623296
0.588571428571429	7.854136	153397.760392679
0.589285714285714	7.860767	150806.816468113
0.59	7.86765	145285.485979947
0.590714285714286	7.873745	164068.908941775
0.591428571428571	7.879892	162680.982593126
0.592142857142857	7.886083	161524.79405588
0.592857142857143	7.892327	160153.747597702
0.593571428571429	7.898449	163345.311989535
0.594285714285714	7.905143	149387.511204074
0.595	7.911593	155038.759689921
0.595714285714286	7.918402	146864.444118068
0.596428571428571	7.924767	157109.190887674
0.597142857142857	7.930712	168208.578637521
0.597857142857143	7.957642	37133.3085777941
0.598571428571429	7.97015	79948.8327470393
0.599285714285714	7.976642	154035.736290826
0.6	7.982778	162972.620599747
0.600714285714286	7.989045	159565.980532944
0.601428571428571	7.995402	157306.905773154
0.602142857142857	8.003699	120525.491141393
0.602857142857143	8.012135	118539.592223782
0.603571428571429	8.022653	95075.1093363815
0.604285714285714	8.031319	115393.491807064
0.605	8.040422	109853.894320558
0.605714285714286	8.050427	99950.0249875103
0.606428571428571	8.058372	125865.324103191
0.607142857142857	8.069195	92395.8237087662
0.607857142857143	8.077078	126855.258150456
0.608571428571429	8.083284	161134.386077973
0.609285714285714	8.089389	163800.163800169
0.61	8.098934	104766.893661611
0.610714285714286	8.1051	162179.695102164
0.611428571428571	8.11131	161030.595813221
0.612142857142857	8.117847	152975.370965279
0.612857142857143	8.124145	158780.565258786
0.613571428571429	8.130466	158202.81601013
0.614285714285714	8.137366	144927.536231886
0.615	8.144007	150579.731968074
0.615714285714286	8.150941	144216.902220954
0.616428571428571	8.157043	163880.694854139
0.617142857142857	8.163568	153256.704980845
0.617857142857143	8.169585	166195.778627225
0.618571428571429	8.175697	163612.565445029
0.619285714285714	8.182068	156961.230576056
0.62	8.188123	165152.766308838
0.620714285714286	8.194136	166306.33627138
0.621428571428571	8.200188	165234.633179104
0.622142857142857	8.206761	152137.532329237
0.622857142857143	8.213175	155908.949173695
0.623571428571429	8.219228	165207.335205693
0.624285714285714	8.225511	159159.637116032
0.625	8.231913	156201.187128989
0.625714285714286	8.238097	161707.632600277
0.626428571428571	8.244692	151630.022744485
0.627142857142857	8.251083	156470.035988135
0.627857142857143	8.257461	156788.962057077
0.628571428571429	8.264115	150285.542530785
0.629285714285714	8.278389	70057.4471066258
0.63	8.288247	101440.454453241
0.630714285714286	8.296957	114810.562571748
0.631428571428571	8.30368	148743.12063069
0.632142857142857	8.309588	169262.017603255
0.632857142857143	8.319559	100290.843445992
0.633571428571429	8.326126	152276.534186072
0.634285714285714	8.332191	164880.461665305
0.635	8.338387	161394.448030962
0.635714285714286	8.344282	169635.284139133
0.636428571428571	8.351196	144634.075788254
0.637142857142857	8.357308	163612.565445029
0.637857142857143	8.363486	161864.681126572
0.638571428571429	8.370096	151285.930408467
0.639285714285714	8.378665	116699.731590623
0.64	8.388373	103007.828594975
0.640714285714286	8.398457	99166.9972233155
0.641428571428571	8.407107	115606.936416193
0.642142857142857	8.413715	151331.719128331
0.642857142857143	8.439648	38560.9069525312
0.643571428571429	8.462264	44216.4839052012
0.644285714285714	8.470683	118778.952369641
0.645	8.476879	161394.448030962
0.645714285714286	8.482998	163425.396306586
0.646428571428571	8.488888	169779.286927022
0.647142857142857	8.494903	166251.039068955
0.647857142857143	8.500836	168548.794876149
0.648571428571429	8.50687	165727.543917809
0.649285714285714	8.513466	151607.034566403
0.65	8.519416	168067.226890747
0.650714285714286	8.525327	169176.112332907
0.651428571428571	8.532738	134934.556739992
0.652142857142857	8.5477	66835.984494049
0.652857142857143	8.557041	107054.919173546
0.653571428571429	8.567388	96646.3709287769
0.654285714285714	8.580931	73838.883556079
0.655	8.586789	170706.725845001
0.655714285714286	8.592802	166306.33627138
0.656428571428571	8.598916	163559.044815221
0.657142857142857	8.60496	165453.342157483
0.657857142857143	8.611024	164907.651715032
0.658571428571429	8.617247	160694.19893941
0.659285714285714	8.623448	161264.312207734
0.66	8.629365	169004.563123199
0.660714285714286	8.635486	163371.998039529
0.661428571428571	8.642486	142857.14285715
0.662142857142857	8.650449	125580.811252038
0.662857142857143	8.657115	150015.001500169
0.663571428571429	8.663286	162048.290390532
0.664285714285714	8.683609	49205.3338581873
0.665	8.693078	105607.772732081
0.665714285714286	8.699603	153256.704980845
0.666428571428571	8.705619	166223.4042553
0.667142857142857	8.712657	142085.819835187
0.667857142857143	8.719129	154511.742892448
0.668571428571429	8.725776	150443.809237268
0.669285714285714	8.732724	143926.309729429
0.67	8.739115	156470.035988091
0.670714285714286	8.745499	156641.60401001
0.671428571428571	8.758621	76207.895137941
0.672142857142857	8.781939	42885.324641908
0.672857142857143	8.814396	30809.9947623001
0.673571428571429	8.837277	43704.3835496702
0.674285714285714	8.847836	94705.9380623266
0.675	8.856326	117785.63015312
0.675714285714286	8.863465	140075.640846048
0.676428571428571	8.870124	150172.698603375
0.677142857142857	8.877236	140607.424072004
0.677857142857143	8.887969	93170.5953601035
0.678571428571429	8.897034	110314.396028686
0.679285714285714	8.903755	148787.382829922
0.68	8.910916	139645.300935624
0.680714285714286	8.939166	35398.2300884957
0.681428571428571	8.946293	140311.491511144
0.682142857142857	8.953156	145708.873670424
0.682857142857143	8.95957	155908.949173695
0.683571428571429	8.985904	37973.7221842481
0.684285714285714	9.007938	45384.4059181272
0.685	9.017025	110047.320347738
0.685714285714286	9.025758	114508.187335402
0.686428571428571	9.037728	83542.188805348
0.687142857142857	9.044243	153491.941673056
0.687857142857143	9.051838	131665.569453584
0.688571428571429	9.059159	136593.361562642
0.689285714285714	9.065735	152068.126520663
0.69	9.073384	130736.043927299
0.690714285714286	9.079745	157207.986165696
0.691428571428571	9.088655	112233.445566799
0.692142857142857	9.095079	155666.251556641
0.692857142857143	9.101849	147710.48744462
0.693571428571429	9.108908	141663.125088541
0.694285714285714	9.117782	112688.753662378
0.695	9.129605	84580.9016324136
0.695714285714286	9.137043	134444.743210531
0.696428571428571	9.14361	152276.534186072
0.697142857142857	9.150055	155159.03801398
0.697857142857143	9.160147	99088.3868410601
0.698571428571429	9.169051	112309.074573234
0.699285714285714	9.189924	47908.7816796821
0.7	9.199512	104297.037964113
0.700714285714286	9.209086	104449.550866944
0.701428571428571	9.222042	77184.3161469538
0.702142857142857	9.232004	100381.449508133
0.702857142857143	9.24516	76010.9455761607
0.703571428571429	9.254624	105663.567202035
0.704285714285714	9.264492	101337.657073359
0.705	9.271327	146305.779078299
0.705714285714286	9.278297	143472.022955507
0.706428571428571	9.286671	119417.243850014
0.707142857142857	9.294274	131527.028804427
0.707857142857143	9.30077	153940.886699501
0.708571428571429	9.306911	162839.928350445
0.709285714285714	9.314633	129500.129500111
0.71	9.346694	31190.5430273553
0.710714285714286	9.356961	97399.43508327
0.711428571428571	9.367856	91785.2225791677
0.712142857142857	9.376949	109974.705817662
0.712857142857143	9.384741	128336.755646813
0.713571428571429	9.393097	119674.4853997
0.714285714285714	9.403113	99840.2555910696
0.715	9.412792	103316.458311807
0.715714285714286	9.422496	103050.288540797
0.716428571428571	9.431208	114784.205693308
0.717142857142857	9.442368	89605.7347670228
0.717857142857143	9.467988	39032.006245121
0.718571428571429	9.49713	34314.7347471001
0.719285714285714	9.511911	67654.4212164299
0.72	9.53203	49704.2596550497
0.720714285714286	9.562796	32503.4128583503
0.721428571428571	9.593205	32885.0011509763
0.722142857142857	9.600865	130548.30287204
0.722857142857143	9.607771	144801.621778186
0.723571428571429	9.614508	148434.021077607
0.724285714285714	9.621142	150738.619234247
0.725	9.627418	159337.157425118
0.725714285714286	9.634821	135080.372821828
0.726428571428571	9.642005	139198.218262831
0.727142857142857	9.648913	144759.698899805
0.727857142857143	9.656643	129366.106080199
0.728571428571429	9.664738	123533.045089576
0.729285714285714	9.671634	145011.600928088
0.73	9.67849	145857.642940472
0.730714285714286	9.685571	141222.991102963
0.731428571428571	9.692013	155231.294629001
0.732142857142857	9.698787	147623.26542663
0.732857142857143	9.70518	156421.08556231
0.733571428571429	9.712223	141984.949595354
0.734285714285714	9.719267	141964.792731393
0.735	9.726148	145327.713995061
0.735714285714286	9.732759	151263.046437767
0.736428571428571	9.739089	157977.883096362
0.737142857142857	9.745965	145433.391506688
0.737857142857143	9.752678	148964.695367209
0.738571428571429	9.760418	129198.966408267
0.739285714285714	9.767134	148898.153662876
0.74	9.773828	149387.511204074
0.740714285714286	9.780592	147841.513897093
0.741428571428571	9.787518	144383.482529599
0.742142857142857	9.794092	152114.390021325
0.742857142857143	9.800428	157828.282828258
0.743571428571429	9.806397	167532.249958108
0.744285714285714	9.811968	179500.987255437
0.745	9.817793	171673.819742497
0.745714285714286	9.823242	183519.911910426
0.746428571428571	9.828857	178094.390026752
0.747142857142857	9.83474	169981.302056752
0.747857142857143	9.84045	175131.348511367
0.748571428571429	9.846308	170706.725845001
0.749285714285714	9.852075	173400.381480877
0.75	9.857604	180864.532465151
0.750714285714286	9.863292	175808.720112541
0.751428571428571	9.868897	178412.132024947
0.752142857142857	9.874998	163907.556138358
0.752857142857143	9.881125	163212.012404084
0.753571428571429	9.886755	177619.893428063
0.754285714285714	9.893215	154798.761609936
0.755	9.900406	139062.717285484
0.755714285714286	9.907272	145645.208272638
0.756428571428571	9.914069	147123.731057845
0.757142857142857	9.921655	131821.776957556
0.757857142857143	9.932663	90843.0232558111
0.758571428571429	9.949019	61139.6429444851
0.759285714285714	9.965049	62383.0318153437
0.76	9.983919	52994.1706412303
0.760714285714286	10.000089	61842.9189857803
0.761428571428571	10.017493	57458.055619395
0.762142857142857	10.03629	53199.9787200105
0.762857142857143	10.05332	58719.90604815
0.763571428571429	10.068862	64341.7835542404
0.764285714285714	10.086218	57616.9624337363
0.765	10.101957	63536.4381472777
0.765714285714286	10.118708	59697.9284818842
0.766428571428571	10.138488	50556.1172901901
0.767142857142857	10.153941	64712.353588304
0.767857142857143	10.172108	55044.861562173
0.768571428571429	10.194065	45543.5624174514
0.769285714285714	10.210488	60890.2149424601
0.77	10.230612	49691.9101570242
0.770714285714286	10.247263	60056.4530658836
0.771428571428571	10.255721	118231.260345247
0.772142857142857	10.26376	124393.581291203
0.772857142857143	10.271973	121758.188238165
0.773571428571429	10.279806	127665.00702155
0.774285714285714	10.28801	121891.760117028
0.775	10.298197	98164.3270835362
0.775714285714286	10.306507	120336.943441639
0.776428571428571	10.316858	96609.0232827746
0.777142857142857	10.330739	72040.9192421317
0.777857142857143	10.34581	66352.5977041969
0.778571428571429	10.365325	51242.6338713805
0.779285714285714	10.373448	123107.226394198
0.78	10.380738	137174.211248264
0.780714285714286	10.387647	144738.746562486
0.781428571428571	10.393997	157480.3149606
0.782142857142857	10.412641	53636.5586783949
0.782857142857143	10.428301	63856.9604086899
0.783571428571429	10.448965	48393.3410762679
0.784285714285714	10.470349	46763.935652822
0.785	10.483744	74654.7219111656
0.785714285714286	10.489964	160771.704180044
0.786428571428571	10.496625	150127.608467212
0.787142857142857	10.503036	155981.906098894
0.787857142857143	10.509133	164015.089388211
0.788571428571429	10.515723	151745.068285299
0.789285714285714	10.523248	132890.365448485
0.79	10.530147	144948.543267164
0.790714285714286	10.536498	157455.518815924
0.791428571428571	10.542874	156838.143036399
0.792142857142857	10.562005	52271.1828968695
0.792857142857143	10.582182	49561.381771323
0.793571428571429	10.589499	136668.033346992
0.794285714285714	10.595906	156079.28827846
0.795	10.602208	158679.784195498
0.795714285714286	10.609014	146929.180135154
0.796428571428571	10.615932	144550.448106376
0.797142857142857	10.622406	154464.009885721
0.797857142857143	10.628795	156519.017060563
0.798571428571429	10.635735	144092.219020169
0.799285714285714	10.642697	143636.885952319
0.8	10.649155	154846.701765245
0.800714285714286	10.655608	154966.682163323
0.801428571428571	10.662059	155014.726399046
0.802142857142857	10.66846	156225.589751593
0.802857142857143	10.674841	156715.248393642
0.803571428571429	10.681568	148654.675189541
0.804285714285714	10.688732	139586.823003918
0.805	10.695171	155303.618574305
0.805714285714286	10.701911	148367.952522241
0.806428571428571	10.708394	154249.575813682
0.807142857142857	10.715091	149320.591309562
0.807857142857143	10.722187	140924.464487022
0.808571428571429	10.728944	147994.672191794
0.809285714285714	10.735398	154942.671211658
0.81	10.751645	61549.8245830003
0.810714285714286	10.761179	104887.770086004
0.811428571428571	10.769843	115420.129270551
0.812142857142857	10.779155	107388.316151208
0.812857142857143	10.788651	105307.497893846
0.813571428571429	10.80287	70328.4337857764
0.814285714285714	10.826597	42146.078307415
0.815	10.856615	33313.3453261375
0.815714285714286	10.868382	84983.4282314895
0.816428571428571	10.879108	93231.4003356329
0.817142857142857	10.886262	139781.940173332
0.817857142857143	10.893184	144466.917076002
0.818571428571429	10.900187	142795.944595154
0.819285714285714	10.906933	148235.991698791
0.82	10.914035	140805.406927632
0.820714285714286	10.921442	135007.425408386
0.821428571428571	10.929506	124007.936507949
0.822142857142857	10.937675	122414.004162068
0.822857142857143	10.944632	143740.117866899
0.823571428571429	10.952327	129954.515919428
0.824285714285714	10.96057	121315.055198347
0.825	10.968585	124766.063630715
0.825714285714286	10.97603	134318.334452642
0.826428571428571	10.983448	134807.225667305
0.827142857142857	10.991061	131354.262445799
0.827857142857143	10.998636	132013.201320146
0.828571428571429	11.005953	136668.033346992
0.829285714285714	11.01322	137608.366588678
0.83	11.020207	143122.942607726
0.830714285714286	11.027462	137835.975189512
0.831428571428571	11.03468	138542.532557496
0.832142857142857	11.043152	118035.882908413
0.832857142857143	11.051046	126678.489992395
0.833571428571429	11.058008	143636.885952319
0.834285714285714	11.06512	140607.424071969
0.835	11.071704	151883.353584444
0.835714285714286	11.07831	151377.535573728
0.836428571428571	11.085623	136742.786817997
0.837142857142857	11.092708	141143.260409315
0.837857142857143	11.099942	138236.107271211
0.838571428571429	11.106786	146113.383985991
0.839285714285714	11.113653	145623.998835014
0.84	11.120695	142005.112184034
0.840714285714286	11.129874	108944.329447657
0.841428571428571	11.137866	125125.125125101
0.842142857142857	11.14469	146541.617819462
0.842857142857143	11.151422	148544.266191336
0.843571428571429	11.157945	153303.694619049
0.844285714285714	11.164647	149209.191286169
0.845	11.171181	153045.607591056
0.845714285714286	11.183257	82808.8771116357
0.846428571428571	11.193321	99364.0699523067
0.847142857142857	11.202925	104123.281965834
0.847857142857143	11.212566	103723.680116168
0.848571428571429	11.223904	88198.9768918796
0.849285714285714	11.236297	80690.7124989835
0.85	11.247351	90464.9900488538
0.850714285714286	11.258092	93101.2010054978
0.851428571428571	11.266415	120148.984741068
0.852142857142857	11.276327	100887.81275222
0.852857142857143	11.286833	95183.704549786
0.853571428571429	11.2935	149992.500374977
0.854285714285714	11.301078	131960.93956188
0.855	11.308642	132205.182443146
0.855714285714286	11.316782	122850.122850136
0.856428571428571	11.327204	95950.8731529443
0.857142857142857	11.338068	92047.1281296044
0.857857142857143	11.3449	146370.023419219
0.858571428571429	11.352142	138083.402375005
0.859285714285714	11.358967	146520.146520164
0.86	11.370751	84860.8282416803
0.860714285714286	11.394317	42434.0151065082
0.861428571428571	11.407122	78094.4943381589
0.862142857142857	11.413419	158805.780530411
0.862857142857143	11.419913	153988.296889436
0.863571428571429	11.427751	127583.567236518
0.864285714285714	11.435163	134916.35186187
0.865	11.443588	118694.362017793
0.865714285714286	11.450474	145222.18995063
0.866428571428571	11.457071	151584.053357603
0.867142857142857	11.464068	142918.393597253
0.867857142857143	11.473483	106213.48911311
0.868571428571429	11.48312	103766.732385601
0.869285714285714	11.492814	103156.591706214
0.87	11.508279	64662.1403168414
0.870714285714286	11.515121	146156.094709135
0.871428571428571	11.524611	105374.077976823
0.872142857142857	11.53623	86065.9264997017
0.872857142857143	11.553333	58469.2743963029
0.873571428571429	11.572897	51114.2915559216
0.874285714285714	11.581745	113019.891500899
0.875	11.591729	100160.256410245
0.875714285714286	11.600335	116198.001394395
0.876428571428571	11.612927	79415.5019059738
0.877142857142857	11.622811	101173.613921476
0.877857142857143	11.630902	123594.11692003
0.878571428571429	11.638418	133049.494411939
0.879285714285714	11.644999	151952.590791659
0.88	11.651471	154511.742892448
0.880714285714286	11.65861	140075.640846083
0.881428571428571	11.665837	138370.001383694
0.882142857142857	11.672923	141123.341800713
0.882857142857143	11.679869	143967.751223742
0.883571428571429	11.687675	128106.584678446
0.884285714285714	11.698634	91249.2015694886
0.885	11.708413	102259.94477963
0.885714285714286	11.716047	130992.926381984
0.886428571428571	11.722506	154822.727976478
0.887142857142857	11.729436	144300.144300133
0.887857142857143	11.736806	135685.210312078
0.888571428571429	11.744275	133886.731824869
0.889285714285714	11.750911	150693.188667865
0.89	11.758581	130378.096479805
0.890714285714286	11.767763	108908.734480495
0.891428571428571	11.778611	92182.8908554631
0.892142857142857	11.788851	97656.250000004
0.892857142857143	11.79684	125172.11165352
0.893571428571429	11.804036	138966.092273477
0.894285714285714	11.810412	156838.143036399
0.895	11.823653	75522.996752507
0.895714285714286	11.830327	149835.181300563
0.896428571428571	11.837023	149342.891278379
0.897142857142857	11.84396	144154.533660107
0.897857142857143	11.850667	149097.957357974
0.898571428571429	11.857369	149209.191286169
0.899285714285714	11.863958	151768.098345729
0.9	11.872438	117924.52830188
0.900714285714286	11.881134	114995.40018401
0.901428571428571	11.894398	75392.0386007165
0.902142857142857	11.901111	148964.695367209
0.902857142857143	11.907952	146177.459435762
0.903571428571429	11.926111	55069.1117352256
0.904285714285714	11.945712	51017.8052140203
0.905	11.953843	122986.102570401
0.905714285714286	11.967068	75614.3667296873
0.906428571428571	11.975982	112183.082791106
0.907142857142857	11.983357	135593.220338989
0.907857142857143	11.990187	146412.884333805
0.908571428571429	11.997636	134246.207544648
0.909285714285714	12.004199	152369.343288133
0.91	12.010828	150852.315583039
0.910714285714286	12.016941	163585.800752518
0.911428571428571	12.024923	125281.884239537
0.912142857142857	12.032007	141163.18464143
0.912857142857143	12.039286	137381.508448954
0.913571428571429	12.046411	140350.877192977
0.914285714285714	12.053674	137684.152554041
0.915	12.060841	139528.394028204
0.915714285714286	12.067139	158780.565258831
0.916428571428571	12.073637	153893.505694046
0.917142857142857	12.081767	123001.230012307
0.917857142857143	12.089919	122669.283611371
0.918571428571429	12.099238	107307.651035523
0.919285714285714	12.106091	145921.49423611
0.92	12.112227	162972.6205997
0.920714285714286	12.119059	146370.023419219
0.921428571428571	12.125865	146929.180135192
0.922142857142857	12.134109	121300.339640933
0.922857142857143	12.144505	96190.8426317808
0.923571428571429	12.155286	92755.7740469369
0.924285714285714	12.167817	79802.0908147846
0.925	12.184028	61686.5091604459
0.925714285714286	12.197932	71921.7491369383
0.926428571428571	12.21803	49756.1946462314
0.927142857142857	12.255856	26436.8423835464
0.927857142857143	12.280107	41235.4129726616
0.928571428571429	12.295998	62928.7017808757
0.929285714285714	12.306702	93423.0194319993
0.93	12.320159	74310.7676302257
0.930714285714286	12.332935	78271.7595491621
0.931428571428571	12.344262	88284.6296459676
0.932142857142857	12.356084	84588.0561664788
0.932857142857143	12.36811	83153.1681357023
0.933571428571429	12.380631	79865.8254133085
0.934285714285714	12.3926	83549.1686857677
0.935	12.405768	75941.6767922219
0.935714285714286	12.417734	83570.1153267644
0.936428571428571	12.430196	80243.9415824036
0.937142857142857	12.441691	86994.3453675509
0.937857142857143	12.454406	78647.2670074713
0.938571428571429	12.466766	80906.1488673188
0.939285714285714	12.477631	92038.6562356123
0.94	12.489999	80853.8163001269
0.940714285714286	12.503294	75216.2467092927
0.941428571428571	12.515279	83437.6303713027
0.942142857142857	12.527725	80347.0994697051
0.942857142857143	12.538767	90563.3037493226
0.943571428571429	12.55009	88315.817362883
0.944285714285714	12.563044	77196.2328238453
0.945	12.588698	38980.2759803522
0.945714285714286	12.609333	48461.352071726
0.946428571428571	12.621264	83815.2711423981
0.947142857142857	12.634113	77827.0682543436
0.947857142857143	12.646493	80775.4442649416
0.948571428571429	12.658274	84882.4378236076
0.949285714285714	12.665905	131044.424059757
0.95	12.67283	144404.332129986
0.950714285714286	12.679248	155811.77937052
0.951428571428571	12.693656	69405.8856190942
0.952142857142857	12.715453	45877.8731018043
0.952857142857143	12.732628	58224.1630276567
0.953571428571429	12.755132	44436.5446142915
0.954285714285714	12.764056	112057.373375163
0.955	12.778224	70581.5923207241
0.955714285714286	12.798673	48902.1468042422
0.956428571428571	12.807794	109637.101195061
0.957142857142857	12.817885	99098.2063224561
0.957857142857143	12.831878	71464.3035803654
0.958571428571429	12.842213	96758.5873246294
0.959285714285714	12.850612	119061.793070594
0.96	12.857319	149097.957357974
0.960714285714286	12.863912	151676.020021264
0.961428571428571	12.870481	152230.172020078
0.962142857142857	12.877697	138580.931263864
0.962857142857143	12.88373	165755.014089165
0.963571428571429	12.890965	138217.000691092
0.964285714285714	12.898182	138561.729250368
0.965	12.904799	151125.887864584
0.965714285714286	12.911428	150852.315583039
0.966428571428571	12.918492	141562.85390714
0.967142857142857	12.924996	153751.537515384
0.967857142857143	12.931438	155231.294629001
0.968571428571429	12.938737	137005.069187565
0.969285714285714	12.945894	139723.347771424
0.97	12.953192	137023.842148525
0.970714285714286	12.95973	152951.973080434
0.971428571428571	12.966425	149365.197908914
0.972142857142857	12.972987	152392.563242899
0.972857142857143	12.97992	144237.703735755
0.973571428571429	12.987146	138389.150290631
0.974285714285714	12.993308	162284.972411514
0.975	12.999739	155496.812315367
0.975714285714286	13.006929	139082.058414473
0.976428571428571	13.01323	158704.967465468
0.977142857142857	13.019147	169004.563123199
0.977857142857143	13.025235	164257.555847566
0.978571428571429	13.032439	138811.771238206
0.979285714285714	13.042705	97408.9226573186
0.98	13.051791	110059.432093331
0.980714285714286	13.061987	98077.6775205911
0.981428571428571	13.069916	126119.308866204
0.982142857142857	13.077727	128024.580719494
0.982857142857143	13.086002	120845.921450134
0.983571428571429	13.095162	109170.305676861
0.984285714285714	13.103344	122219.506233199
0.985	13.112262	112132.765193995
0.985714285714286	13.122677	96015.3624579927
0.986428571428571	13.132346	103423.311614432
0.987142857142857	13.141288	111831.80496534
0.987857142857143	13.150262	111433.028749718
0.988571428571429	13.157854	131717.59747101
0.989285714285714	13.167241	106530.307872587
0.99	13.175781	117096.018735363
0.990714285714286	13.184778	111148.160497956
0.991428571428571	13.192638	127226.463104312
0.992142857142857	13.200224	131821.776957556
0.992857142857143	13.209599	106666.666666663
0.993571428571429	13.217021	134734.572891403
0.994285714285714	13.227663	93967.2993798253
0.995	13.235512	127404.764938205
0.995714285714286	13.242395	145285.485979947
0.996428571428571	13.250656	121050.720251797
0.997142857142857	13.260502	101564.086938844
0.997857142857143	13.285512	39984.0063974411