#% Complete	time_depth_infty_optsoff	rate_depth_infty_optsoff0.0	0.0	0.0
0.000393700787401575	0.197093	5073.74691135657
0.00078740157480315	0.844275	1545.16040310145
0.00118110236220472	1.777395	1071.67352537723
0.0015748031496063	2.478794	1425.72202127462
0.00196850393700787	3.154366	1480.22712605022
0.00236220472440945	3.924726	1298.09439742458
0.00275590551181102	4.745321	1218.6279467947
0.0031496062992126	5.539015	1259.93140933408
0.00354330708661417	6.330057	1264.15537986605
0.00393700787401575	7.062343	1365.58666968916
0.00433070866141732	7.719267	1522.24610457222
0.0047244094488189	8.496732	1286.23153453853
0.00511811023622047	9.317935	1217.72570241463
0.00551181102362205	10.117183	1251.17610553921
0.00590551181102362	10.834611	1393.86809547439
0.0062992125984252	11.522694	1453.31304508323
0.00669291338582677	12.212764	1449.1283492979
0.00708661417322835	13.011296	1252.29796676902
0.00748031496062992	13.792472	1280.12125308509
0.0078740157480315	14.445091	1532.28759812387
0.00826771653543307	15.252385	1238.70609715915
0.00866141732283465	16.167424	1092.84959438887
0.00905511811023622	16.904936	1355.91014112313
0.0094488188976378	17.588747	1462.39238620028
0.00984251968503937	18.606801	982.266166627704
0.0102362204724409	20.048117	693.810378848219
0.0106299212598425	22.03264	503.899425705825
0.0110236220472441	23.924395	528.609677257362
0.0114173228346457	26.68424	362.339189338532
0.0118110236220472	29.574174	346.02866363038
0.0122047244094488	33.136927	280.681821052428
0.0125984251968504	37.014731	257.877912344203
0.012992125984252	41.400775	227.995888778133
0.0133858267716535	46.260681	205.765296695039
0.0137795275590551	51.902156	177.258607013237
0.0141732283464567	57.714074	172.060238977907
0.0145669291338583	64.728254	142.568340133843
0.0149606299212598	71.610312	145.305372317409
0.0153543307086614	78.142372	153.091061625276
0.015748031496063	85.035817	145.065348312781
0.0161417322834646	92.822829	128.418962241229
0.0165354330708661	99.547764	148.700322010547
0.0169291338582677	110.806899	88.8167696719153
0.0173228346456693	122.339584	86.7100766213592
0.0177165354330709	134.057347	85.3405210533786
0.0181102362204724	145.612335	86.5427121170528
0.018503937007874	157.714948	82.6267848108504
0.0188976377952756	169.202957	87.0472855653229
0.0192913385826772	181.228684	83.1550558232364
0.0196850393700787	194.517892	75.2490291370261
0.0200787401574803	207.609195	76.3865903951653
0.0204724409448819	220.963244	74.8836551371048
0.0208661417322835	234.708935	72.7500712768824
0.021259842519685	247.757064	76.6393403989184
0.0216535433070866	260.726566	77.1039628198524
0.0220472440944882	275.367771	68.3003892097678
0.0224409448818898	288.833119	74.2646978006064
0.0228346456692913	302.578836	72.7499336702479
0.0232283464566929	316.795716	70.3389210572221
0.0236220472440945	332.079316	65.4296108246749
0.0240157480314961	349.44832	57.5738251888248
0.0244094488188976	364.419233	66.7961933918125
0.0248031496062992	380.232923	63.236347746794
0.0251968503937008	395.489532	65.5453646350904
0.0255905511811024	411.700901	61.68510506423
0.0259842519685039	427.35195	63.8934808778632
0.0263779527559055	442.738859	64.9903109194966
0.0267716535433071	458.371283	63.9696057374083
0.0271653543307087	474.849025	60.6879267802592
0.0275590551181102	491.968346	58.4135317049081
0.0279527559055118	508.486383	60.5398813430434
0.0283464566929134	525.307805	59.4480062387114
0.028740157480315	541.134885	63.1828486366404
0.0291338582677165	557.46387	61.2407935949479
0.0295275590551181	573.306073	63.122534157655
0.0299212598425197	589.721233	60.9192965526988
0.0303149606299213	604.797745	66.3283390747144
0.0307086614173228	621.865394	58.5903776202566
0.0311023622047244	639.706011	56.0518730938511
0.031496062992126	658.034078	54.5611274773274
0.0318897637795276	675.45429	57.4045826767206
0.0322834645669291	693.127816	56.5818048984678
0.0326771653543307	710.520696	57.494790971938
0.0330708661417323	728.7118	54.9719247385975
0.0334645669291339	746.993407	54.6997865122032
0.0338582677165354	765.154308	55.0633473526452
0.034251968503937	783.865031	53.4452890997317
0.0346456692913386	802.158685	54.66376482249
0.0350393700787402	820.471264	54.6072729570203
0.0354330708661417	838.823746	54.4885427486048
0.0358267716535433	857.015203	54.9708580241813
0.0362204724409449	876.290706	51.879320607094
0.0366141732283465	895.597897	51.7941734766078
0.037007874015748	913.975318	54.4145993063988
0.0374015748031496	932.358768	54.3967536017449
0.0377952755905512	951.395598	52.5297541660038
0.0381889763779528	970.871211	51.3462657118929
0.0385826771653543	988.990542	55.1896756011577
0.0389763779527559	1008.161082	52.1633715064887
0.0393700787401575	1028.200776	49.9009615615889
0.0397637795275591	1047.407045	52.0663331332076
0.0401574803149606	1067.839434	48.9419029757116
0.0405511811023622	1089.836843	45.4598993908781
0.0409448818897638	1111.575819	46.0003267863218
0.0413385826771654	1132.323551	48.1980391880904
0.0417322834645669	1154.226916	45.6550854172404
0.0421259842519685	1175.199005	47.6824220992008
0.0425196850393701	1197.460039	44.9215431771945
0.0429133858267717	1218.898656	46.644799895441
0.0433070866141732	1240.309816	46.704615723763
0.0437007874015748	1262.133553	45.8216665642554
0.0440944881889764	1284.795832	44.1261887209135
0.044488188976378	1307.690902	43.6775253362404
0.0448818897637795	1331.07645	42.7614525004931
0.0452755905511811	1353.014598	45.5826991412403
0.0456692913385827	1378.270754	39.5943072255336
0.0460629921259843	1403.347278	39.8779352353619
0.0464566929133858	1428.936181	39.0794400213248
0.0468503937007874	1454.454632	39.1873315508063
0.047244094488189	1479.631923	39.7183318888438
0.0476377952755906	1504.400536	40.3736777670995
0.0480314960629921	1529.873655	39.2570693836118
0.0484251968503937	1554.753107	40.1938113427902
0.0488188976377953	1581.279029	37.6989723486331
0.0492125984251969	1608.289876	37.0221637255581
0.0496062992125984	1634.947132	37.5132384218391
0.05	1662.376176	36.4577051974542
0.0503937007874016	1692.038961	33.7122761736634
0.0507874015748032	1718.321123	38.0486202010322
0.0511811023622047	1742.048651	42.1451404461516
0.0515748031496063	1767.385131	39.4687817723694
0.0519685039370079	1796.225112	34.6740866438157
0.0523622047244095	1821.917601	38.9218810213366
0.052755905511811	1847.869825	38.5323431240423
0.0531496062992126	1874.034629	38.2192811381274
0.0535433070866142	1900.572832	37.6815265148133
0.0539370078740158	1927.764396	36.7761118852892
0.0543307086614173	1954.75794	37.0458951221819
0.0547244094488189	1979.071602	41.1291396581888
0.0551181102362205	2005.899853	37.2741406064824
0.055511811023622	2034.823366	34.5739468092964
0.0559055118110236	2065.164225	32.9588559111
0.0562992125984252	2093.376457	35.4456180567353
0.0566929133858268	2121.92935	35.0227208150151
0.0570866141732283	2150.81926	34.6141611379194
0.0574803149606299	2179.926996	34.3551281350086
0.0578740157480315	2208.269097	35.2831993647898
0.0582677165354331	2239.132405	32.4009338208335
0.0586614173228346	2268.580252	33.9583399764332
0.0590551181102362	2297.763988	34.2656608461645
0.0594488188976378	2330.947956	30.1350338814215
0.0598425196850394	2362.095587	32.1051703739525
0.0602362204724409	2393.311044	32.0354111746624
0.0606299212598425	2426.640828	30.0031947401759
0.0610236220472441	2460.079722	29.9052953126979
0.0614173228346457	2490.824087	32.5262857112189
0.0618110236220472	2521.603761	32.4889730800919
0.0622047244094488	2551.274236	33.703538618778
0.0625984251968504	2579.623634	35.2741176373483
0.062992125984252	2605.628743	38.4539822540253
0.0633858267716535	2633.247331	36.2074990944507
0.0637795275590551	2665.568206	30.9397564267676
0.0641732283464567	2695.747213	33.1356164236946
0.0645669291338583	2726.58369	32.4291260639147
0.0649606299212598	2759.131399	30.7241286936663
0.0653543307086614	2787.708763	34.9927306101428
0.065748031496063	2819.8798	31.0838596841003
0.0661417322834646	2853.657448	29.6053769048694
0.0665354330708661	2886.851195	30.1261559895601
0.0669291338582677	2918.589033	31.5081323434822
0.0673228346456693	2950.914409	30.9354483610649
0.0677165354330709	2987.51631	27.3209853225929
0.0681102362204724	3022.603003	28.5008336351333
0.068503937007874	3057.351749	28.7780169103083
0.0688976377952756	3096.30108	25.674381929692
0.0692913385826772	3133.344119	26.9956252779371
0.0696850393700787	3169.757968	27.4620790567896
0.0700787401574803	3205.321308	28.1188437306506
0.0704724409448819	3240.657852	28.2993152924068
0.0708661417322835	3274.488536	29.5589648734267
0.071259842519685	3308.949861	29.0180368862774
0.0716535433070866	3343.884708	28.6247138852505
0.0720472440944882	3378.53018	28.8638007298615
0.0724409448818898	3416.451421	26.3704449967763
0.0728346456692913	3455.668396	25.4991620337878
0.0732283464566929	3491.112213	28.2136655879925
0.0736220472440945	3525.695484	28.9157147685654
0.0740157480314961	3561.803404	27.6947550565084
0.0744094488188976	3599.090752	26.8187482789066
0.0748031496062992	3634.09022	28.5718628637441