#% Complete	time_depth_infty_optsoff	rate_depth_infty_optsoff0.0	0.0	0.0
0.00161290322580645	0.090278	11076.895810718
0.0032258064516129	0.241535	6611.26427206675
0.00483870967741936	0.444898	4917.3153425156
0.00645161290322581	0.692222	4043.27926121201
0.00806451612903226	0.947725	3913.84836968646
0.00967741935483871	1.141011	5173.68045280051
0.0112903225806452	1.374491	4283.02210039404
0.0129032258064516	1.579966	4866.77211339579
0.0145161290322581	1.854969	3636.3239673749
0.0161290322580645	2.148216	3410.0945619222
0.017741935483871	2.425107	3611.52944660534
0.0193548387096774	2.81033	2595.89899876176
0.0209677419354839	3.298526	2048.35762685479
0.0225806451612903	3.711496	2421.48340073129
0.0241935483870968	4.09003	2641.77062034058
0.0258064516129032	4.635204	1834.27676301511
0.0274193548387097	5.090538	2196.19004950213
0.0290322580645161	5.592672	1991.50027681854
0.0306451612903226	6.164521	1748.71338412763
0.032258064516129	6.736672	1747.79035604237
0.0338709677419355	7.26185	1904.11631865768
0.0354838709677419	7.827364	1768.30281832103
0.0370967741935484	8.571981	1342.97229313862
0.0387096774193548	9.124335	1810.43316423887
0.0403225806451613	9.717365	1686.25533278249
0.0419354838709677	10.286669	1756.53078144541
0.0435483870967742	10.923753	1569.65172567511
0.0451612903225806	11.587903	1505.68395693744
0.0467741935483871	12.236563	1541.63968797213
0.0483870967741935	12.744756	1967.75634453839
0.05	13.405027	1514.52964010232
0.0516129032258065	14.299388	1118.11673362322
0.0532258064516129	15.280406	1019.34928818839
0.0548387096774194	16.137641	1166.54126348084
0.0564516129032258	17.162672	975.580250743634
0.0580645161290323	18.181591	981.432282644646
0.0596774193548387	19.185948	995.661901096922
0.0612903225806452	20.236273	952.086259015066
0.0629032258064516	21.191448	1046.92857329809
0.0645161290322581	22.335812	873.847831633991
0.0661290322580645	24.528966	455.964332646043
0.067741935483871	26.851325	430.59664763286
0.0693548387096774	29.182201	429.02325134413
0.0709677419354839	31.880918	370.546448553146
0.0725806451612903	34.512922	379.938632312109
0.0741935483870968	37.441899	341.416132663384
0.0758064516129032	40.694101	307.483975472618
0.0774193548387097	43.782758	323.76531288518
0.0790322580645161	47.251329	288.303165770573
0.0806451612903226	50.625698	296.351703088785
0.082258064516129	53.802562	314.775829245444
0.0838709677419355	57.099105	303.348083128295
0.0854838709677419	60.394879	303.418863065246
0.0870967741935484	63.647276	307.465540030938
0.0887096774193548	67.146193	285.80272124203
0.0903225806451613	70.925163	264.62237064597
0.0919354838709677	74.72863	262.918016641133
0.0935483870967742	79.001724	234.022467092931
0.0951612903225806	83.176454	239.536449063771
0.0967741935483871	87.490328	231.810201225163
0.0983870967741935	91.907783	226.37468859332
0.1	96.419607	221.639851199869
0.101612903225806	101.018599	217.438951839882
0.103225806451613	105.594947	218.514850706283
0.104838709677419	110.428619	206.88205571251
0.106451612903226	115.149185	211.839004051633
0.108064516129032	119.860182	212.269292466117
0.109677419354839	124.734686	205.149077731806
0.111290322580645	130.128026	185.413862281999
0.112903225806452	135.411121	189.282986582675
0.114516129032258	140.599882	192.724236094127
0.116129032258065	146.184871	179.051382196098
0.117741935483871	151.782607	178.643651647737
0.119354838709677	157.650037	170.432369879147
0.120967741935484	163.506153	170.76164474884
0.12258064516129	169.474818	167.541652949194
0.124193548387097	175.601625	163.217153731136
0.125806451612903	181.639928	165.609443580424
0.12741935483871	187.947672	158.53528614985
0.129032258064516	194.257256	158.489054111967
0.130645161290323	200.626254	157.010569009443
0.132258064516129	207.395008	147.73767816056
0.133870967741935	214.134485	148.379466240481
0.135483870967742	220.850133	148.905958144322
0.137096774193548	227.79052	144.084184354561
0.138709677419355	235.051672	137.719193868962
0.140322580645161	242.380218	136.452715177062
0.141935483870968	250.068124	130.074431191016
0.143548387096774	257.66857	131.571226214883
0.145161290322581	265.473886	128.117810989331
0.146774193548387	273.445843	125.43971323478
0.148387096774194	281.342239	126.64005199334
0.15	289.576878	121.438231839914
0.151612903225806	297.951672	119.405922103876
0.153225806451613	306.182357	121.496570455557
0.154838709677419	314.445014	121.026444641234
0.156451612903226	322.780129	119.974349484081
0.158064516129032	331.247518	118.100160509928
0.159677419354839	339.708648	118.187523415904
0.161290322580645	348.375853	115.377448670015
0.162903225806452	357.272854	112.397424705246
0.164516129032258	366.146964	112.687356816627
0.166129032258065	375.364819	108.485108520366
0.167741935483871	385.025545	103.51188927209
0.169354838709677	394.744751	102.889063160098
0.170967741935484	404.713687	100.311607979026
0.17258064516129	414.848508	98.6697249019002
0.174193548387097	424.85724	99.9127561813024
0.175806451612903	435.039269	98.2122521945282
0.17741935483871	444.85767	101.849578154325
0.179032258064516	455.181846	96.8600302823197
0.180645161290323	465.441801	97.4663144234064
0.182258064516129	476.293582	92.1507723017999
0.183870967741935	487.109672	92.4548519844049
0.185483870967742	497.946495	92.2779674448864
0.187096774193548	508.767224	92.4152152780097
0.188709677419355	520.034319	88.7540222213447
0.190322580645161	531.841104	84.6970619012712
0.191935483870968	543.314683	87.1567625062766
0.193548387096774	554.829471	86.844846817848
0.195161290322581	566.664014	84.4984043743814
0.196774193548387	578.479888	84.6319112746124
0.198387096774194	590.513852	83.098137903686
0.2	603.153327	79.1172101689353
0.201612903225806	616.23778	76.4265804615597
0.203225806451613	629.406871	75.9353853656263
0.204838709677419	642.920231	74.0008406495502
0.206451612903226	656.884532	71.6111748092506
0.208064516129032	670.925305	71.2211500036361
0.209677419354839	685.071729	70.6892427372457
0.211290322580645	699.492725	69.3433380052254
0.212903225806452	713.948909	69.174548414713
0.214516129032258	728.676027	67.9019479575025
0.216129032258065	743.372821	68.0420505315646
0.217741935483871	758.749326	65.0342844489046
0.219354838709677	773.991259	65.6084763002172
0.220967741935484	789.685463	63.7177903383949
0.22258064516129	805.181723	64.5316999069453
0.224193548387097	821.001403	63.2124037907216
0.225806451612903	836.900276	62.897539970286
0.22741935483871	853.213541	61.2998072427561
0.229032258064516	870.050027	59.3948167093774
0.230645161290323	886.868252	59.4593067936718
0.232258064516129	903.759797	59.2012157561665
0.233870967741935	920.859282	58.4812934424635
0.235483870967742	938.275671	57.4171833208365
0.237096774193548	955.972656	56.5068004521673
0.238709677419355	973.755867	56.2328141976161
0.240322580645161	991.990247	54.841458826678
0.241935483870968	1009.813286	56.1071543410751
0.243548387096774	1028.595969	53.2405301202176
0.245161290322581	1047.521444	52.8388323146447
0.246774193548387	1066.500088	52.6908034104016
0.248387096774194	1085.646967	52.227833058328
0.25	1104.739741	52.3758360099999
0.251612903225806	1124.142571	51.5388734529963
0.253225806451613	1143.696165	51.1414934768514
0.254838709677419	1163.510873	50.4675617728006
0.256451612903226	1183.242635	50.6797112188964
0.258064516129032	1203.262296	49.9508957719113
0.259677419354839	1223.131767	50.3284662183508
0.261290322580645	1243.441967	49.2363442999087
0.262903225806452	1264.676095	47.0939988682369
0.264516129032258	1286.769242	45.2629043748271
0.266129032258065	1308.240169	46.5746076077669
0.267741935483871	1330.28767	45.3566143391942
0.269354838709677	1352.970647	44.0859239948968
0.270967741935484	1374.636702	46.1551491492108
0.27258064516129	1398.454496	41.985416449567
0.274193548387097	1421.563296	43.2735581250433
0.275806451612903	1444.60119	43.4067454256017
0.27741935483871	1467.66002	43.3673347693705
0.279032258064516	1490.64402	43.5085276714237
0.280645161290323	1513.965594	42.8787525233073
0.282258064516129	1537.660532	42.2031068407943
0.283870967741935	1560.992529	42.859597487519
0.285483870967742	1585.226485	41.2644142788742
0.287096774193548	1609.533099	41.1410655552434
0.288709677419355	1634.183815	40.5667729894741
0.290322580645161	1659.659841	39.2525898662534
0.291935483870968	1684.576612	40.133611213106
0.293548387096774	1710.66015	38.3383573194712
0.295161290322581	1737.182979	37.7033686715697
0.296774193548387	1763.50652	37.9888100920769
0.298387096774194	1789.741937	38.1164133964403
0.3	1816.441045	37.4544348073351
0.301612903225806	1841.948041	39.204930286577
0.303225806451613	1869.371905	36.4645915688615
0.304838709677419	1895.397484	38.4237368936152
0.306451612903226	1921.690848	38.0324100027674
0.308064516129032	1947.868955	38.1998591418395
0.309677419354839	1974.306125	37.8255312501298
0.311290322580645	2000.877409	37.6346133668213
0.312903225806452	2028.239775	36.5465471808979
0.314516129032258	2055.867425	36.1956228633273
0.316129032258064	2084.083793	35.4404223817893
0.317741935483871	2112.803387	34.8194337287635
0.319354838709677	2141.849819	34.4276364133122
0.320967741935484	2171.343187	33.9059275970111
0.32258064516129	2201.398	33.2725410735377
0.324193548387097	2230.915062	33.8787105573042
0.325806451612903	2261.198407	33.021451230041
0.32741935483871	2291.808881	32.6685565208823
0.329032258064516	2321.388883	33.8066238129394
0.330645161290323	2351.111878	33.6439850694722
0.332258064516129	2382.228978	32.1366708337217
0.333870967741935	2414.903011	30.6053433930243
0.335483870967742	2446.986775	31.1684127834876
0.337096774193548	2477.670862	32.5901826572189
0.338709677419355	2509.052131	31.866142825518
0.340322580645161	2540.431589	31.8679819135182
0.341935483870968	2571.554001	32.131185719153
0.343548387096774	2603.374235	31.4265445062407
0.345161290322581	2636.31788	30.3548681392118
0.346774193548387	2668.11627	31.4481330658566
0.348387096774194	2700.50953	30.8706193819333
0.35	2733.112584	30.6719732452057
0.351612903225806	2765.887587	30.5110574665697
0.353225806451613	2798.661467	30.5121029307488
0.354838709677419	2831.874671	30.1085074478209
0.356451612903226	2865.273957	29.9407598114524
0.358064516129032	2898.853851	29.7797247364748
0.359677419354839	2932.739496	29.5110215549974
0.361290322580645	2966.668254	29.4735221371793
0.362903225806452	3000.689312	29.3935597182194
0.364516129032258	3034.523337	29.5560460217192
0.366129032258065	3068.453316	29.4724615066812
0.367741935483871	3102.910363	29.0216396082927
0.369354838709677	3137.743252	28.7085001763705
0.370967741935484	3172.742152	28.572326558835
0.37258064516129	3208.227764	28.180435495941
0.374193548387097	3243.963096	27.9835094298272
0.375806451612903	3280.294271	27.5245708403318
0.37741935483871	3316.356519	27.7298298209254
0.379032258064516	3352.454594	27.7023082255772
0.380645161290323	3389.093709	27.2932356581208
0.382258064516129	3425.502326	27.4660254192026
0.383870967741935	3462.191766	27.2557989437832
0.385483870967742	3499.96377	26.4746344938437
0.387096774193548	3538.494983	25.9529851811308
0.388709677419355	3576.91783	26.026181766281
0.390322580645161	3615.044536	26.2283345432464