#% Complete	time_depth_infty	time_depth_1	rate_depth_infty	rate_depth_1
0.0	0.0	0.0	0	0
0.0123456790123457	0.03217	0.034133	31084.8616723655	29297.1611050889
0.0246913580246914	0.067767	0.069277	28092.2549653061	28454.3592078306
0.037037037037037	0.100663	0.103685	30398.8326848249	29063.0086026505
0.0493827160493827	0.133567	0.137557	30391.4417699976	29522.9097779877
0.0617283950617284	0.167011	0.171826	29900.7295778017	29180.8923516881
0.0740740740740741	0.19922	0.207559	31047.2228259182	27985.3356841015
0.0864197530864197	0.232911	0.242286	29681.5173191653	28796.0376652173
0.0987654320987654	0.266933	0.277608	29392.7458703192	28310.9676688749
0.111111111111111	0.299082	0.312429	31105.166568167	28718.3021739754
0.123456790123457	0.332475	0.349099	29946.3959512473	27270.2481592583
0.135802469135802	0.365657	0.385216	30136.8211681032	27687.7924523078
0.148148148148148	0.399466	0.42147	29577.9230382443	27583.1632371601
0.160493827160494	0.432763	0.459113	30032.7356818932	26565.3640783147
0.172839506172839	0.466432	0.498593	29700.9118179928	25329.2806484295
0.185185185185185	0.496187	0.533635	33607.7970089061	28537.1839506877
0.197530864197531	0.525969	0.569152	33577.3285877376	28155.5311540952
0.209876543209877	0.554405	0.604107	35166.6901111267	28608.2105564298
0.222222222222222	0.582363	0.640858	35767.9376207169	27210.1439416614
0.234567901234568	0.61122	0.6658	34653.6368991924	40093.0157966484
0.246913580246914	0.640539	0.682919	34107.5752924726	58414.6270226061
0.259259259259259	0.66884	0.700191	35334.440479135	57897.1746178788
0.271604938271605	0.698754	0.717722	33429.1636023267	57041.8116479381
0.283950617283951	0.727467	0.734722	34827.430083934	58823.5294117647
0.296296296296296	0.75638	0.751969	34586.5181752153	57981.0981619991
0.308641975308642	0.78498	0.769955	34965.034965035	55598.7990659403
0.320987654320988	0.819352	0.791337	29093.4481554754	46768.309793284
0.333333333333333	0.848424	0.808749	34397.3582828838	57431.6563289686
0.345679012345679	0.878148	0.826734	33642.847530615	55601.8904642757
0.358024691358025	0.908145	0.843742	33336.6670000334	58795.8607714016
0.37037037037037	0.937191	0.861916	34428.1484541761	55023.6601738747
0.382716049382716	0.961073	0.878915	41872.5399882758	58826.9898229308
0.395061728395062	0.978336	0.896886	57927.3590916989	55645.206165489
0.407407407407407	0.994398	0.914136	62258.7473540032	57971.0144927533
0.419753086419753	1.011517	0.931695	58414.6270226065	56950.8514152287
0.432098765432099	1.028357	0.949072	59382.4228028497	57547.3326811303
0.444444444444444	1.045067	0.966362	59844.4045481755	57836.8999421634
0.45679012345679	1.062009	0.984256	59024.908511391	55884.654073991
0.469135802469136	1.078494	1.001674	60661.207158023	57411.8727752901
0.481481481481481	1.095792	1.01975	57810.1514625975	55321.9738880284
0.493827160493827	1.111464	1.038542	63808.0653394584	53214.1336739034
0.506172839506173	1.128826	1.056072	57597.0510309869	57045.065601826
0.518518518518518	1.146188	1.073679	57597.0510309876	56795.5926620089
0.530864197530864	1.163034	1.09143	59361.2727056863	56334.8543744019
0.54320987654321	1.180192	1.109389	58281.8510315895	55682.3876607827
0.555555555555556	1.197035	1.127108	59371.8458706875	56436.593487217
0.567901234567901	1.214653	1.144862	56760.1316835058	56325.3351357439
0.580246913580247	1.231113	1.162576	60753.3414337783	56452.5234277972
0.592592592592593	1.24845	1.18019	57680.1061313955	56773.021460202
0.604938271604938	1.264837	1.198132	61023.9824250933	55735.1465834358
0.617283950617284	1.281989	1.215844	58302.23880597	56458.8979223127
0.62962962962963	1.307417	1.242852	39326.7264432908	37026.0663507107
0.641975308641975	1.323998	1.260854	60309.9933659009	55549.3834018447
0.654320987654321	1.340948	1.278392	58997.0501474926	57019.0443608163
0.666666666666667	1.358386	1.295798	57346.0259204042	57451.453521774
0.679012345679012	1.375128	1.313383	59730.020308206	56866.6477111176
0.691358024691358	1.392452	1.331383	57723.3895174328	55555.5555555555
0.703703703703704	1.409556	1.349332	58465.8559401309	55713.4102178395
0.716049382716049	1.42653	1.367202	58913.6326145869	55959.709009513
0.728395061728395	1.443343	1.385107	59477.785047285	55850.3211393464
0.740740740740741	1.461028	1.402717	56545.0947130338	56785.9170925614
0.753086419753086	1.477437	1.420963	60942.1658845751	54806.5329387263
0.765432098765432	1.494446	1.438286	58792.404021401	57726.721699474
0.777777777777778	1.511035	1.456483	60280.9090361076	54954.1133153823
0.790123456790123	1.527721	1.47394	59930.4806424548	57283.6111588473
0.802469135802469	1.545003	1.492559	57863.6731859745	53708.5772597886
0.814814814814815	1.561438	1.510482	60845.7560085185	55794.230876527
0.827160493827161	1.578664	1.528135	58051.7821897126	56647.5953095794
0.839506172839506	1.595703	1.545817	58688.8901930864	56554.6883836671
0.851851851851852	1.612264	1.563685	60382.8271239658	55965.9726886053
0.864197530864197	1.629821	1.581916	56957.3389531247	54851.626350721
0.876543209876543	1.646358	1.598769	60470.4601802019	59336.6166261207
0.888888888888889	1.663623	1.616856	57920.6487112653	55288.3286338248
0.901234567901235	1.679809	1.634749	61781.7867292721	55887.7773430953
0.91358024691358	1.69682	1.651987	58785.4917406388	58011.3702285645
0.925925925925926	1.713707	1.671175	59217.149286433	52115.9057744424
0.938271604938272	1.730884	1.688611	58217.383710776	57352.6038082129
0.950617283950617	1.748004	1.706418	58411.2149532717	56157.6907957548
0.962962962962963	1.764451	1.723632	60801.3619505073	58092.2504937839
0.975308641975309	1.78163	1.741242	58210.605972408	56785.9170925614
0.987654320987654	1.798551	1.759274	59098.1620471605	55456.9653948534