#% Complete	time_depth_0	rate_depth_00.0	0.0	0.0
0.00130718954248366	0.219974	4545.99179903079
0.00261437908496732	1.063952	1184.8650083296
0.00392156862745098	2.425766	734.314671460273
0.00522875816993464	5.973101	281.901765691709
0.0065359477124183	12.830837	145.820719841067
0.00784313725490196	23.289136	95.617843781288
0.00915032679738562	38.161026	67.2409492001353
0.0104575163398693	58.861696	48.3076151641469
0.0117647058823529	92.862146	29.411375437678
0.0130718954248366	151.427788	17.0748576443506
0.0143790849673203	225.900021	13.4278234949662
0.0156862745098039	323.481511	10.2478451599786
0.0169934640522876	445.722535	8.18055974400215
0.0183006535947712	635.28453	5.27531903217203
0.0196078431372549	883.528502	4.02829519663019
0.0209150326797386	1188.112841	3.28316289433384
0.0222222222222222	1572.002988	2.60491186818608
0.0235294117647059	2090.236663	1.92963145438204
0.0248366013071895	2722.409988	1.58184466261685
0.0261437908496732	3498.055157	1.28924931136908
0.0274509803921569	4423.09318	1.08103664404723