#% Complete	time_depth_1	rate_depth_10.0	0.0	0.0
0.00127226463104326	0.769073	1300.26668469703
0.00254452926208651	3.914818	317.889720876931
0.00381679389312977	12.869036	111.679210847893
0.00508905852417303	31.561424	53.497712544807
0.00636132315521628	60.923174	34.0579154852827
0.00763358778625954	108.611083	20.9696759822285
0.0089058524173028	168.98829	16.5625415564519
0.0101781170483461	246.059145	12.9750733918808
0.0114503816793893	341.863862	10.437899419921
0.0127226463104326	463.441984	8.22516406364625
0.0139949109414758	597.656362	7.45076656392209
0.0152671755725191	753.624215	6.41157764735018
0.0165394402035623	954.067178	4.98895039782464
0.0178117048346056	1194.714693	4.15545533474551
0.0190839694656489	1424.249413	4.35663937900114
0.0203562340966921	1671.192267	4.04951989418572
0.0216284987277354	2007.926461	2.96970137817367
0.0229007633587786	2332.546874	3.08052100223284
0.0241730279898219	2680.370346	2.8750216144125
0.0254452926208651	3214.72151	1.8714285050196
0.0267175572519084	3766.971152	1.81077527977827