#% Complete	time_depth_infty_optsoff	rate_depth_infty_optsoff0.0	0.0	0.0
0.00127226463104326	0.058711	17032.583331914
0.00254452926208651	0.136641	12832.0287437444
0.00381679389312977	0.250433	8787.96400449944
0.00508905852417303	0.432888	5480.80348579102
0.00636132315521628	0.61612	5457.5619979043
0.00763358778625954	0.790783	5725.31102752157
0.0089058524173028	0.902884	8920.52702473662
0.0101781170483461	1.11003	4827.5129618723
0.0114503816793893	1.274758	6070.61337477539
0.0127226463104326	1.656861	2617.09539050989
0.0139949109414758	1.842523	5386.13178787259
0.0152671755725191	2.120016	3603.6945076092
0.0165394402035623	2.371187	3981.35135027531
0.0178117048346056	3.118934	1337.3507349411
0.0190839694656489	3.298568	5566.87486778672
0.0203562340966921	3.558547	3846.46452213448
0.0216284987277354	3.914296	2810.97065627732
0.0229007633587786	4.245974	3014.97235270352
0.0241730279898219	5.724775	676.223508098791
0.0254452926208651	6.321197	1676.66518002354
0.0267175572519084	6.676831	2811.87962905684
0.0279898218829517	7.429251	1329.04494830015
0.0292620865139949	7.939413	1960.16167413488
0.0305343511450382	8.417331	2092.4091580564
0.0318066157760814	9.497039	926.176336565073
0.0330788804071247	10.1622	1503.3954185528
0.0343511450381679	13.016307	350.372288074694
0.0356234096692112	13.60863	1688.26805644893
0.0368956743002544	14.298701	1449.12624932797
0.0381679389312977	14.887942	1697.09847074456
0.039440203562341	16.743292	538.981863260301
0.0407124681933842	17.541227	1253.2349126182
0.0419847328244275	18.556218	985.230410910046
0.0432569974554707	19.429705	1144.83672910988
0.044529262086514	20.513441	922.733949965673
0.0458015267175573	21.825426	762.203836171907
0.0470737913486005	27.876	165.273575697116
0.0483460559796438	29.070399	837.241156430977
0.049618320610687	32.667943	277.967413324201
0.0508905852417303	33.972818	766.356930740495
0.0521628498727735	35.231141	794.708512838116
0.0534351145038168	37.460501	448.559227760434
0.0547073791348601	38.981843	657.314397420174
0.0559796437659033	40.686941	586.476554426784
0.0572519083969466	42.443069	569.434574245156
0.0585241730279898	44.234292	558.277780041904
0.0597964376590331	45.939723	586.36203985972
0.0610687022900763	48.04935	474.017444790004
0.0623409669211196	54.695431	150.464612152635
0.0636132315521628	57.396771	370.186648107976
0.0648854961832061	59.656941	442.444594875606
0.0661577608142494	74.382973	67.9069555193144
0.0674300254452926	77.1126	366.350420771777
0.0687022900763359	79.832171	367.705053480861
0.0699745547073791	82.79314	337.727277793183
0.0712468193384224	92.96588	98.3019324193875
0.0725190839694656	96.176897	311.427812434503
0.0737913486005089	100.020226	260.191099955273
0.0750636132315522	104.102292	244.973991111363
0.0763358778625954	108.18492	244.940268866034
0.0776081424936387	121.83693	73.2492871013133
0.0788804071246819	126.003304	240.016858784161
0.0801526717557252	129.941996	253.891393386435
0.0814249363867685	137.282432	136.231689779735
0.0826972010178117	163.838005	37.6568790287447
0.083969465648855	168.720759	204.802453697238
0.0852417302798982	173.177527	224.377845111075
0.0865139949109415	178.37625	192.354930239599
0.0877862595419847	184.451458	164.603417693682
0.089058524173028	200.881971	60.8623723434564
0.0903307888040712	218.637324	56.3210430116483
0.0916030534351145	240.472257	45.7981712149059