#% Complete	time_depth_1	rate_depth_10.0	0.0	0.0
0.000393700787401575	0.020291	49282.9333201912
0.00078740157480315	0.038814	53986.9351616909
0.00118110236220472	0.06322	40973.5310989101
0.0015748031496063	0.093875	32621.1058554885
0.00196850393700787	0.131174	26810.3702512132
0.00236220472440945	0.176893	21872.7443732365
0.00275590551181102	0.246407	14385.5913916621
0.0031496062992126	0.327822	12282.7488791992
0.00354330708661417	0.411153	12000.3360094083
0.00393700787401575	0.50147	11072.1126698185
0.00433070866141732	0.607799	9404.77198130332
0.0047244094488189	0.714171	9400.97018012259
0.00511811023622047	0.790074	13174.7098270161
0.00551181102362205	0.874954	11781.3383600377
0.00590551181102362	0.967252	10834.4709527834
0.0062992125984252	1.066604	10065.2226427249
0.00669291338582677	1.170509	9624.17592993599
0.00708661417322835	1.281229	9031.79190751446
0.00748031496062992	1.398825	8503.69060172114
0.0078740157480315	1.520663	8207.61995436563
0.00826771653543307	1.657298	7318.76898305706
0.00866141732283465	1.878339	4524.0475748843
0.00905511811023622	2.130144	3971.32701892337
0.0094488188976378	2.323889	5161.42352060699
0.00984251968503937	2.513696	5268.50959132171
0.0102362204724409	2.717498	4906.72319211784
0.0106299212598425	2.945485	4386.21500348704
0.0110236220472441	3.223915	3591.5670006824
0.0114173228346457	3.666477	2259.57041047356
0.0118110236220472	3.999528	3002.54315405148
0.0122047244094488	4.439462	2273.06823296222
0.0125984251968504	4.883743	2250.82774190208
0.012992125984252	5.314441	2321.81249970977
0.0133858267716535	5.837592	1911.49400459906
0.0137795275590551	6.249811	2425.89497330302
0.0141732283464567	6.68696	2287.54955404222
0.0145669291338583	7.142733	2194.07468191402
0.0149606299212598	7.785227	1556.43476826243
0.0153543307086614	8.242585	2186.47099208935
0.015748031496063	8.68049	2283.60032427124
0.0161417322834646	9.130344	2222.94344387291
0.0165354330708661	9.575849	2244.64371892571
0.0169291338582677	10.067498	2033.97139015842
0.0173228346456693	10.583713	1937.17733889949
0.0177165354330709	11.110825	1897.13002170316
0.0181102362204724	11.901971	1263.98920047627
0.018503937007874	12.56133	1516.62447922907
0.0188976377952756	13.263525	1424.105839546
0.0192913385826772	14.081879	1221.96506646268
0.0196850393700787	14.784049	1424.15654328724
0.0200787401574803	15.520337	1358.16419661871
0.0204724409448819	16.39528	1142.93159668687
0.0208661417322835	17.137659	1347.02086131208
0.021259842519685	17.902966	1306.66516835727
0.0216535433070866	18.68383	1280.63273502172
0.0220472440944882	19.632404	1054.21400966082
0.0224409448818898	20.445297	1230.17420496917
0.0228346456692913	21.275541	1204.46519336484
0.0232283464566929	22.108925	1199.9270444357
0.0236220472440945	22.969771	1161.64796026234
0.0240157480314961	23.832287	1159.39878216752
0.0244094488188976	24.729062	1115.10691087508
0.0248031496062992	25.758185	971.701147481883
0.0251968503937008	26.690515	1072.58159664496
0.0255905511811024	27.61983	1076.06140006349
0.0259842519685039	28.717081	911.368501828661
0.0263779527559055	29.804776	919.375376369295
0.0267716535433071	30.782875	1022.3913939182
0.0271653543307087	31.81969	964.492218959023
0.0275590551181102	33.037569	821.099633050576
0.0279527559055118	34.224005	842.860466135552
0.0283464566929134	35.208393	1015.85960007639
0.028740157480315	36.22546	983.219394592493
0.0291338582677165	37.268668	958.58160596928
0.0295275590551181	38.320481	950.739342449653
0.0299212598425197	39.347477	973.713626927469
0.0303149606299213	40.363168	984.551403921071
0.0307086614173228	41.553225	840.295884987024
0.0311023622047244	42.805667	798.440167289183
0.031496062992126	43.883448	927.832277614839
0.0318897637795276	44.96013	928.779342461378
0.0322834645669291	46.050371	917.228392621449
0.0326771653543307	47.171744	891.763935817967
0.0330708661417323	48.30293	884.027914065409
0.0334645669291339	49.604231	768.461716389985
0.0338582677165354	50.732339	886.43995078485
0.034251968503937	51.889932	863.861478084267
0.0346456692913386	53.036985	871.799297852846
0.0350393700787402	54.336238	769.673035197917
0.0354330708661417	55.508234	853.245232918884
0.0358267716535433	56.871307	733.63642299422
0.0362204724409449	58.228665	736.725314913237
0.0366141732283465	59.614415	721.630885801912
0.037007874015748	61.017346	712.79343032551
0.0374015748031496	62.342943	754.377084438184
0.0377952755905512	63.631973	775.777134744728
0.0381889763779528	65.006967	727.275900840294
0.0385826771653543	66.389978	723.060047967806
0.0389763779527559	67.720328	751.681888224906
0.0393700787401575	69.220302	666.678222422518
0.0397637795275591	70.550137	751.972989130229
0.0401574803149606	71.927693	725.923301847621
0.0405511811023622	73.292334	732.793459964933
0.0409448818897638	74.712237	704.273460933597
0.0413385826771654	76.302084	628.991343192147
0.0417322834645669	77.991718	591.844150863437
0.0421259842519685	79.522937	653.074445915316
0.0425196850393701	81.078459	642.871010503228
0.0429133858267717	82.561016	674.510322368718
0.0433070866141732	84.015325	687.611779889964
0.0437007874015748	85.59896	631.458637880572
0.0440944881889764	87.108838	662.305166377681
0.044488188976378	88.617512	662.833720207282
0.0448818897637795	90.12984	661.23221946562
0.0452755905511811	91.769991	609.699960552411
0.0456692913385827	93.516005	572.733093778171
0.0460629921259843	95.265584	571.566073895492
0.0464566929133858	96.977527	584.131597839417
0.0468503937007874	98.661876	593.701186630558
0.047244094488189	100.430959	565.264603187077
0.0476377952755906	102.080245	606.322978549504
0.0480314960629921	103.872095	558.082428774731
0.0484251968503937	105.642066	564.981008163411
0.0488188976377953	107.295284	604.880904998617
0.0492125984251969	108.97179	596.478628767209
0.0496062992125984	110.651152	595.464229868248
0.05	112.366792	582.872863770952
0.0503937007874016	114.071421	586.637913587063
0.0507874015748032	115.761164	591.805972860964
0.0511811023622047	117.455822	590.089563793991
0.0515748031496063	119.173217	582.27722801103
0.0519685039370079	120.877774	586.66269300469
0.0523622047244095	122.642007	566.818555145492
0.052755905511811	124.44792	553.736531051056
0.0531496062992126	126.262794	551.002438736793
0.0535433070866142	128.082037	549.679179746737
0.0539370078740158	129.879001	556.494175731965
0.0543307086614173	131.625545	572.559294240511
0.0547244094488189	133.432384	553.452742607386
0.0551181102362205	135.24817	550.725691243359
0.055511811023622	137.065109	550.376209658106
0.0559055118110236	138.905431	543.383168815027
0.0562992125984252	140.715489	552.468484435306
0.0566929133858268	142.57465	537.877031628783
0.0570866141732283	144.598101	494.205196963005
0.0574803149606299	146.478467	531.811360128831
0.0578740157480315	148.36491	530.098179483818
0.0582677165354331	150.254511	529.212251686997
0.0586614173228346	152.149944	527.583934647124
0.0590551181102362	154.09843	513.218981301379
0.0594488188976378	156.045142	513.686667570758
0.0598425196850394	157.984774	515.561714799511
0.0602362204724409	159.933523	513.149718101197
0.0606299212598425	161.887778	511.703948563522
0.0610236220472441	163.836581	513.135499073021
0.0614173228346457	165.778155	515.046039965512
0.0618110236220472	167.779772	499.596076572089
0.0622047244094488	169.800803	494.796962540408
0.0625984251968504	171.806159	498.664576264761
0.062992125984252	173.861979	486.423908707965
0.0633858267716535	175.907704	488.824255459555
0.0637795275590551	177.966918	485.622183998361
0.0641732283464567	180.028621	485.035914484289
0.0645669291338583	182.132666	475.275006000344
0.0649606299212598	184.26042	469.979142325661
0.0653543307086614	186.396596	468.126221809444
0.065748031496063	188.516667	471.682316299779
0.0661417322834646	190.688608	460.417663279072
0.0665354330708661	192.886435	454.99486538294
0.0669291338582677	195.119043	447.906663417851
0.0673228346456693	197.29898	458.728853173281
0.0677165354330709	199.472183	460.150294289121
0.0681102362204724	201.635353	462.284517629218
0.068503937007874	203.798459	462.298195280305
0.0688976377952756	206.023716	449.386295605407
0.0692913385826772	208.254736	448.225475343116
0.0696850393700787	210.530623	439.389126085789
0.0700787401574803	212.773819	445.792521028031
0.0704724409448819	215.079612	433.690274885908
0.0708661417322835	217.357698	438.964990786124
0.071259842519685	219.665644	433.285700791962
0.0716535433070866	221.974614	433.093543874538
0.0720472440944882	224.282754	433.249282972435
0.0724409448818898	226.590759	433.274624621701
0.0728346456692913	228.904301	432.237668475435
0.0732283464566929	231.237433	428.60841135435
0.0736220472440945	233.595911	424.002259084038
0.0740157480314961	235.966297	421.872218280061
0.0744094488188976	238.233286	441.113741619391
0.0748031496062992	240.568686	428.19217264708
0.0751968503937008	242.891536	430.5056288611
0.0755905511811024	245.274146	419.707799430037
0.0759842519685039	247.740055	405.529968867463
0.0763779527559055	250.149726	414.994412100245
0.0767716535433071	252.626407	403.766169320956
0.0771653543307087	255.054478	411.849571120451
0.0775590551181102	257.485955	411.272654440079
0.0779527559055118	260.043649	390.977184917347
0.0783464566929134	262.462905	413.350220067664
0.078740157480315	264.99441	395.021933592857
0.0791338582677165	267.622659	380.481453621786
0.0795275590551181	270.279291	376.416455120619
0.0799212598425197	272.928546	377.464607974697
0.0803149606299213	275.54221	382.60465002387
0.0807086614173228	278.223872	372.903072795906
0.0811023622047244	280.911096	372.131240268766
0.081496062992126	283.460805	392.201619871129
0.0818897637795276	286.226016	361.636055982705
0.0822834645669291	288.938372	368.68316695891
0.0826771653543307	291.675684	365.321892425858
0.0830708661417323	294.463804	358.664619887237
0.0834645669291339	297.299882	352.599611153143
0.0838582677165354	300.090577	358.333676736444
0.084251968503937	302.795384	369.712145820383
0.0846456692913386	305.587662	358.130529983045
0.0850393700787402	308.32817	364.895851426089
0.0854330708661417	311.022584	371.13821409776
0.0858267716535433	313.935279	343.324652941693
0.0862204724409449	316.684035	363.800933949756
0.0866141732283465	319.472366	358.637478835902
0.087007874015748	322.283195	355.766928546708
0.0874015748031496	325.089087	356.392904644936
0.0877952755905512	328.016472	341.601805023936
0.0881889763779528	330.930347	343.185620522505
0.0885826771653543	333.8915	337.706292109861
0.0889763779527559	336.883732	334.198685128693
0.0893700787401575	339.710884	353.712853076168
0.0897637795275591	342.801613	323.548263209105
0.0901574803149606	345.748459	339.345863339985
0.0905511811023622	348.706486	338.06317521781
0.0909448818897638	351.689921	335.184108251055
0.0913385826771654	354.582612	345.698866557131
0.0917322834645669	357.62274	328.933518588687
0.0921259842519685	360.62591	332.981482899741
0.0925196850393701	363.462198	352.57350452422
0.0929133858267717	366.439052	335.92510751283
0.0933070866141732	369.523434	324.214056494947
0.0937007874015748	372.557317	329.610601331692
0.0940944881889764	375.658929	322.41299040628
0.094488188976378	378.649286	334.408232863165
0.0948818897637795	381.782966	319.113629981367
0.0952755905511811	384.952182	315.535451038995
0.0956692913385827	388.105793	317.096813779504
0.0960629921259843	391.265489	316.486142970717
0.0964566929133858	394.375342	321.558607432571
0.0968503937007874	397.579363	312.107817021173
0.097244094488189	400.804386	310.075307990049
0.0976377952755905	404.047404	308.354748570626
0.0980314960629921	407.195214	317.681181519845
0.0984251968503937	410.366205	315.358826310139
0.0988188976377953	413.577534	311.397555342349
0.0992125984251968	416.887494	302.118454603682
0.0996062992125984	420.176836	304.0121702152
0.1	423.471182	303.550386025024
0.100393700787402	426.653459	314.240400819916
0.100787401574803	429.895606	308.437587808327
0.101181102362205	433.160167	306.319900286745
0.101574803149606	436.57255	293.05034048054
0.101968503937008	439.920792	298.664194523571
0.102362204724409	443.238454	301.417082270588
0.102755905511811	446.639675	294.01206213886
0.103149606299213	450.041051	293.998664070073
0.103543307086614	453.488527	290.067284007199
0.103937007874016	456.811551	300.930718526255
0.104330708661417	460.199272	295.183694288875
0.104724409448819	463.626616	291.771120727887
0.10511811023622	467.089042	288.814836764743
0.105511811023622	470.523518	291.165231610294
0.105905511811024	474.045752	283.910722569826
0.106299212598425	477.505371	289.049169865234
0.106692913385827	481.014836	284.943716492402
0.107086614173228	484.639309	275.902179434084
0.10748031496063	488.266655	275.683654109645
0.107874015748032	491.860867	278.225101913857
0.108267716535433	495.463356	277.585857999845
0.108661417322835	499.03056	280.331598641401
0.109055118110236	502.632615	277.619303425405
0.109448818897638	506.167767	282.873268249849
0.109842519685039	509.753525	278.881062246811
0.110236220472441	513.405771	273.804119437743
0.110629921259843	517.103228	270.45615405399
0.111023622047244	520.761511	273.352280291047
0.111417322834646	524.47595	269.219658742547
0.111811023622047	528.199629	268.551612531589
0.112204724409449	531.885561	271.301803722905
0.11259842519685	535.65923	264.994094606607
0.112992125984252	539.39246	267.864556965413
0.113385826771654	543.099363	269.766972591405
0.113779527559055	546.894101	263.522804472935
0.114173228346457	550.651153	266.166132382514
0.114566929133858	554.405756	266.339743509502
0.11496062992126	558.223917	261.906189917081
0.115354330708661	562.044366	261.749338886611
0.115748031496063	565.859341	262.124915628543
0.116141732283465	569.63588	264.792710998081
0.116535433070866	573.516771	257.672786996601
0.116929133858268	577.402112	257.377666464794
0.117322834645669	581.223767	261.666738625022
0.117716535433071	585.148053	254.82342520397
0.118110236220472	589.027196	257.788898217983
0.118503937007874	592.921575	256.780349318854
0.118897637795276	596.812331	257.019458429158
0.119291338582677	600.75668	253.527261406129
0.119685039370079	604.720949	252.253315806769
0.12007874015748	608.732428	249.284615474741
0.120472440944882	612.696714	252.25223407191
0.120866141732283	616.722155	248.419986779088
0.121259842519685	620.670633	253.262143033347
0.121653543307087	624.701009	248.115808549869
0.122047244094488	628.659074	252.648705870164
0.12244094488189	632.799464	241.523141539812
0.122834645669291	636.83548	247.769087139396
0.123228346456693	640.870995	247.799847107492
0.123622047244094	645.004937	241.899862165456
0.124015748031496	649.083863	245.162574658138
0.124409448818898	653.158396	245.426899229919
0.124803149606299	657.306283	241.08660626483
0.125196850393701	661.476374	239.802920367927
0.125590551181102	665.647612	239.73697976476
0.125984251968504	669.891922	235.609557266079
0.126377952755906	674.081286	238.699716711179
0.126771653543307	678.30115	236.974461736206
0.127165354330709	682.477121	239.465264485792
0.12755905511811	686.702636	236.657543518366
0.127952755905512	690.934123	236.323543000368
0.128346456692913	695.17231	235.949947465742
0.128740157480315	699.642963	223.680970095422
0.129133858267717	703.911389	234.278396767334
0.129527559055118	708.166442	235.01469899435
0.12992125984252	713.073388	203.792746037961
0.130314960629921	718.055503	200.717968172151
0.130708661417323	722.749348	213.044955681323
0.131102362204724	727.180444	225.677800706647
0.131496062992126	731.687933	221.853009513719
0.131889763779528	736.291179	217.238009873901
0.132283464566929	740.716374	225.978742179727
0.132677165354331	745.12314	226.923780386793
0.133070866141732	749.495979	228.684385590231
0.133464566929134	753.87071	228.585483313146
0.133858267716535	758.225409	229.636996724688
0.134251968503937	762.699159	223.526124615815
0.134645669291339	767.190936	222.629039687413
0.13503937007874	771.572056	228.252136439997
0.135433070866142	776.009564	225.351706408192
0.135826771653543	780.485914	223.396293855484
0.136220472440945	785.05564	218.831501057172
0.136614173228346	789.605697	219.777466524049
0.137007874015748	794.203282	217.505494732562
0.13740157480315	798.956203	210.396932749355
0.137795275590551	803.575424	216.486719297473
0.138188976377953	808.195573	216.443235921613
0.138582677165354	812.996209	208.305732823732
0.138976377952756	817.741056	210.754951634903
0.139370078740157	822.462024	211.820965530794
0.139763779527559	827.325837	205.600009704323
0.140157480314961	831.896744	218.774960855689
0.140551181102362	836.612522	212.054087363739
0.140944881889764	841.281385	214.184909687862
0.141338582677165	846.02415	210.847469777652
0.141732283464567	850.732298	212.397741107541
0.142125984251969	855.492831	210.060512131729
0.14251968503937	860.265706	209.517324463767
0.142913385826772	865.086722	207.425156854904
0.143307086614173	869.924642	206.700400171977
0.143700787401575	874.76564	206.568976066505
0.144094488188976	879.623618	205.846959372809
0.144488188976378	884.411554	208.858263769605
0.14488188976378	889.271588	205.759877400038
0.145275590551181	894.172936	204.025504820303
0.145669291338583	899.187526	199.418097990065
0.146062992125984	904.187506	200.000800003203
0.146456692913386	909.10911	203.18579064874
0.146850393700787	913.966054	205.89078235203
0.147244094488189	918.917146	201.975644968826
0.147637795275591	923.8698	201.911944585668
0.148031496062992	928.790947	203.204659401562
0.148425196850394	933.813957	199.083816277491
0.148818897637795	938.799337	200.586514969769
0.149212598425197	943.673652	205.157032321468
0.149606299212598	948.623226	202.037589497597
0.15	953.675302	197.938431646715
0.150393700787402	958.791565	195.455159361432
0.150787401574803	963.874979	196.718189783478
0.151181102362205	969.022784	194.257552490821
0.151574803149606	974.140048	195.416925919789
0.151968503937008	979.269412	194.955943855807
0.152362204724409	984.425196	193.95692294324
0.152755905511811	989.641688	191.69970930656
0.153149606299213	994.955285	188.196432661342
0.153543307086614	1000.3456	185.517915001257
0.153937007874016	1005.772052	184.282474073297
0.154330708661417	1011.234059	183.082885100661
0.154724409448819	1016.705375	182.77138443475
0.15511811023622	1022.238719	180.722543185461
0.155511811023622	1027.829636	178.861535594251
0.155905511811024	1033.416759	178.982993572899
0.156299212598425	1038.940102	181.049773660623
0.156692913385827	1044.414788	182.658877605035
0.157086614173228	1050.052825	177.366696954988
0.15748031496063	1055.861649	172.151884787697
0.157874015748032	1061.792672	168.604977589867
0.158267716535433	1067.370871	179.269330477452
0.158661417322835	1073.020716	176.996006085125
0.159055118110236	1078.678838	176.737086969845
0.159448818897638	1084.23303	180.044190046003
0.159842519685039	1089.967635	174.379926777873
0.160236220472441	1095.498768	180.794784721324
0.160629921259843	1101.163893	176.518611681119
0.161023622047244	1106.862687	175.475723460082
0.161417322834646	1112.548485	175.876807441982
0.161811023622047	1118.568092	166.123801769785
0.162204724409449	1124.721782	162.504123542132
0.16259842519685	1131.022972	158.700182029111
0.162992125984252	1137.136406	163.574187600616
0.163385826771654	1143.002526	170.47043019918
0.163779527559055	1148.891209	169.81725795055
0.164173228346457	1154.830106	168.381435138545
0.164566929133858	1161.271157	155.25416581859
0.16496062992126	1167.521884	159.981390964601
0.165354330708661	1173.484218	167.719554120918
0.165748031496063	1179.785856	158.688899616261
0.166141732283465	1185.898061	163.607077969404
0.166535433070866	1192.064733	162.162021913931
0.166929133858268	1198.513448	155.069653411571
0.167322834645669	1204.554657	165.529780545583
0.167716535433071	1210.502763	168.120742972636
0.168110236220472	1216.443035	168.342459739216
0.168503937007874	1222.603786	162.317873259286
0.168897637795276	1228.972501	157.017545925668
0.169291338582677	1235.019034	165.384030815677
0.169685039370079	1240.990474	167.463794327666
0.17007874015748	1247.193231	161.218632295284
0.170472440944882	1253.227859	165.710297304156
0.170866141732283	1259.09705	170.381233120544
0.171259842519685	1265.283611	161.640691815696
0.171653543307087	1271.251899	167.552236085121
0.172047244094488	1277.226777	167.367434113299
0.17244094488189	1283.068826	171.172819673376
0.172834645669291	1289.151381	164.404596423708
0.173228346456693	1295.044717	169.683181138829
0.173622047244094	1301.150344	163.783342808202
0.174015748031496	1307.140108	166.951485901611
0.174409448818898	1313.180886	165.541590834822
0.174803149606299	1319.347046	162.175486850812
0.175196850393701	1325.6673	158.221489199643
0.175590551181102	1331.778018	163.646890594528
0.175984251968504	1338.045188	159.561652228995
0.176377952755906	1344.251696	161.121197298062
0.176771653543307	1350.414154	162.2729112312
0.177165354330709	1356.738863	158.110041110192
0.17755905511811	1362.93307	161.441165915185
0.177952755905512	1369.054162	163.36954255875
0.178346456692913	1375.495321	155.251562645786
0.178740157480315	1382.076375	151.951343964052
0.179133858267717	1388.661929	151.847513512151
0.179527559055118	1395.271753	151.289958703895
0.17992125984252	1402.031789	147.928206299495
0.180314960629921	1408.617179	151.851295063766
0.180708661417323	1415.130469	153.532239467308
0.181102362204724	1421.770456	150.602704493246
0.181496062992126	1428.35078	151.968200957886
0.181889763779528	1434.745786	156.372019041109
0.182283464566929	1441.090892	157.601780017545
0.182677165354331	1447.578418	154.141964132395
0.183070866141732	1454.24136	150.083851848029
0.183464566929134	1460.651226	156.009501602686
0.183858267716535	1467.271492	151.051332378485
0.184251968503937	1473.750522	154.344091631001
0.184645669291339	1480.157342	156.083673335604
0.18503937007874	1486.520525	157.154053246624
0.185433070866142	1493.116481	151.608045899636
0.185826771653543	1499.492731	156.83199372672
0.186220472440945	1506.078922	151.832827198607
0.186614173228346	1512.597038	153.418564505445
0.187007874015748	1519.007835	155.986845317366
0.18740157480315	1525.515989	153.653401563636
0.187795275590551	1531.940218	155.66070263062
0.188188976377953	1538.412862	154.496369644307
0.188582677165354	1544.914131	153.816124205903
0.188976377952756	1551.69333	147.510052441297
0.189370078740157	1558.484801	147.243505861985
0.189763779527559	1565.140119	150.255780415004
0.190157480314961	1571.731763	151.707222052645
0.190551181102362	1578.322842	151.720226688224
0.190944881889764	1584.9148	151.699995661381
0.191338582677165	1591.605711	149.4564790953
0.191732283464567	1598.623828	142.488362619202
0.192125984251969	1605.342931	148.829389875407
0.19251968503937	1612.068128	148.694528948372
0.192913385826772	1618.741033	149.859768721416
0.193307086614173	1625.279816	152.933657532297
0.193700787401575	1632.107171	146.469606458135
0.194094488188976	1638.83815	148.566798381039
0.194488188976378	1645.449534	151.254260832527
0.19488188976378	1652.246968	147.114337557382
0.195275590551181	1659.164415	144.562003872237
0.195669291338583	1665.956082	147.239256577215
0.196062992125984	1672.698193	148.321497525033
0.196456692913386	1679.451836	148.068235173224
0.196850393700787	1686.385581	144.222206037285
0.197244094488189	1693.323576	144.133859998458
0.197637795275591	1700.22801	144.834464345665
0.198031496062992	1706.914399	149.557556403016
0.198425196850394	1714.097978	139.206376097486
0.198818897637795	1721.419433	136.584872815581
0.199212598425197	1728.67356	137.8525630996
0.199606299212598	1735.894064	138.494487365423
0.2	1743.335663	134.379721347522
0.200393700787402	1750.823404	133.551627920892
0.200787401574803	1758.198421	135.592907785838
0.201181102362205	1765.470831	137.505998699193
0.201574803149606	1772.769907	137.003642652851
0.201968503937008	1779.981875	138.658407802145
0.202362204724409	1787.25954	137.406709432214
0.202755905511811	1794.765385	133.229503140554
0.203149606299213	1802.147605	135.460606700962
0.203543307086614	1809.412815	137.642270491841
0.203937007874016	1816.966034	132.393883985091
0.204330708661417	1824.54812	131.889825570432
0.204724409448819	1832.035508	133.557924338901
0.20511811023622	1839.529826	133.434423252389
0.205511811023622	1847.186739	130.600935390019
0.205905511811024	1854.751683	132.188685071562
0.206299212598425	1862.213162	134.021686585192
0.206692913385827	1869.843165	131.0615474201
0.207086614173228	1877.506796	130.486449569403
0.20748031496063	1885.260871	128.964447725872
0.207874015748031	1892.732231	133.844440637314
0.208267716535433	1900.456206	129.467016659167
0.208661417322835	1908.3075	127.36753966926
0.209055118110236	1916.106114	128.227913318956
0.209448818897638	1923.843744	129.238539449417
0.209842519685039	1931.548186	129.795253179919
0.210236220472441	1939.181231	131.009315417372
0.210629921259843	1946.528817	136.099121534613
0.211023622047244	1953.830757	136.949906463213
0.211417322834646	1961.061668	138.295160872535
0.211811023622047	1968.713663	130.684873683269
0.212204724409449	1976.576867	127.174622456698
0.21259842519685	1984.489098	126.386603222277
0.212992125984252	1992.267771	128.556631703119
0.213385826771654	1999.852598	131.842163308407
0.213779527559055	2007.493939	130.867082099856
0.214173228346457	2015.530015	124.438843037322
0.214566929133858	2023.303633	128.640229041356
0.21496062992126	2030.960073	130.609003662277
0.215354330708661	2038.611122	130.701031976137
0.215748031496063	2046.225105	131.337304010267
0.216141732283465	2053.887573	130.50625464276
0.216535433070866	2061.691112	128.146985617679
0.216929133858268	2069.378451	130.08402517438
0.217322834645669	2077.367642	125.169119126077
0.217716535433071	2085.398794	124.515138052424
0.218110236220472	2093.700063	120.46350985615
0.218503937007874	2101.592393	126.705294887566
0.218897637795276	2109.428812	127.609307261387
0.219291338582677	2117.130833	129.836052121903
0.219685039370079	2124.937878	128.089437168608
0.22007874015748	2132.750774	127.993512264852
0.220472440944882	2140.615347	127.152484947374
0.220866141732283	2148.508833	126.686738913581
0.221259842519685	2156.285745	128.585742001448
0.221653543307087	2164.689812	118.990008052055
0.222047244094488	2173.012912	120.147541180569
0.22244094488189	2181.188101	122.321331042009
0.222834645669291	2189.008803	127.865759365336
0.223228346456693	2196.892925	126.83720520814
0.223622047244094	2204.852067	125.641683487999
0.224015748031496	2213.276796	118.698180083889
0.224409448818898	2221.629116	119.727213516724
0.224803149606299	2230.064339	118.550511349849
0.225196850393701	2238.484352	118.764662239834
0.225590551181102	2246.824914	119.895997416003
0.225984251968504	2254.865347	124.371411340656
0.226377952755905	2262.97642	123.288250518766
0.226771653543307	2270.961367	125.235646523391
0.227165354330709	2278.819014	127.264561515676
0.22755905511811	2286.911915	123.565085004747
0.227952755905512	2294.699764	128.405160397951
0.228346456692913	2302.763625	124.010074082377
0.228740157480315	2311.029286	120.982459841991
0.229133858267717	2319.403888	119.408659659291
0.229527559055118	2327.793151	119.199982167682
0.22992125984252	2336.224167	118.609666972521
0.230314960629921	2344.611954	119.220957804482
0.230708661417323	2353.023609	118.882669343906
0.231102362204724	2361.526875	117.601872033637
0.231496062992126	2369.924395	119.082776819823
0.231889763779528	2378.07061	122.756396682382
0.232283464566929	2386.187055	123.206650202157
0.232677165354331	2394.94975	114.120142262165
0.233070866141732	2403.430339	117.916338122273
0.233464566929134	2411.514001	123.706310333114
0.233858267716535	2419.727906	121.744773040349
0.234251968503937	2427.998504	120.910241315077
0.234645669291339	2436.36364	119.543782671317
0.23503937007874	2444.930427	116.729877841019
0.235433070866142	2453.534546	116.223404162587
0.235826771653543	2461.810383	120.833699358746
0.236220472440945	2470.33037	117.371071106093
0.236614173228346	2478.68118	119.748862685178
0.237007874015748	2487.116175	118.553715799475
0.23740157480315	2495.756895	115.731096482702
0.237795275590551	2504.336641	116.553566970399
0.238188976377953	2513.219788	112.572717754192
0.238582677165354	2521.623222	118.998971134891
0.238976377952756	2530.228794	116.203780527315
0.239370078740157	2538.726668	117.676491790775
0.239763779527559	2547.470707	114.363625322346
0.240157480314961	2556.387373	112.149541095292
0.240551181102362	2565.009861	115.975806518954
0.240944881889764	2573.866982	112.903504423164
0.241338582677165	2582.470971	116.225160213475
0.241732283464567	2591.192597	114.657519136913
0.242125984251968	2599.733675	117.081239628069
0.24251968503937	2608.773046	110.62716642563
0.242913385826772	2618.372878	104.168489615231
0.243307086614173	2627.770736	106.40722598703
0.243700787401575	2636.730687	111.60775321204
0.244094488188976	2645.20481	118.006311685587
0.244488188976378	2654.068144	112.824361577713
0.24488188976378	2662.702358	115.818301469014
0.245275590551181	2671.349622	115.643514526673
0.245669291338583	2679.821796	118.033458708473
0.246062992125984	2688.344641	117.331712591277
0.246456692913386	2696.65898	120.274143260216
0.246850393700787	2705.35855	114.94821008395
0.247244094488189	2714.039306	115.197339955181
0.247637795275591	2722.697526	115.497180713821
0.248031496062992	2731.646052	111.750248029674
0.248425196850394	2740.315184	115.351802233488
0.248818897637795	2748.971698	115.519942554246
0.249212598425197	2757.648316	115.252279171447
0.249606299212598	2766.267144	116.025055842858
0.25	2774.977916	114.800387382428
0.250393700787402	2783.771759	113.715926017778
0.250787401574803	2792.5832	113.488815280045
0.251181102362205	2801.292401	114.821095528739
0.251574803149606	2810.327415	110.68051471752
0.251968503937008	2819.250986	112.062760524909
0.252362204724409	2828.299437	110.516153538322
0.252755905511811	2837.082533	113.855068873213
0.253149606299213	2846.031406	111.745914820779
0.253543307086614	2854.983001	111.711935135582
0.253937007874016	2863.805998	113.340172279332
0.254330708661417	2873.177421	106.707380512009
0.254724409448819	2882.867836	103.194754817002
0.25511811023622	2892.413359	104.761153474773
0.255511811023622	2902.03501	103.932266925916
0.255905511811024	2911.555889	105.032318969707
0.256299212598425	2921.195179	103.742080588927
0.256692913385827	2931.119613	100.761413698756
0.257086614173228	2940.904992	102.193282447206
0.25748031496063	2950.761311	101.457755172088
0.257874015748031	2960.424972	103.480451145797
0.258267716535433	2970.537879	98.8835356638781
0.258661417322835	2980.020133	105.460157468889
0.259055118110236	2989.146807	109.568940448622
0.259448818897638	2998.567359	106.150892219479
0.259842519685039	3007.711791	109.356163400854
0.260236220472441	3017.181732	105.597278800366
0.260629921259843	3026.31541	109.48491943771
0.261023622047244	3035.513739	108.715398198957
0.261417322834646	3044.864681	106.941097485151
0.261811023622047	3054.154852	107.640645150664
0.262204724409449	3063.362728	108.602678837118
0.26259842519685	3072.68571	107.261818160754
0.262992125984252	3082.027392	107.047103508771
0.263385826771654	3091.70474	103.334095250061
0.263779527559055	3101.140476	105.980074050398
0.264173228346457	3110.62633	105.420134022725
0.264566929133858	3119.987111	106.8286930332
0.26496062992126	3129.379435	106.469921608327
0.265354330708661	3138.676836	107.55693983727
0.265748031496063	3148.028002	106.938535793291
0.266141732283465	3157.436324	106.288879143382
0.266535433070866	3166.965577	104.940019957491
0.266929133858268	3176.425935	105.704245019054
0.267322834645669	3186.365759	100.605403073539
0.267716535433071	3195.895523	104.934392918856
0.268110236220472	3205.459889	104.554760869669
0.268503937007874	3215.089231	103.849255743542
0.268897637795276	3224.547549	105.727043645604
0.269291338582677	3234.369733	101.810350936206
0.269685039370079	3244.723787	96.5805277816794
0.27007874015748	3255.191409	95.5326816348535
0.270472440944882	3265.662847	95.4978676281134
0.270866141732283	3276.066048	96.1242602156771
0.271259842519685	3285.9403	101.273493931489
0.271653543307087	3295.622521	103.282087859805
0.272047244094488	3305.422042	102.045804075522
0.27244094488189	3315.329794	100.931068924615
0.272834645669291	3325.174978	101.572504891734
0.273228346456693	3334.959196	102.205408751116
0.273622047244095	3344.663342	103.048738137286
0.274015748031496	3354.453551	102.142865387243
0.274409448818898	3364.318673	101.367220800714
0.274803149606299	3374.0663	102.589071165734
0.275196850393701	3384.050708	100.156163490111
0.275590551181102	3394.152808	98.9893190524781
0.275984251968504	3404.021806	101.327409327671
0.276377952755905	3413.902554	101.206912675037
0.276771653543307	3423.830646	100.724288211671
0.277165354330709	3433.634687	101.998757451133
0.27755905511811	3443.464875	101.727454246044
0.277952755905512	3453.71258	97.5828246422026
0.278346456692913	3463.623451	100.899305419271
0.278740157480315	3473.43482	101.922575738411
0.279133858267717	3483.497396	99.378131404918
0.279527559055118	3493.997364	95.2383854884163
0.27992125984252	3504.016912	99.8049013787826
0.280314960629921	3513.942301	100.751718648005
0.280708661417323	3523.892778	100.497694733631
0.281102362204724	3533.867404	100.254385477709
0.281496062992126	3544.695444	92.3528173150461
0.281889763779528	3555.016924	96.8853303983531
0.282283464566929	3565.150862	98.6783222869536
0.282677165354331	3575.444132	97.1508568219806
0.283070866141732	3585.400526	100.43796981116
0.283464566929134	3595.630355	97.7533446551268
0.283858267716535	3605.9953	96.4790454749132