#% Complete	time_depth_infty	rate_depth_infty0.0	0.0	0.0
0.000714285714285714	0.015572	64217.8268687388
0.00142857142857143	0.025526	100462.125778581
0.00214285714285714	0.036078	94768.7642153146
0.00285714285714286	0.048442	80879.9741184083
0.00357142857142857	0.060055	86110.3935244984
0.00428571428571429	0.072591	79770.2616464582
0.005	0.084443	84373.9453256831
0.00571428571428571	0.100926	60668.5676151185
0.00642857142857143	0.113456	79808.4596967283
0.00714285714285714	0.126571	76248.5703393062
0.00785714285714286	0.139899	75030.0120048019
0.00857142857142857	0.151926	83146.2542612455
0.00928571428571429	0.164914	76994.1484447182
0.01	0.17736	80347.0994697087
0.0107142857142857	0.19011	78431.37254902
0.0114285714285714	0.201859	85113.6266916333
0.0121428571428571	0.214803	77255.8714462295
0.0128571428571429	0.227738	77309.625048319
0.0135714285714286	0.241113	74766.3551401868
0.0142857142857143	0.254253	76103.5007610348
0.015	0.266434	82095.0660865282
0.0157142857142857	0.279705	75352.2718709974
0.0164285714285714	0.292863	75999.3920048639
0.0171428571428571	0.307779	67042.1024403324
0.0178571428571429	0.326168	54380.336070477
0.0185714285714286	0.342677	60573.0207765461
0.0192857142857143	0.362842	49590.8752789487
0.02	0.384162	46904.3151969981
0.0207142857142857	0.404834	48374.6130030959
0.0214285714285714	0.440467	28063.8733758033
0.0221428571428571	0.479812	25416.1901131021
0.0228571428571429	0.499152	51706.3081695966
0.0235714285714286	0.519283	49674.6311658638
0.0242857142857143	0.53599	59855.1505357035
0.025	0.553671	56557.8869973416
0.0257142857142857	0.572049	54412.8849711612
0.0264285714285714	0.589115	58596.0389077697
0.0271428571428571	0.607106	55583.3472291702
0.0278571428571429	0.623975	59280.3367123128
0.0285714285714286	0.640189	61675.0955963979
0.0292857142857143	0.655579	64977.257959714
0.03	0.665808	97761.2669860208
0.0307142857142857	0.675026	108483.402039487
0.0314285714285714	0.682575	132467.876539941
0.0321428571428571	0.689499	144425.187752741
0.0328571428571429	0.697775	120831.319478009
0.0335714285714286	0.706997	108436.347863805
0.0342857142857143	0.716312	107353.730542135
0.035	0.724099	128419.160138693
0.0357142857142857	0.732229	123001.230012301
0.0364285714285714	0.740755	117288.294628196
0.0371428571428571	0.748436	130191.381330557
0.0378571428571429	0.756655	121669.302834893
0.0385714285714286	0.764986	120033.609410637
0.0392857142857143	0.772871	126823.081800887
0.04	0.780775	126518.218623481
0.0407142857142857	0.78909	120264.582080576
0.0414285714285714	0.797105	124766.063630694
0.0421428571428571	0.805126	124672.734073057
0.0428571428571429	0.812637	133138.064172546
0.0435714285714286	0.822067	106044.538706257
0.0442857142857143	0.829523	134120.171673819
0.045	0.837773	121212.121212122
0.0457142857142857	0.845314	132608.407373027
0.0464285714285714	0.852745	134571.390122461
0.0471428571428571	0.861357	116117.045982349
0.0478571428571429	0.86811	148082.333777583
0.0485714285714286	0.876078	125502.008032127
0.0492857142857143	0.883549	133850.890108419
0.05	0.892298	114298.777003086
0.0507142857142857	0.899506	138734.739178691
0.0514285714285714	0.907749	121315.05519835
0.0521428571428571	0.916137	119217.930376729
0.0528571428571429	0.924859	114652.602614079
0.0535714285714286	0.932473	131337.010769635
0.0542857142857143	0.939559	141123.341800733
0.055	0.949223	103476.821192053
0.0557142857142857	0.9607	87130.7833057422
0.0564285714285714	0.970071	106712.19720414
0.0571428571428571	0.98036	97191.1750413063
0.0578571428571429	0.989913	104679.158379566
0.0585714285714286	1.00088	91182.638825568
0.0592857142857143	1.012146	88762.6486774365
0.06	1.021812	103455.410717981
0.0607142857142857	1.028514	149209.191286184
0.0614285714285714	1.036922	118934.348239772
0.0621428571428571	1.046022	109890.109890109
0.0628571428571429	1.054561	117109.731818713
0.0635714285714286	1.06829	72838.5170077944
0.0642857142857143	1.077792	105241.001894337
0.065	1.088972	89445.4382826478
0.0657142857142857	1.095237	159616.919393457
0.0664285714285714	1.104069	113224.63768116
0.0671428571428571	1.111356	137230.684781116
0.0678571428571429	1.120158	113610.543058396
0.0685714285714286	1.127133	143369.175627237
0.0692857142857143	1.134873	129198.966408271
0.07	1.14271	127599.846880182
0.0707142857142857	1.152163	105786.522796996
0.0714285714285714	1.160092	126119.308866186
0.0721428571428571	1.165613	181126.607498645
0.0728571428571429	1.17368	123961.819759513
0.0735714285714286	1.181777	123502.531801902
0.0742857142857143	1.190977	108695.652173912
0.075	1.20191	91466.2032379048
0.0757142857142857	1.212162	97541.9430355038
0.0764285714285714	1.225925	72658.5773450557
0.0771428571428571	1.250997	39885.1308232295
0.0778571428571429	1.261582	94473.3112895601
0.0785714285714286	1.269048	133940.530404497
0.0792857142857143	1.28802	52709.2557453095
0.08	1.295948	126135.216952571
0.0807142857142857	1.3024	154990.700557969
0.0814285714285714	1.307915	181323.662737989
0.0821428571428571	1.314379	154702.970297024
0.0828571428571429	1.320552	161995.78810951
0.0835714285714286	1.326327	173160.173160177
0.0842857142857143	1.333846	132996.409096957
0.085	1.341478	131027.253668762
0.0857142857142857	1.349008	132802.124833997
0.0864285714285714	1.357319	120322.464204068
0.0871428571428571	1.365824	117577.895355673
0.0878571428571429	1.372355	153115.908742917
0.0885714285714286	1.378244	169808.116827983
0.0892857142857143	1.384152	169262.017603249
0.09	1.397705	73784.4019774224
0.0907142857142857	1.407103	106405.618216642
0.0914285714285714	1.418828	85287.8464818764
0.0921428571428571	1.424567	174246.384387519
0.0928571428571429	1.43018	178157.847853202
0.0935714285714286	1.435715	180668.473351398
0.0942857142857143	1.441145	184162.0626151
0.095	1.448585	134408.60215054
0.0957142857142857	1.465795	58105.7524694947
0.0964285714285714	1.478138	81017.5808150369
0.0971428571428571	1.484371	160436.386972567
0.0978571428571429	1.489685	188182.160331191
0.0985714285714286	1.495559	170241.743275453
0.0992857142857143	1.501047	182215.743440235
0.1	1.506616	179565.451607113
0.100714285714286	1.512504	169836.956521736
0.101428571428571	1.52015	130787.339785508
0.102142857142857	1.528101	125770.34335304
0.102857142857143	1.536376	120845.921450151
0.103571428571429	1.543727	136035.913481157
0.104285714285714	1.549233	181620.050853614
0.105	1.554724	182116.190129305
0.105714285714286	1.562392	130412.102243088
0.106428571428571	1.569175	147427.392009436
0.107142857142857	1.577603	118652.112007592
0.107857142857143	1.592878	65466.4484451722
0.108571428571429	1.601467	116427.989288626
0.109285714285714	1.610018	116945.386504503
0.11	1.621837	84609.5270327437
0.110714285714286	1.636693	67312.8702207863
0.111428571428571	1.648275	86340.8737696427
0.112142857142857	1.660932	79007.6637433822
0.112857142857143	1.66878	127420.998980634
0.113571428571429	1.674997	160849.284220682
0.114285714285714	1.682048	141823.854772374
0.115	1.687789	174185.681936945
0.115714285714286	1.693377	178954.903364355
0.116428571428571	1.708165	67622.3965377332
0.117142857142857	1.727825	50864.6998982706
0.117857142857143	1.735592	128749.8390627
0.118571428571429	1.744305	114771.031791576
0.119285714285714	1.751879	132030.631106417
0.12	1.766721	67376.3643713784
0.120714285714286	1.779541	78003.1201248047
0.121428571428571	1.786538	142918.393597258
0.122142857142857	1.796518	100200.400801602
0.122857142857143	1.80202	181752.09014904
0.123571428571429	1.807577	179953.212164836
0.124285714285714	1.81305	182715.147085691
0.125	1.818712	176616.036736134
0.125714285714286	1.824342	177619.893428063
0.126428571428571	1.829827	182315.405651779
0.127142857142857	1.836609	147449.130050136
0.127857142857143	1.844477	127097.10218607
0.128571428571429	1.851768	137155.397064872
0.129285714285714	1.86103	107968.041459729
0.13	1.868813	128485.159964023
0.130714285714286	1.876994	122234.445666789
0.131428571428571	1.885524	117233.29425557
0.132142857142857	1.891634	163666.121112928
0.132857142857143	1.897311	176149.374669722
0.133571428571429	1.903418	163746.52038644
0.134285714285714	1.910317	144948.54326714
0.135	1.915977	176678.445229682
0.135714285714286	1.922614	150670.483652252
0.136428571428571	1.931832	108483.402039489
0.137142857142857	1.9394	132135.306553911
0.137857142857143	1.947283	126855.258150449
0.138571428571429	1.955444	122534.003185886
0.139285714285714	1.963669	121580.54711246
0.14	1.970921	137892.995035856
0.140714285714286	1.978315	135244.793075464
0.141428571428571	1.985586	137532.664007701
0.142142857142857	1.992535	143905.597927762
0.142857142857143	2.00229	102511.532547412
0.143571428571429	2.015508	75654.41065214
0.144285714285714	2.023638	123001.230012301
0.145	2.032577	111869.336614836
0.145714285714286	2.041906	107192.625147388
0.146428571428571	2.050811	112296.462661427
0.147142857142857	2.057998	139140.114094893
0.147857142857143	2.065513	133067.19893546
0.148571428571429	2.074555	110595.00110595
0.149285714285714	2.082248	129988.30105291
0.15	2.089691	134354.426978363
0.150714285714286	2.097851	122549.019607847
0.151428571428571	2.106872	110852.455381885
0.152142857142857	2.114421	132467.876539939
0.152857142857143	2.127464	76669.4778808574
0.153571428571429	2.136184	114678.899082565
0.154285714285714	2.144387	121906.619529441
0.155	2.152554	122443.981878287
0.155714285714286	2.169799	57987.8225572631
0.156428571428571	2.177085	137249.519626687
0.157142857142857	2.182643	179920.834832668
0.157857142857143	2.187997	186776.242062007
0.158571428571429	2.193726	174550.532379134
0.159285714285714	2.200413	149543.89113204
0.16	2.207579	139547.864917671
0.160714285714286	2.215751	122369.065100342
0.161428571428571	2.222831	141242.937853103
0.162142857142857	2.230589	128899.200824956
0.162857142857143	2.23794	136035.913481161
0.163571428571429	2.244653	148964.695367199
0.164285714285714	2.250297	177179.30545713
0.165	2.25606	173520.735727907
0.165714285714286	2.262646	151837.230488916
0.166428571428571	2.270083	134462.821029987
0.167142857142857	2.277269	139159.476760369
0.167857142857143	2.283527	159795.461808876
0.168571428571429	2.289831	158629.441624374
0.169285714285714	2.296122	158957.240502304
0.17	2.307761	85918.0341953763
0.170714285714286	2.315476	129617.627997413
0.171428571428571	2.322866	135317.99729364
0.172142857142857	2.329291	155642.0233463
0.172857142857143	2.336138	146049.364685263
0.173571428571429	2.344587	118357.202035748
0.174285714285714	2.350997	156006.240249604
0.175	2.358937	125944.584382871
0.175714285714286	2.366985	124254.473161033
0.176428571428571	2.374596	131388.779398243
0.177142857142857	2.383511	112170.499158721
0.177857142857143	2.392069	116849.731245614
0.178571428571429	2.39932	137912.012136263
0.179285714285714	2.415985	60006.0006000595
0.18	2.428726	78486.7749784154
0.180714285714286	2.43637	130821.559392988
0.181428571428571	2.450322	71674.3119266068
0.182142857142857	2.456968	150466.445982547
0.182857142857143	2.462336	186289.120715341
0.183571428571429	2.46967	136351.240796296
0.184285714285714	2.47818	117508.813160984
0.185	2.490104	83864.4750083861
0.185714285714286	2.497707	131527.028804419
0.186428571428571	2.506831	109601.052170102
0.187142857142857	2.516824	100070.049034323
0.187857142857143	2.526608	102207.686017991
0.188571428571429	2.53406	134192.163177666
0.189285714285714	2.542586	117288.294628199
0.19	2.551323	114455.762847659
0.190714285714286	2.558365	142005.112184034
0.191428571428571	2.56651	122774.70841007
0.192142857142857	2.574362	127356.087620992
0.192857142857143	2.582888	117288.294628193
0.193571428571429	2.58979	144885.540423071
0.194285714285714	2.598718	112007.168458781
0.195	2.607351	115834.588208037
0.195714285714286	2.615883	117205.813408342
0.196428571428571	2.627734	84381.0648890385
0.197142857142857	2.635764	124533.001245334
0.197857142857143	2.643467	129819.55082435
0.198571428571429	2.651344	126951.885235501
0.199285714285714	2.657909	152322.924600149
0.2	2.66593	124672.734073061
0.200714285714286	2.673441	133138.064172546
0.201428571428571	2.682986	104766.893661601
0.202142857142857	2.694055	90342.3976872347
0.202857142857143	2.706271	81859.8559266535
0.203571428571429	2.714617	119817.876827223
0.204285714285714	2.722704	123655.249165324
0.205	2.73138	115260.488704473
0.205714285714286	2.739432	124192.747143571
0.206428571428571	2.747318	126806.999746385
0.207142857142857	2.754953	130975.769482645
0.207857142857143	2.76333	119374.477736662
0.208571428571429	2.7716	120918.984280532
0.209285714285714	2.779336	129265.770423992
0.21	2.787799	118161.408483985
0.210714285714286	2.795273	133797.163500138
0.211428571428571	2.80249	138561.729250376
0.212142857142857	2.810616	123061.777012062
0.212857142857143	2.818439	127828.198900675
0.213571428571429	2.826383	125881.168177245
0.214285714285714	2.834483	123456.790123453
0.215	2.842433	125786.163522011
0.215714285714286	2.849996	132222.662964436
0.216428571428571	2.857901	126502.21378874
0.217142857142857	2.866505	116225.0116225
0.217857142857143	2.875535	110741.971207086
0.218571428571429	2.883752	121698.916879644
0.219285714285714	2.890969	138561.729250376
0.22	2.899762	113726.828158765
0.220714285714286	2.908357	116346.71320535
0.221428571428571	2.916235	126935.77050013
0.222142857142857	2.923088	145921.494236101
0.222857142857143	2.928806	174886.323889475
0.223571428571429	2.936084	137400.384721071
0.224285714285714	2.945067	111321.384838031
0.225	2.953578	117495.006462226
0.225714285714286	2.963513	100654.252642174
0.226428571428571	2.971997	117868.929750116
0.227142857142857	2.980291	120569.08608633
0.227857142857143	2.988318	124579.544038865
0.228571428571429	2.998052	102732.689541813
0.229285714285714	3.005624	132065.504490225
0.23	3.014544	112107.623318388
0.230714285714286	3.02273	122159.784998775
0.231428571428571	3.031736	111037.086386855
0.232142857142857	3.039791	124146.492861574
0.232857142857143	3.047528	129249.062944299
0.233571428571429	3.05513	131544.330439352
0.234285714285714	3.062885	128949.065119279
0.235	3.069137	159948.816378761
0.235714285714286	3.077705	116713.352007471
0.236428571428571	3.087394	103209.825575392
0.237142857142857	3.093027	177525.297354873
0.237857142857143	3.098654	177714.590367882
0.238571428571429	3.106952	120510.966497946
0.239285714285714	3.121732	67658.99864682
0.24	3.127997	159616.919393457
0.240714285714286	3.134565	152253.349573688
0.241428571428571	3.141877	136761.487964993
0.242142857142857	3.15248	94312.9303027433
0.242857142857143	3.15779	188323.917137487
0.243571428571429	3.163628	171291.538198006
0.244285714285714	3.169292	176553.672316388
0.245	3.17453	190912.562046588
0.245714285714286	3.180534	166555.62958027
0.246428571428571	3.189409	112676.056338031
0.247142857142857	3.197545	122910.521140611
0.247857142857143	3.205515	125470.514429105
0.248571428571429	3.212651	140134.529147981
0.249285714285714	3.220524	127016.385113679
0.25	3.228777	121168.06009936
0.250714285714286	3.234393	178062.678062683
0.251428571428571	3.240273	170068.027210875
0.252142857142857	3.245929	176803.394625174
0.252857142857143	3.25172	172681.747539289
0.253571428571429	3.257542	171762.281003098
0.254285714285714	3.263054	181422.351233673
0.255	3.268556	181752.090149025
0.255714285714286	3.274274	174886.323889475
0.256428571428571	3.280597	158152.775581209
0.257142857142857	3.288649	124192.747143571
0.257857142857143	3.297711	110350.915912601
0.258571428571429	3.306493	113869.278068776
0.259285714285714	3.315283	113765.642775884
0.26	3.325314	99690.9580301055
0.260714285714286	3.333568	121153.380179307
0.261428571428571	3.342487	112120.19284673
0.262142857142857	3.352266	102259.94477963
0.262857142857143	3.360304	124409.056979348
0.263571428571429	3.367744	134408.60215054
0.264285714285714	3.37667	112032.265292407
0.265	3.385675	111049.416990559
0.265714285714286	3.392926	137912.012136255
0.266428571428571	3.399142	160875.160875167
0.267142857142857	3.405944	147015.583651868
0.267857142857143	3.412824	145348.837209298
0.268571428571429	3.419878	141763.538417926
0.269285714285714	3.42699	140607.424071986
0.27	3.432989	166694.449074843
0.270714285714286	3.439264	159362.549800796
0.271428571428571	3.44544	161917.098445597
0.272142857142857	3.452006	152299.725860497
0.272857142857143	3.461757	102553.584247769
0.273571428571429	3.471044	107677.398514051
0.274285714285714	3.479889	113058.224985868
0.275	3.489389	105263.157894736
0.275714285714286	3.498044	115540.150202194
0.276428571428571	3.506774	114547.537227951
0.277142857142857	3.514521	129082.225377563
0.277857142857143	3.524092	104482.290251805
0.278571428571429	3.531541	134246.20754464
0.279285714285714	3.539434	126694.539465347
0.28	3.547286	127356.087620985
0.280714285714286	3.556157	112726.862811413
0.281428571428571	3.564997	113122.171945699
0.282142857142857	3.573101	123395.853899311
0.282857142857143	3.582295	108766.586904499
0.283571428571429	3.590803	117536.436295252
0.284285714285714	3.596988	161681.487469688
0.285	3.606269	107747.010020471
0.285714285714286	3.614997	114573.785517878
0.286428571428571	3.623041	124316.260566876
0.287142857142857	3.629715	149835.181300573
0.287857142857143	3.636802	141103.428813323
0.288571428571429	3.64589	110035.211267603
0.289285714285714	3.651789	169520.257670795
0.29	3.661446	103551.827689756
0.290714285714286	3.669935	117799.505242078
0.291428571428571	3.680542	94277.3640049041
0.292142857142857	3.689341	113649.27832708
0.292857142857143	3.69567	158002.844051203
0.293571428571429	3.703654	125250.501001997
0.294285714285714	3.715591	83773.1423305713
0.295	3.728328	78511.4234121065
0.295714285714286	3.734775	155110.90429657
0.296428571428571	3.741132	157306.905773165
0.297142857142857	3.747865	148522.204069506
0.297857142857143	3.754437	152160.681679848
0.298571428571429	3.760417	167224.080267568
0.299285714285714	3.766548	163105.529277434
0.3	3.772986	155327.741534645
0.300714285714286	3.781239	121168.060099354
0.301428571428571	3.787976	148434.021077636
0.302142857142857	3.795123	139918.847068704
0.302857142857143	3.823813	34855.3502962703
0.303571428571429	3.835134	88331.4194859101
0.304285714285714	3.840862	174581.005586594
0.305	3.846677	171969.045571793
0.305714285714286	3.858001	88308.0183680704
0.306428571428571	3.87957	46362.8355510215
0.307142857142857	3.885549	167252.048837599
0.307857142857143	3.891113	179726.815240844
0.308571428571429	3.897459	157579.577686727
0.309285714285714	3.902984	180995.475113122
0.31	3.908981	166750.041687516
0.310714285714286	3.917345	119560.019129599
0.311428571428571	3.923043	175500.175500183
0.312142857142857	3.928867	171703.296703295
0.312857142857143	3.93458	175039.383861366
0.313571428571429	3.94042	171232.876712327
0.314285714285714	3.946045	177777.777777785
0.315	3.95187	171673.819742484
0.315714285714286	3.960931	110363.094581172
0.316428571428571	3.968473	132590.824714931
0.317142857142857	3.978569	99049.1283676715
0.317857142857143	3.986816	121256.214380982
0.318571428571429	3.99292	163826.998689393
0.319285714285714	4.000482	132240.148108965
0.32	4.008917	118553.645524594
0.320714285714286	4.016739	127844.541038098
0.321428571428571	4.024422	130157.49056358
0.322142857142857	4.030368	168180.289270104
0.322857142857143	4.03614	173250.17325019
0.323571428571429	4.043827	130089.761935724
0.324285714285714	4.052453	115928.587989804
0.325	4.061641	108837.614279495
0.325714285714286	4.070668	110778.774786744
0.326428571428571	4.099316	34906.4507120921
0.327142857142857	4.131519	31053.0074837748
0.327857142857143	4.157774	38087.9832412875
0.328571428571429	4.186621	34665.6498076058
0.329285714285714	4.198502	84167.9993266511
0.33	4.204804	158679.784195498
0.330714285714286	4.211102	158780.565258809
0.331428571428571	4.229088	55598.7990659414
0.332142857142857	4.23679	129836.406128277
0.332857142857143	4.244047	137797.988149372
0.333571428571429	4.262871	53123.6719082012
0.334285714285714	4.271907	110668.437361675
0.335	4.280641	114495.076711695
0.335714285714286	4.289548	112271.247333561
0.336428571428571	4.297121	132048.065495843
0.337142857142857	4.303714	151676.020021223
0.337857142857143	4.310012	158780.565258809
0.338571428571429	4.316439	155593.589544122
0.339285714285714	4.322666	160590.974787217
0.34	4.32914	154464.0098857
0.340714285714286	4.335669	153162.812069219
0.341428571428571	4.341705	165672.63088138
0.342142857142857	4.347965	159744.408945683
0.342857142857143	4.356067	123426.314490249
0.343571428571429	4.364112	124300.80795525
0.344285714285714	4.372044	126071.608673736
0.345	4.378266	160720.0257152
0.345714285714286	4.384499	160436.386972567
0.346428571428571	4.390567	164798.945286751
0.347142857142857	4.397013	155134.967421647
0.347857142857143	4.406747	102732.689541813
0.348571428571429	4.413511	147841.513897112
0.349285714285714	4.419918	156079.288278439
0.35	4.426447	153162.81206924
0.350714285714286	4.432799	157430.730478575
0.351428571428571	4.439495	149342.891278379
0.352142857142857	4.448133	115767.538782121
0.352857142857143	4.454595	154750.851129682
0.353571428571429	4.461304	149053.510210169
0.354285714285714	4.46746	162443.14489929
0.355	4.473694	160410.651267242
0.355714285714286	4.480324	150829.562594281
0.356428571428571	4.486578	159897.665494079
0.357142857142857	4.492819	160230.732254442
0.357857142857143	4.499371	152625.15262515
0.358571428571429	4.506428	141703.273345621
0.359285714285714	4.512473	165425.971877577
0.36	4.529096	60157.6129459181
0.360714285714286	4.548848	50627.7845281502
0.361428571428571	4.567375	53975.2793220687
0.362142857142857	4.579641	81526.1699005418
0.362857142857143	4.589631	100100.100100098
0.363571428571429	4.599362	102764.36131949
0.364285714285714	4.608546	108885.017421599
0.365	4.617136	116414.43538999
0.365714285714286	4.624228	141003.948110545
0.366428571428571	4.631165	144154.533660089
0.367142857142857	4.639109	125881.168177238
0.367857142857143	4.648734	103896.103896106
0.368571428571429	4.659619	91869.5452457507
0.369285714285714	4.669629	99900.0999000969
0.37	4.680612	91049.8042429248
0.370714285714286	4.693279	78945.2909133943
0.371428571428571	4.706082	78106.6937436545
0.372142857142857	4.71388	128238.0097461
0.372857142857143	4.722997	109685.203466044
0.373571428571429	4.731535	117123.448114316
0.374285714285714	4.739042	133209.004928727
0.375	4.748523	105474.10610696
0.375714285714286	4.756579	124131.082423027
0.376428571428571	4.764169	131752.305665357
0.377142857142857	4.771437	137589.433131539
0.377857142857143	4.783229	84803.2564450425
0.378571428571429	4.791538	120351.426164405
0.379285714285714	4.800389	112981.584001808
0.38	4.815286	67127.6095858209
0.380714285714286	4.826424	89782.7258035564
0.381428571428571	4.846022	51025.6148586608
0.382142857142857	4.854886	112815.884476535
0.382857142857143	4.863723	113160.574855712
0.383571428571429	4.872807	110083.663584328
0.384285714285714	4.909789	27040.181710021
0.385	4.950121	24794.208072994
0.385714285714286	4.963986	72124.0533717994
0.386428571428571	4.972861	112676.056338031
0.387142857142857	4.978704	171144.959780946
0.387857142857143	4.984445	174185.681936931
0.388571428571429	4.992776	120033.609410634
0.389285714285714	4.998918	162813.415825473
0.39	5.004761	171144.95978092
0.390714285714286	5.010637	170183.798502389
0.391428571428571	5.016463	171644.352900793
0.392142857142857	5.022374	169176.112332932
0.392857142857143	5.02845	164581.96181698
0.393571428571429	5.034075	177777.777777799
0.394285714285714	5.04189	127959.053102994
0.395	5.066333	40911.5084073154
0.395714285714286	5.086498	49590.8752789498
0.396428571428571	5.092817	158252.888115198
0.397142857142857	5.098654	171320.884015772
0.397857142857143	5.104229	179372.197309406
0.398571428571429	5.109827	178635.226866738
0.399285714285714	5.115432	178412.132024975
0.4	5.121171	174246.384387519
0.400714285714286	5.126824	176897.222713613
0.401428571428571	5.132589	173460.53772766
0.402142857142857	5.140223	130992.926381984
0.402857142857143	5.151582	88035.9186548068
0.403571428571429	5.16587	69988.8017917151
0.404285714285714	5.171989	163425.396306586
0.405	5.178086	164015.089388211
0.405714285714286	5.184543	154870.682979729
0.406428571428571	5.210238	38918.0774469731
0.407142857142857	5.240737	32787.9602609923
0.407857142857143	5.273311	30699.3307545901
0.408571428571429	5.301936	34934.497816594
0.409285714285714	5.324873	43597.6806033907
0.41	5.3315	150897.842160859
0.410714285714286	5.338178	149745.432764302
0.411428571428571	5.34403	170881.749829119
0.412142857142857	5.349882	170881.749829119
0.412857142857143	5.356286	156152.404747037
0.413571428571429	5.361962	176180.408738541
0.414285714285714	5.36789	168690.958164644
0.415	5.374883	143000.143000133
0.415714285714286	5.383264	119317.503877819
0.416428571428571	5.392379	109709.270433357
0.417142857142857	5.402283	100969.305331182
0.417857142857143	5.417937	63881.4360546805
0.418571428571429	5.440835	43671.9364136613
0.419285714285714	5.453062	81786.2108448502
0.42	5.460995	126055.716626742
0.420714285714286	5.466903	169262.017603255
0.421428571428571	5.472744	171203.561034063
0.422142857142857	5.480703	125643.925116227
0.422857142857143	5.486656	167982.529816903
0.423571428571429	5.492433	173100.225030288
0.424285714285714	5.498523	164203.612479465
0.425	5.505128	151400.454201373
0.425714285714286	5.511306	161864.681126572
0.426428571428571	5.518025	148831.671379681
0.427142857142857	5.524243	160823.415889341
0.427857142857143	5.52995	175223.409847552
0.428571428571429	5.535677	174611.489436024
0.429285714285714	5.541716	165590.329524746
0.43	5.547366	176991.150442473
0.430714285714286	5.554132	147797.812592377
0.431428571428571	5.560124	166889.185580774
0.432142857142857	5.571472	88121.2548466697
0.432857142857143	5.577451	167252.048837599
0.433571428571429	5.583243	172651.933701644
0.434285714285714	5.589153	169204.73773268
0.435	5.595395	160205.062479967
0.435714285714286	5.601158	173520.735727921
0.436428571428571	5.606832	176242.509693339
0.437142857142857	5.612903	164717.509471246
0.437857142857143	5.61862	174916.914465636
0.438571428571429	5.624331	175100.682892669
0.439285714285714	5.629974	177210.703526491
0.44	5.635528	180050.414115951
0.440714285714286	5.641136	178316.690442209
0.441428571428571	5.646823	175839.634253561
0.442142857142857	5.652555	174459.176552712
0.442857142857143	5.658113	179920.834832654
0.443571428571429	5.664599	154178.230033925
0.444285714285714	5.67065	165261.940175171
0.445	5.67661	167785.23489933
0.445714285714286	5.68245	171232.876712327
0.446428571428571	5.688293	171144.959780946
0.447142857142857	5.694336	165480.721495945
0.447857142857143	5.70005	175008.750437515
0.448571428571429	5.705979	168662.506324842
0.449285714285714	5.711883	169376.693766934
0.45	5.717913	165837.479270316
0.450714285714286	5.723455	180440.274269212
0.451428571428571	5.729393	168406.871000349
0.452142857142857	5.735112	174855.74401119
0.452857142857143	5.7407	178954.90336434
0.453571428571429	5.746386	175870.559268383
0.454285714285714	5.752458	164690.382081696
0.455	5.7593	146156.094709154
0.455714285714286	5.765268	167560.321715812
0.456428571428571	5.771288	166112.956810621
0.457142857142857	5.776999	175100.682892669
0.457857142857143	5.78332	158202.81601013
0.458571428571429	5.78904	174825.17482517
0.459285714285714	5.794558	181225.081551275
0.46	5.801355	147123.731057826
0.460714285714286	5.806942	178986.933953814
0.461428571428571	5.813876	144216.902220954
0.462142857142857	5.82685	77077.2313858444
0.462857142857143	5.836144	107596.298687329
0.463571428571429	5.845582	105954.651409194
0.464285714285714	5.854696	109721.307877997
0.465	5.864463	102385.584109756
0.465714285714286	5.872925	118175.372252414
0.466428571428571	5.882186	107979.69981644
0.467142857142857	5.891087	112346.92731154
0.467857142857143	5.901069	100180.324584252
0.468571428571429	5.916498	64813.0144533017
0.469285714285714	5.925122	115955.473098328
0.47	5.931352	160513.643659701
0.470714285714286	5.937388	165672.63088138
0.471428571428571	5.943132	174094.707520892
0.472142857142857	5.949951	146649.06877841
0.472857142857143	5.955997	165398.610651683
0.473571428571429	5.962157	162337.662337652
0.474285714285714	5.968884	148654.675189541
0.475	5.97548	151607.034566403
0.475714285714286	5.981874	156396.621832963
0.476428571428571	5.988093	160797.555877157
0.477142857142857	5.994532	155303.618574305
0.477857142857143	6.001581	141864.09419777
0.478571428571429	6.00825	149947.51836856
0.479285714285714	6.014809	152462.265589283
0.48	6.022154	136147.038801907
0.480714285714286	6.028945	147253.718156369
0.481428571428571	6.035945	142857.14285715
0.482142857142857	6.042516	152183.838076394
0.482857142857143	6.049379	145708.873670405
0.483571428571429	6.056283	144843.568945548
0.484285714285714	6.064411	123031.49606299
0.485	6.07176	136072.935093201
0.485714285714286	6.078124	157133.878064121
0.486428571428571	6.084464	157728.706624589
0.487142857142857	6.090776	158428.390367568
0.487857142857143	6.097374	151561.079114876
0.488571428571429	6.107585	97933.6010185097
0.489285714285714	6.141267	29689.4483700495
0.49	6.169346	35613.8039103957
0.490714285714286	6.191372	45400.8898574405
0.491428571428571	6.211801	48950.0220275098
0.492142857142857	6.218579	147536.146355863
0.492857142857143	6.225102	153303.694619049
0.493571428571429	6.231828	148676.776687471
0.494285714285714	6.23831	154273.372415919
0.495	6.244805	153964.588144723
0.495714285714286	6.25141	151400.454201373
0.496428571428571	6.257882	154511.742892448
0.497142857142857	6.264303	155738.981467072
0.497857142857143	6.271423	140449.438202238
0.498571428571429	6.278637	138619.351261448
0.499285714285714	6.285352	148920.327624725
0.5	6.292843	133493.525563996
0.500714285714286	6.299876	142186.833499221
0.501428571428571	6.306378	153798.831128878
0.502142857142857	6.313747	135703.623286747
0.502857142857143	6.321894	122744.56855284
0.503571428571429	6.328955	141622.999575145
0.504285714285714	6.338673	102901.8316526
0.505	6.34571	142106.011084261
0.505714285714286	6.352873	139606.310205234
0.506428571428571	6.359889	142531.356898515
0.507142857142857	6.368382	117744.02449075
0.507857142857143	6.375377	142959.256611868
0.508571428571429	6.382608	138293.458719403
0.509285714285714	6.389407	147080.453007795
0.51	6.395997	151745.068285279
0.510714285714286	6.405454	105741.778576723
0.511428571428571	6.412505	141823.854772361
0.512142857142857	6.419835	136425.648021835
0.512857142857143	6.426973	140095.264780044
0.513571428571429	6.433997	142369.02050115
0.514285714285714	6.442946	111744.328975301
0.515	6.450554	131440.588853833
0.515714285714286	6.457342	147318.797878623
0.516428571428571	6.464558	138580.931263847
0.517142857142857	6.472411	127339.870113334
0.517857142857143	6.479615	138811.771238206
0.518571428571429	6.486556	144071.459443878
0.519285714285714	6.493528	143430.866322428
0.52	6.50052	143020.594965686
0.520714285714286	6.507846	136500.136500138
0.521428571428571	6.518695	92174.393953357
0.522142857142857	6.55552	27155.4650373392
0.522857142857143	6.562759	138140.627158443
0.523571428571429	6.569879	140449.438202238
0.524285714285714	6.580887	90843.0232558184
0.525	6.589361	118008.024545662
0.525714285714286	6.59626	144948.543267145
0.526428571428571	6.603117	145836.371591072
0.527142857142857	6.609802	149588.631264023
0.527857142857143	6.616715	144654.997830176
0.528571428571429	6.623381	150015.001500149
0.529285714285714	6.630997	131302.52100841
0.53	6.638097	140845.070422529
0.530714285714286	6.646563	118119.536971411
0.531428571428571	6.653853	137174.211248298
0.532142857142857	6.661697	127485.976542574
0.532857142857143	6.668909	138657.792567942
0.533571428571429	6.676611	129836.406128277
0.534285714285714	6.683598	143122.942607708
0.535	6.690557	143698.807299896
0.535714285714286	6.699581	110815.602836878
0.536428571428571	6.726314	37406.9502113491
0.537142857142857	6.746298	50040.0320256205
0.537857142857143	6.775509	34233.6790934931
0.538571428571429	6.78577	97456.3882662438
0.539285714285714	6.814014	35405.7498937828
0.54	6.840781	37359.4351253415
0.540714285714286	6.877251	27419.7970935012
0.541428571428571	6.907556	32997.8551394166
0.542142857142857	6.946148	25912.1061359865
0.542857142857143	6.958331	82081.5890995631
0.543571428571429	6.965997	130446.125750074
0.544285714285714	6.974641	115687.181860246
0.545	6.984108	105630.083447767
0.545714285714286	6.992763	115540.150202194
0.546428571428571	7.005916	76028.282521098
0.547142857142857	7.0288	43698.6540814536
0.547857142857143	7.036485	130123.617436573
0.548571428571429	7.043724	138140.627158443
0.549285714285714	7.05012	156347.717323336
0.55	7.056974	145900.204260274
0.550714285714286	7.065156	122219.506233199
0.551428571428571	7.077788	79164.027865738
0.552142857142857	7.084033	160128.10248199
0.552857142857143	7.090478	155159.038013958
0.553571428571429	7.096926	155086.848635241
0.554285714285714	7.10329	157133.878064099
0.555	7.109455	162206.001622055
0.555714285714286	7.117789	119990.400767944
0.556428571428571	7.12676	111470.293166873
0.557142857142857	7.133448	149521.531100488
0.557857142857143	7.139701	159923.236846289
0.558571428571429	7.14593	160539.412425767
0.559285714285714	7.152236	158579.130986353
0.56	7.158514	159286.396941701
0.560714285714286	7.165136	151011.778918753
0.561428571428571	7.171792	150240.384615395
0.562142857142857	7.178095	158654.60891639
0.562857142857143	7.184288	161472.630389134
0.563571428571429	7.190393	163800.163800169
0.564285714285714	7.196878	154202.004626069
0.565	7.202902	166002.656042496
0.565714285714286	7.20904	162919.517758228
0.566428571428571	7.216404	135795.76317219
0.567142857142857	7.222855	155014.726399003
0.567857142857143	7.22965	147167.034584246
0.568571428571429	7.236341	149454.491107458
0.569285714285714	7.242717	156838.143036399
0.57	7.249351	150738.619234247
0.570714285714286	7.255693	157678.965625984
0.571428571428571	7.262468	147601.476014756
0.572142857142857	7.269252	147405.660377365
0.572857142857143	7.275963	149009.08955446
0.573571428571429	7.282929	143554.407120293
0.574285714285714	7.289908	143287.003868743
0.575	7.296327	155787.505842049
0.575714285714286	7.30258	159923.236846312
0.576428571428571	7.308906	158077.774264926
0.577142857142857	7.315308	156201.187129033
0.577857142857143	7.321806	153893.505694046
0.578571428571429	7.327997	161524.794055903
0.579285714285714	7.335165	139508.928571427
0.58	7.34184	149812.734082387
0.580714285714286	7.348317	154392.465647691
0.581428571428571	7.354444	163212.012404107
0.582142857142857	7.360818	156887.354879194
0.582857142857143	7.368501	130157.49056358
0.583571428571429	7.374753	159948.816378761
0.584285714285714	7.381651	144969.556393165
0.585	7.387992	157703.832203124
0.585714285714286	7.39451	153421.294875713
0.586428571428571	7.400782	159438.775510225
0.587142857142857	7.407651	145581.598485951
0.587857142857143	7.414423	147666.863555804
0.588571428571429	7.420956	153069.034134392
0.589285714285714	7.42886	126518.218623483
0.59	7.436234	135611.608353683
0.590714285714286	7.442464	160513.643659701
0.591428571428571	7.448907	155207.201614155
0.592142857142857	7.455977	141442.715700148
0.592857142857143	7.462451	154464.0098857
0.593571428571429	7.468724	159413.358839466
0.594285714285714	7.475997	137494.843943359
0.595	7.483247	137931.034482742
0.595714285714286	7.491132	126823.081800889
0.596428571428571	7.497802	149925.037481265
0.597142857142857	7.504283	154297.176361674
0.597857142857143	7.531809	36329.2886725279
0.598571428571429	7.544515	78702.9749724561
0.599285714285714	7.551747	138274.336283183
0.6	7.558336	151768.098345729
0.600714285714286	7.565008	149880.095923261
0.601428571428571	7.571541	153069.034134392
0.602142857142857	7.579951	118906.064209268
0.602857142857143	7.588473	117343.346632244
0.603571428571429	7.597849	106655.290102394
0.604285714285714	7.606992	109373.291042329
0.605	7.615999	111024.758521145
0.605714285714286	7.625908	100918.357049152
0.606428571428571	7.634046	122880.314573609
0.607142857142857	7.644878	92319.0546528751
0.607857142857143	7.655289	96052.252425324
0.608571428571429	7.661773	154225.786551502
0.609285714285714	7.668094	158202.81601013
0.61	7.678146	99482.6900119384
0.610714285714286	7.684836	149476.831091184
0.611428571428571	7.691064	160565.18946692
0.612142857142857	7.697665	151492.198151798
0.612857142857143	7.704038	156911.972383494
0.613571428571429	7.71059	152625.15262515
0.614285714285714	7.717284	149387.511204054
0.615	7.724055	147688.672278844
0.615714285714286	7.731135	141242.937853103
0.616428571428571	7.737596	154774.802662131
0.617142857142857	7.743985	156519.017060563
0.617857142857143	7.750326	157703.832203124
0.618571428571429	7.756676	157480.314960645
0.619285714285714	7.763183	153680.651605962
0.62	7.769513	157977.883096362
0.620714285714286	7.775832	158252.888115198
0.621428571428571	7.782042	161030.595813221
0.622142857142857	7.788504	154750.851129682
0.622857142857143	7.795085	151952.590791659
0.623571428571429	7.801492	156079.28827846
0.624285714285714	7.807979	154154.462771699
0.625	7.814446	154631.204577068
0.625714285714286	7.821086	150602.409638555
0.626428571428571	7.827642	152532.031726668
0.627142857142857	7.83426	151103.052281646
0.627857142857143	7.840918	150195.253829983
0.628571428571429	7.847679	147907.114332199
0.629285714285714	7.862002	69817.7756056688
0.63	7.871902	101010.101010101
0.630714285714286	7.880967	110314.396028686
0.631428571428571	7.887903	144175.317185706
0.632142857142857	7.894098	161420.500403553
0.632857142857143	7.904293	98087.2976949447
0.633571428571429	7.91115	145836.371591072
0.634285714285714	7.917409	159769.931298929
0.635	7.923966	152508.769254234
0.635714285714286	7.930537	152183.838076394
0.636428571428571	7.937589	141803.743618835
0.637142857142857	7.943951	157183.275699461
0.637857142857143	7.950414	154726.907009126
0.638571428571429	7.957377	143616.257360337
0.639285714285714	7.96554	122503.981379399
0.64	7.975276	102711.585866884
0.640714285714286	7.985703	95904.8623765228
0.641428571428571	7.994595	112460.638776424
0.642142857142857	8.0016	142755.1748751
0.642857142857143	8.027832	38121.3784690451
0.643571428571429	8.050157	44792.8331466958
0.644285714285714	8.058946	113778.586869949
0.645	8.065248	158679.784195498
0.645714285714286	8.071883	150715.900527522
0.646428571428571	8.078165	159184.97293854
0.647142857142857	8.084508	157654.106889501
0.647857142857143	8.090667	162364.020133132
0.648571428571429	8.096964	158805.780530411
0.649285714285714	8.103888	144425.18775275
0.65	8.109936	165343.91534392
0.650714285714286	8.116428	154035.736290784
0.651428571428571	8.125997	104504.127913063
0.652142857142857	8.14056	68667.1702259114
0.652857142857143	8.15051	100502.512562815
0.653571428571429	8.161158	93914.3501126993
0.654285714285714	8.174384	75608.6496295204
0.655	8.180696	158428.390367568
0.655714285714286	8.18692	160668.38046269
0.656428571428571	8.193435	153491.941673056
0.657142857142857	8.199731	158831.00381197
0.657857142857143	8.205997	159591.445898497
0.658571428571429	8.214598	116265.550517375
0.659285714285714	8.220984	156592.546194823
0.66	8.227142	162390.386489094
0.660714285714286	8.233544	156201.187129033
0.661428571428571	8.241088	132555.673382833
0.662142857142857	8.249446	119645.848289047
0.662857142857143	8.25627	146541.617819462
0.663571428571429	8.26239	163398.692810478
0.664285714285714	8.281934	51166.598444536
0.665	8.291939	99950.0249875103
0.665714285714286	8.298855	144592.2498554
0.666428571428571	8.305665	146842.878120416
0.667142857142857	8.312839	139392.249790894
0.667857142857143	8.319833	142979.696883066
0.668571428571429	8.327351	133014.099494528
0.669285714285714	8.334516	139567.341242139
0.67	8.341907	135299.688810713
0.670714285714286	8.348555	150421.179302081
0.671428571428571	8.362073	73975.4401538621
0.672142857142857	8.385235	43174.1645799168
0.672857142857143	8.416783	31697.7304424995
0.673571428571429	8.439447	44122.8379809411
0.674285714285714	8.449965	95075.1093363655
0.675	8.459126	109158.388822195
0.675714285714286	8.467051	126182.965299682
0.676428571428571	8.47374	149499.177754529
0.677142857142857	8.480886	139938.427092069
0.677857142857143	8.492033	89710.2359379257
0.678571428571429	8.500667	115821.172110252
0.679285714285714	8.507927	137741.046831947
0.68	8.515531	131509.731720167
0.680714285714286	8.543683	35521.4549587946
0.681428571428571	8.552117	118567.702157916
0.682142857142857	8.559186	141462.724572084
0.682857142857143	8.565964	147536.146355882
0.683571428571429	8.59283	37221.7672895108
0.684285714285714	8.613472	48444.9181280872
0.685	8.623087	104004.160166405
0.685714285714286	8.634077	90991.8107370369
0.686428571428571	8.64635	81479.6708221271
0.687142857142857	8.653098	148192.05690575
0.687857142857143	8.661277	122264.335493334
0.688571428571429	8.668711	134517.083669627
0.689285714285714	8.6756	145158.949049225
0.69	8.683603	124953.142571529
0.690714285714286	8.690135	153092.467850582
0.691428571428571	8.699854	102891.243955134
0.692142857142857	8.706518	150060.024009589
0.692857142857143	8.713336	146670.577882096
0.693571428571429	8.721353	124734.938256196
0.694285714285714	8.730938	104329.681794476
0.695	8.742926	83416.7500834129
0.695714285714286	8.750841	126342.38787115
0.696428571428571	8.757612	147688.672278825
0.697142857142857	8.764517	144822.592324409
0.697857142857143	8.774536	99810.360315403
0.698571428571429	8.784067	104920.784807461
0.699285714285714	8.805053	47650.8148289322
0.7	8.814472	106168.383055533
0.700714285714286	8.824558	99147.3329367502
0.701428571428571	8.837635	76470.1384109453
0.702142857142857	8.847633	100020.004000805
0.702857142857143	8.86015	79891.3477670319
0.703571428571429	8.869691	104810.816476275
0.704285714285714	8.879701	99900.0999000881
0.705	8.886743	142005.11218407
0.705714285714286	8.8937	143740.117866862
0.706428571428571	8.902114	118849.536486831
0.707142857142857	8.909683	132117.849121414
0.707857142857143	8.916318	150715.900527482
0.708571428571429	8.922695	156813.548690638
0.709285714285714	8.931022	120091.269364698
0.71	8.962134	32141.9388017483
0.710714285714286	8.972495	96515.7803300875
0.711428571428571	8.98329	92635.4793886068
0.712142857142857	8.992303	110950.848773999
0.712857142857143	8.999834	132784.490771475
0.713571428571429	9.008329	117716.303708065
0.714285714285714	9.018157	101750.101750095
0.715	9.027554	106416.9415771
0.715714285714286	9.037071	105075.128717045
0.716428571428571	9.0456	117247.039512237
0.717142857142857	9.056509	91667.4305619227
0.717857142857143	9.080236	42146.078307415
0.718571428571429	9.108161	35810.205908682
0.719285714285714	9.122015	72181.3194745279
0.72	9.140469	54188.7937574504
0.720714285714286	9.170102	33746.1613741432
0.721428571428571	9.198823	34817.7291877013
0.722142857142857	9.206491	130412.102243107
0.722857142857143	9.213294	146993.973247104
0.723571428571429	9.219913	151080.223598717
0.724285714285714	9.22656	150443.809237268
0.725	9.232983	155690.487311186
0.725714285714286	9.24129	120380.402070565
0.726428571428571	9.248569	137381.508448954
0.727142857142857	9.255836	137608.366588678
0.727857142857143	9.26368	127485.976542574
0.728571428571429	9.27081	140252.454417951
0.729285714285714	9.277764	143802.128271528
0.73	9.284789	142348.754448388
0.730714285714286	9.292058	137570.504883737
0.731428571428571	9.298788	148588.410104029
0.732142857142857	9.305553	147819.660014789
0.732857142857143	9.311941	156543.519098281
0.733571428571429	9.319229	137211.855104298
0.734285714285714	9.32633	140825.235882261
0.735	9.332958	150875.075437556
0.735714285714286	9.339734	147579.693034231
0.736428571428571	9.348433	114955.742039315
0.737142857142857	9.354631	161342.368505983
0.737857142857143	9.36143	147080.453007776
0.738571428571429	9.368874	134336.378291249
0.739285714285714	9.375516	150557.061126181
0.74	9.382101	151860.288534521
0.740714285714286	9.388906	146950.771491551
0.741428571428571	9.395523	151125.887864584
0.742142857142857	9.402144	151034.586920425
0.742857142857143	9.408825	149678.191887433
0.743571428571429	9.415557	148544.266191336
0.744285714285714	9.422085	153186.274509817
0.745	9.428901	146713.615023461
0.745714285714286	9.435414	153539.075694765
0.746428571428571	9.44199	152068.126520663
0.747142857142857	9.448695	149142.431021622
0.747857142857143	9.455343	150421.179302081
0.748571428571429	9.462071	148632.580261577
0.749285714285714	9.468623	152625.152625129
0.75	9.474888	159616.919393479
0.750714285714286	9.481754	145645.208272638
0.751428571428571	9.488341	151814.179444368
0.752142857142857	9.495622	137343.77145995
0.752857142857143	9.502728	140726.146918127
0.753571428571429	9.509451	148743.12063065
0.754285714285714	9.516074	150988.977804634
0.755	9.522949	145454.545454527
0.755714285714286	9.530261	136761.48796501
0.756428571428571	9.536947	149566.257852224
0.757142857142857	9.544149	138850.31935571
0.757857142857143	9.554949	92592.5925925952
0.758571428571429	9.571108	61885.0176372299
0.759285714285714	9.586523	64871.8780408732
0.76	9.605762	51977.753521491
0.760714285714286	9.621814	62297.5330176918
0.761428571428571	9.639759	55725.8289217077
0.762142857142857	9.659165	51530.4544986086
0.762857142857143	9.67604	59259.259259257
0.763571428571429	9.69201	62617.4076393262
0.764285714285714	9.709407	57481.1749152127
0.765	9.725892	60661.2071580246
0.765714285714286	9.743319	57382.2229873197
0.766428571428571	9.763784	48863.913999512
0.767142857142857	9.779553	63415.5621789564
0.767857142857143	9.798046	54074.5146812324
0.768571428571429	9.820676	44189.1294741469
0.769285714285714	9.837573	59182.1033319519
0.77	9.857097	51219.0124974423
0.770714285714286	9.873295	61736.0167921926
0.771428571428571	9.881556	121050.720251797
0.772142857142857	9.889997	118469.375666398
0.772857142857143	9.898052	124146.492861568
0.773571428571429	9.905978	126167.045167811
0.774285714285714	9.914008	124533.001245306
0.775	9.923417	106281.220108409
0.775714285714286	9.931933	117426.021606385
0.776428571428571	9.941862	100715.077047038
0.777142857142857	9.954472	79302.1411578084
0.777857142857143	9.969639	65932.6168655637
0.778571428571429	9.988722	52402.6620552368
0.779285714285714	9.996551	127730.233746312
0.78	10.003935	135427.95232936
0.780714285714286	10.010723	147318.797878604
0.781428571428571	10.017032	158503.724837536
0.782142857142857	10.034843	56145.0788838358
0.782857142857143	10.049844	66662.2225184996
0.783571428571429	10.070027	49546.6481692528
0.784285714285714	10.090563	48694.9746786134
0.785	10.103768	75728.8905717473
0.785714285714286	10.110529	147907.114332218
0.786428571428571	10.117022	154012.012936991
0.787142857142857	10.123679	150217.815832985
0.787857142857143	10.129891	160978.750804856
0.788571428571429	10.136929	142085.819835187
0.789285714285714	10.143726	147123.731057806
0.79	10.150815	141063.619692505
0.790714285714286	10.157556	148345.942738469
0.791428571428571	10.163899	157654.106889457
0.792142857142857	10.182364	54156.5123206093
0.792857142857143	10.202032	50844.0105755559
0.793571428571429	10.209826	128303.82345393
0.794285714285714	10.21778	125722.906713606
0.795	10.224324	152811.735941323
0.795714285714286	10.231031	149097.957357974
0.796428571428571	10.23776	148610.491900729
0.797142857142857	10.24414	156739.811912224
0.797857142857143	10.250818	149745.432764282
0.798571428571429	10.257789	143451.441686988
0.799285714285714	10.264776	143122.942607726
0.8	10.271279	153775.180685829
0.800714285714286	10.277614	157853.19652723
0.801428571428571	10.283843	160539.412425721
0.802142857142857	10.290157	158378.207158702
0.802857142857143	10.296703	152765.047357161
0.803571428571429	10.303255	152625.152625171
0.804285714285714	10.310126	145539.222820544
0.805	10.316617	154059.466954233
0.805714285714286	10.323033	155860.349127188
0.806428571428571	10.329396	157158.573000193
0.807142857142857	10.335706	158478.605388249
0.807857142857143	10.342651	143988.480921527
0.808571428571429	10.349169	153421.294875733
0.809285714285714	10.355549	156739.811912224
0.81	10.370912	65091.4534921536
0.810714285714286	10.379778	112790.435371088
0.811428571428571	10.388147	119488.588839765
0.812142857142857	10.397352	108636.610537755
0.812857142857143	10.406398	110546.097722754
0.813571428571429	10.418587	82041.1846746992
0.814285714285714	10.4401	46483.5215915984
0.815	10.467136	36987.7200769335
0.815714285714286	10.478054	91591.8666422404
0.816428571428571	10.487583	104942.806170631
0.817142857142857	10.493782	161316.341345411
0.817857142857143	10.500489	149097.957357974
0.818571428571429	10.506871	156690.692572853
0.819285714285714	10.513068	161368.404066478
0.82	10.519644	152068.126520704
0.820714285714286	10.526286	150557.061126141
0.821428571428571	10.532992	149120.190873857
0.822142857142857	10.539709	148875.986303407
0.822857142857143	10.546511	147015.583651858
0.823571428571429	10.553398	145201.103528408
0.824285714285714	10.56055	139821.029082782
0.825	10.568267	129584.035246836
0.825714285714286	10.575079	146799.765120375
0.826428571428571	10.581871	147232.037691423
0.827142857142857	10.588793	144466.917075964
0.827857142857143	10.595702	144738.746562486
0.828571428571429	10.602997	137080.191912251
0.829285714285714	10.609713	148898.153662916
0.83	10.616525	146799.765120375
0.830714285714286	10.623385	145772.594752156
0.831428571428571	10.63037	143163.922691513
0.832142857142857	10.637127	147994.672191794
0.832857142857143	10.64456	134535.180949806
0.833571428571429	10.651915	135961.930659407
0.834285714285714	10.658804	145158.949049225
0.835	10.665969	139567.341242139
0.835714285714286	10.672696	148654.675189541
0.836428571428571	10.679776	141242.937853103
0.837142857142857	10.686663	145201.103528408
0.837857142857143	10.693607	144009.216589847
0.838571428571429	10.700448	146177.459435762
0.839285714285714	10.707037	151768.098345729
0.84	10.713909	145518.044237495
0.840714285714286	10.723098	108825.76994231
0.841428571428571	10.729997	144948.543267126
0.842142857142857	10.737075	141282.848262223
0.842857142857143	10.744024	143905.597927785
0.843571428571429	10.750771	148214.021046375
0.844285714285714	10.757245	154464.009885721
0.845	10.763845	151515.151515138
0.845714285714286	10.776112	81519.523925983
0.846428571428571	10.786107	100050.025012506
0.847142857142857	10.795872	102406.554019459
0.847857142857143	10.805403	104920.784807461
0.848571428571429	10.820558	65984.823490597
0.849285714285714	10.833156	79377.6789966627
0.85	10.844155	90917.3561232841
0.850714285714286	10.854698	94849.6632836936
0.851428571428571	10.863058	119617.224880387
0.852142857142857	10.872723	103466.114847387
0.852857142857143	10.886564	72249.1149483454
0.853571428571429	10.893297	148522.204069496
0.854285714285714	10.900574	137419.266181115
0.855	10.908232	130582.39749283
0.855714285714286	10.91549	137779.002480018
0.856428571428571	10.925462	100280.78620137
0.857142857142857	10.935361	101020.305081314
0.857857142857143	10.942248	145201.103528408
0.858571428571429	10.949719	133850.890108407
0.859285714285714	10.956737	142490.738102015
0.86	10.96833	86258.9493660003
0.860714285714286	10.990741	44620.9450716167
0.861428571428571	11.002941	81967.2131147542
0.862142857142857	11.010236	137080.191912251
0.862857142857143	11.016742	153704.272978791
0.863571428571429	11.024572	127713.920817394
0.864285714285714	11.032006	134517.083669595
0.865	11.040347	119889.701474648
0.865714285714286	11.047313	143554.407120293
0.866428571428571	11.054043	148588.410104029
0.867142857142857	11.061134	141023.8330278
0.867857142857143	11.070665	104920.784807461
0.868571428571429	11.08018	105097.2149238
0.869285714285714	11.089794	104014.978156864
0.87	11.104822	66542.4540857026
0.870714285714286	11.111676	145900.204260311
0.871428571428571	11.120948	107851.596203612
0.872142857142857	11.132203	88849.4002665463
0.872857142857143	11.148949	59715.7530156474
0.873571428571429	11.172962	41644.1094407195
0.874285714285714	11.18163	115366.866635901
0.875	11.192389	92945.4410261161
0.875714285714286	11.201241	112968.820605523
0.876428571428571	11.213906	78957.7575996832
0.877142857142857	11.223695	102155.480641541
0.877857142857143	11.232767	110229.276895925
0.878571428571429	11.240798	124517.494708022
0.879285714285714	11.247474	149790.293588963
0.88	11.254233	147950.880307763
0.880714285714286	11.261515	137324.910738808
0.881428571428571	11.269031	133049.494411908
0.882142857142857	11.276432	135116.876097829
0.882857142857143	11.283502	141442.71570013
0.883571428571429	11.291354	127356.087620992
0.884285714285714	11.302568	89174.2464776115
0.885	11.312352	102207.686017991
0.885714285714286	11.320408	124131.082423041
0.886428571428571	11.327412	142775.556824667
0.887142857142857	11.334609	138946.783381971
0.887857142857143	11.341764	139762.403913364
0.888571428571429	11.349354	131752.305665342
0.889285714285714	11.356083	148610.491900729
0.89	11.363477	135244.793075472
0.890714285714286	11.372644	109086.942293011
0.891428571428571	11.383347	93431.7481079963
0.892142857142857	11.393473	98755.6784515145
0.892857142857143	11.401528	124146.492861568
0.893571428571429	11.408788	137741.04683198
0.894285714285714	11.415513	148698.884758338
0.895	11.428698	75843.7618505878
0.895714285714286	11.435399	149231.457991353
0.896428571428571	11.44203	150806.816468093
0.897142857142857	11.449169	140075.640846083
0.897857142857143	11.45573	152415.790275841
0.898571428571429	11.462306	152068.126520704
0.899285714285714	11.468967	150127.608467212
0.9	11.47725	120729.204394536
0.900714285714286	11.485823	116645.281698353
0.901428571428571	11.498702	77645.7799518604
0.902142857142857	11.505459	147994.672191794
0.902857142857143	11.511905	155134.967421647
0.903571428571429	11.529104	58142.9152857733
0.904285714285714	11.547132	55469.2700244087
0.905	11.555168	124440.019910394
0.905714285714286	11.56958	69386.622259228
0.906428571428571	11.578714	109481.059776664
0.907142857142857	11.585708	142979.69688303
0.907857142857143	11.592569	145751.348199994
0.908571428571429	11.599966	135189.941868307
0.909285714285714	11.606635	149947.51836856
0.91	11.612632	166750.04168754
0.910714285714286	11.618806	161969.54972466
0.911428571428571	11.626586	128534.704370174
0.912142857142857	11.633582	142938.822184087
0.912857142857143	11.64094	135906.496330525
0.913571428571429	11.648372	134553.283100114
0.914285714285714	11.655774	135098.621994074
0.915	11.662869	140944.326990811
0.915714285714286	11.669334	154679.040989979
0.916428571428571	11.675959	150943.396226382
0.917142857142857	11.684023	124007.936507949
0.917857142857143	11.69241	119232.144986277
0.918571428571429	11.701882	105574.324324338
0.919285714285714	11.708616	148500.148500153
0.92	11.714997	156715.248393642
0.920714285714286	11.721859	145730.107840281
0.921428571428571	11.728808	143905.597927748
0.922142857142857	11.737281	118021.952083107
0.922857142857143	11.747657	96376.2528912799
0.923571428571429	11.75856	91717.8758140046
0.924285714285714	11.76705	117785.63015312
0.925	11.776055	111049.416990559
0.925714285714286	11.783892	127599.846880179
0.926428571428571	11.795307	87604.0297853739
0.927142857142857	11.814428	52298.5199518849
0.927857142857143	11.828252	72337.9629629557
0.928571428571429	11.836506	121153.38017932
0.929285714285714	11.843135	150852.315583039
0.93	11.850528	135263.086703631
0.930714285714286	11.857916	135354.629128337
0.931428571428571	11.863949	165755.014089165
0.932142857142857	11.871364	134861.766689145
0.932857142857143	11.877846	154273.372415919
0.933571428571429	11.885277	134571.390122453
0.934285714285714	11.89259	136742.786817997
0.935	11.900173	131873.928524325
0.935714285714286	11.907116	144029.958231318
0.936428571428571	11.91402	144843.568945529
0.937142857142857	11.921172	139821.029082782
0.937857142857143	11.927882	149031.29657228
0.938571428571429	11.934594	148986.889153748
0.939285714285714	11.941016	155714.730613545
0.94	11.947876	145772.594752156
0.940714285714286	11.955903	124579.544038893
0.941428571428571	11.962653	148148.148148143
0.942142857142857	11.969811	139703.827884875
0.942857142857143	11.978287	117980.179329874
0.943571428571429	11.984839	152625.152625171
0.944285714285714	11.991938	140864.910550778
0.945	12.00627	69773.9324588268
0.945714285714286	12.017852	86340.873769651
0.946428571428571	12.024741	145158.949049187
0.947142857142857	12.031831	141043.723554305
0.947857142857143	12.039102	137532.664007714
0.948571428571429	12.045578	154416.306361927
0.949285714285714	12.052253	149812.734082407
0.95	12.058717	154702.970297045
0.950714285714286	12.066176	134066.228716972
0.951428571428571	12.084648	54135.9896058925
0.952142857142857	12.10624	46313.4494257131
0.952857142857143	12.122242	62492.1884764393
0.953571428571429	12.143893	46187.2430834597
0.954285714285714	12.152628	114481.969089872
0.955	12.165501	77681.9700147547
0.955714285714286	12.185579	49805.7575455727
0.956428571428571	12.194997	106179.655977913
0.957142857142857	12.204891	101071.356377611
0.957857142857143	12.217979	76405.8679706615
0.958571428571429	12.22877	92669.8174404501
0.959285714285714	12.237138	119502.868068847
0.96	12.243773	150715.900527482
0.960714285714286	12.250442	149947.5183686
0.961428571428571	12.256903	154774.802662131
0.962142857142857	12.263628	148698.884758338
0.962857142857143	12.269708	164473.684210554
0.963571428571429	12.27686	139821.029082782
0.964285714285714	12.283236	156838.143036355
0.965	12.289726	154083.204930676
0.965714285714286	12.296342	151148.730350681
0.966428571428571	12.303262	144508.670520212
0.967142857142857	12.309556	158881.474420071
0.967857142857143	12.315861	158604.282315639
0.968571428571429	12.322864	142795.94459519
0.969285714285714	12.329248	156641.60401001
0.97	12.336438	139082.058414473
0.970714285714286	12.343068	150829.56259424
0.971428571428571	12.34981	148323.939483852
0.972142857142857	12.356314	153751.537515384
0.972857142857143	12.36302	149120.190873817
0.973571428571429	12.369641	151034.586920425
0.974285714285714	12.375635	166833.500166801
0.975	12.382088	154966.682163366
0.975714285714286	12.389294	138773.244518456
0.976428571428571	12.395632	157778.479015474
0.977142857142857	12.401652	166112.956810597
0.977857142857143	12.407768	163505.559189
0.978571428571429	12.414308	152905.198776774
0.979285714285714	12.424546	97675.3272123528
0.98	12.433747	108683.838713173
0.980714285714286	12.443471	102838.338132453
0.981428571428571	12.451455	125250.501002025
0.982142857142857	12.459375	126262.62626262
0.982857142857143	12.467997	115982.370679646
0.983571428571429	12.477353	106883.283454464
0.984285714285714	12.485432	123777.695259335
0.985	12.493773	119889.701474622
0.985714285714286	12.504333	94696.9696969706
0.986428571428571	12.514427	99068.7537150909
0.987142857142857	12.523072	115673.799884308
0.987857142857143	12.532377	107469.102632999
0.988571428571429	12.540146	128716.694555289
0.989285714285714	12.54907	112057.373375163
0.99	12.557825	114220.445459751
0.990714285714286	12.56637	117027.501462846
0.991428571428571	12.576238	101337.657073359
0.992142857142857	12.583978	129198.966408267
0.992857142857143	12.59489	91642.2287390082
0.993571428571429	12.602838	125817.815802706
0.994285714285714	12.61336	95038.9659760509
0.995	12.620888	132837.407013804
0.995714285714286	12.628008	140449.438202273
0.996428571428571	12.636487	117938.43613632
0.997142857142857	12.64587	106575.72205052
0.997857142857143	12.66986	41684.0350145903