#% Complete	time_depth_infty_optsoff	rate_depth_infty_optsoff0.0	0.0	0.0
0.000393700787401575	3.189057	313.572319340796
0.00078740157480315	23.66891	48.8284754778269
0.00118110236220472	56.562664	30.4009083304995
0.0015748031496063	89.255781	30.5874780921012
0.00196850393700787	123.550924	29.1586479169951
0.00236220472440945	157.842977	29.1612753543802
0.00275590551181102	192.212182	29.0958141161543
0.0031496062992126	227.820314	28.0834726179964
0.00354330708661417	263.696006	27.8740267922915
0.00393700787401575	298.605629	28.6453967148256
0.00433070866141732	335.373872	27.1973833506268
0.0047244094488189	371.423976	27.7391710159838
0.00511811023622047	406.625572	28.4078028734834
0.00551181102362205	441.436084	28.7269546624307
0.00590551181102362	477.705531	27.5714156876999
0.0062992125984252	514.164316	27.4282316319647
0.00669291338582677	552.226999	26.2724516818743
0.00708661417322835	587.209305	28.5858799588569
0.00748031496062992	623.106	27.8577178205403
0.0078740157480315	658.454472	28.289765962161
0.00826771653543307	696.051475	26.5978647287392
0.00866141732283465	736.79943	24.5411088728256
0.00905511811023622	775.244984	26.010809988588
0.0094488188976378	814.531589	25.4539683436632
0.00984251968503937	856.133768	24.0372024744185
0.0102362204724409	920.100216	15.6331957028472
0.0106299212598425	1015.678261	10.4626538448239
0.0110236220472441	1134.169042	8.4394751352006
0.0114173228346457	1301.737881	5.96769665510423
0.0118110236220472	1549.021027	4.04394725712524
0.0122047244094488	1869.900468	3.11643524709332
0.0125984251968504	2336.221682	2.14444458021161
0.012992125984252	2930.801252	1.68186068014412
0.0133858267716535	3737.73175	1.23926410326358