#% Complete	time_depth_infty_optsoff	rate_depth_infty_optsoff0.0	0.0	0.0
0.00606060606060606	0.139557	7165.53093001426
0.0121212121212121	0.49964	2777.13749330016
0.0181818181818182	0.927139	2339.1867583316
0.0242424242424242	1.322953	2526.43918608235
0.0303030303030303	1.841375	1928.93048520317
0.0363636363636364	2.485069	1553.53320055803
0.0424242424242424	3.247783	1311.10744001028
0.0484848484848485	4.119433	1147.24946939712
0.0545454545454545	5.071561	1050.27895409021
0.0606060606060606	6.156766	921.484880736819
0.0666666666666667	7.369073	824.873567503941
0.0727272727272727	8.627524	794.627681173125
0.0787878787878788	10.027025	714.540396898608
0.0848484848484849	11.560588	652.076243362679
0.0909090909090909	13.197	611.093049916525
0.096969696969697	14.9338	575.771533855366
0.103030303030303	16.787535	539.451431838963
0.109090909090909	18.809354	494.604116392219
0.115151515151515	20.879315	483.100889340427
0.121212121212121	23.037133	463.43111420889
0.127272727272727	25.317891	438.450725592106
0.133333333333333	27.633614	431.830577318617
0.139393939393939	30.123989	401.545951914872
0.145454545454545	32.732779	383.319469945837
0.151515151515152	35.536816	356.628675013917
0.157575757575758	38.456057	342.554794208495
0.163636363636364	41.465462	332.291599169935
0.16969696969697	44.555083	323.664294099503
0.175757575757576	47.769456	311.102662945464
0.181818181818182	51.093872	300.804712767596
0.187878787878788	54.646476	281.48366662876
0.193939393939394	58.178305	283.139415866397
0.2	61.723867	282.042733986883
0.206060606060606	65.227243	285.438959449399
0.212121212121212	68.821281	278.238571768023
0.218181818181818	72.442681	276.136300878114
0.224242424242424	75.996047	281.423303988386
0.23030303030303	79.606112	277.003322654856
0.236363636363636	83.200272	278.229127250873
0.242424242424242	86.857585	273.424779339367
0.248484848484848	90.459223	277.65144636968
0.254545454545455	94.085964	275.729642673683
0.260606060606061	97.808868	268.607517142532
0.266666666666667	101.477954	272.547440970313
0.272727272727273	105.076593	277.882832926559
0.278787878787879	108.722224	274.300937204013
0.284848484848485	112.329222	277.238856245553
0.290909090909091	115.869573	282.457869290361
0.296969696969697	119.488885	276.29560535262
0.303030303030303	123.02175	283.056386247422
0.309090909090909	126.518799	285.955386956259
0.315151515151515	130.047798	283.366473042356
0.321212121212121	133.610833	280.659606206505
0.327272727272727	137.261632	273.912642136696
0.333333333333333	140.885443	275.952581412219
0.339393939393939	144.490765	277.367735808341
0.345454545454545	147.985899	286.112063228479
0.351515151515152	151.587997	277.615989348429
0.357575757575758	155.154026	280.423967387815
0.363636363636364	158.792952	274.806357700045
0.36969696969697	162.387876	278.169997474217
0.375757575757576	165.888737	285.644017286034
0.381818181818182	169.488755	277.776388895833
0.387878787878788	173.119754	275.406300029275
0.393939393939394	176.666756	281.928231221748
0.4	180.255017	278.68652809815
0.406060606060606	183.88151	275.748498618363
0.412121212121212	187.393032	284.776800487081
0.418181818181818	191.00363	276.962431154065
0.424242424242424	194.6098	277.302512083455
0.43030303030303	198.205612	278.101302292779
0.436363636363636	201.744962	282.537754107394
0.442424242424242	205.374081	275.548969322857
0.448484848484848	208.923702	281.720217454201
0.454545454545455	212.529219	277.35273471183
0.460606060606061	216.177544	274.098387616235
0.466666666666667	219.731124	281.40635640678
0.472727272727273	223.280274	281.757603933336
0.478787878787879	226.926554	274.252114483801
0.484848484848485	230.595431	272.562966815188
0.490909090909091	234.343554	266.800209064642
0.496969696969697	238.486213	241.390855486779
0.503030303030303	242.012705	283.56791962097
0.509090909090909	245.856759	260.142027141138
0.515151515151515	249.309525	289.622870475439
0.521212121212121	253.073981	265.642632029701
0.527272727272727	256.671282	277.986190202042
0.533333333333333	260.299629	275.607597619525
0.539393939393939	264.189148	257.101199402805
0.545454545454545	268.268661	245.127298282907
0.551515151515152	271.83451	280.438122870597
0.557575757575758	275.722856	257.178759297658
0.563636363636364	279.489819	265.465840784736
0.56969696969697	283.152688	273.010036667978
0.575757575757576	286.83878	271.290027487108
0.581818181818182	290.52751	271.096014075304
0.587878787878788	294.107882	279.300586642951
0.593939393939394	297.782799	272.114989263704
0.6	301.37931	278.047251906086
0.606060606060606	305.054439	272.099292296949
0.612121212121212	308.715738	273.127105980693
0.618181818181818	312.293278	279.521682496911
0.624242424242424	315.79717	285.396924334425
0.63030303030303	319.358817	280.76898131679
0.636363636363636	322.989612	275.421774019186
0.642424242424242	326.617134	275.670278498656
0.648484848484848	330.232862	276.569476465045
0.654545454545455	333.832721	277.788657833544
0.660606060606061	337.465506	275.270900975422
0.666666666666667	341.006031	282.443987826664
0.672727272727273	344.61048	277.434914462655
0.678787878787879	348.208335	277.943385711766
0.684848484848485	351.906749	270.386170937055
0.690909090909091	355.516395	277.035476609064
0.696969696969697	359.163722	274.173387798789
0.703030303030303	362.716436	281.474951262614
0.709090909090909	366.34505	275.587317912567
0.715151515151515	369.867256	283.912979536122
0.721212121212121	373.40675	282.526259403181
0.727272727272727	376.993516	278.802687434864
0.733333333333333	380.533047	282.523306053824
0.739393939393939	383.965094	291.371301150595
0.745454545454545	387.537686	279.908816903806
0.751515151515151	391.158922	276.148806650546
0.757575757575758	394.78336	275.904843730256
0.763636363636364	398.444538	273.136132687348
0.76969696969697	402.066613	276.0848408716
0.775757575757576	405.690871	275.918546637684
0.781818181818182	409.299323	277.127144825537
0.787878787878788	412.851891	281.486519047629
0.793939393939394	416.419074	280.333248953025
0.8	420.042521	275.980302733833
0.806060606060606	423.6668	275.916947895016
0.812121212121212	427.257858	278.469464987758
0.818181818181818	430.789459	283.157695334211
0.824242424242424	434.379394	278.556575536885
0.83030303030303	438.053306	272.189426420663
0.836363636363636	441.643313	278.550988897797
0.842424242424242	445.264422	276.158491776963
0.848484848484849	448.881735	276.448291867474
0.854545454545454	452.434384	281.480101186464
0.860606060606061	455.99901	280.534339366881
0.866666666666667	459.67768	271.837376008176
0.872727272727273	463.396277	268.918627105869
0.878787878787879	466.984125	278.718607923189
0.884848484848485	470.637655	273.70789346194
0.890909090909091	474.182141	282.128353730272
0.896969696969697	477.853712	272.362974868253
0.903030303030303	481.465843	276.844887408566
0.909090909090909	485.013276	281.893977983516
0.915151515151515	488.527473	284.560028934066
0.921212121212121	492.203212	272.054136596748
0.927272727272727	495.723228	284.089617774465
0.933333333333333	499.260085	282.736904545477
0.939393939393939	502.891132	275.402659343157
0.945454545454545	506.431255	282.476060860033
0.951515151515152	509.961305	283.282106485747
0.957575757575758	513.498991	282.670649684563
0.963636363636364	517.116083	276.465182527846
0.96969696969697	520.7251	277.083759926872
0.975757575757576	524.33114	277.312509012656
0.981818181818182	527.987082	273.527315258285
0.987878787878788	531.596127	277.081610232067
0.993939393939394	535.246852	273.918194331266