#% Complete	time_depth_infty_optsoff	rate_depth_infty_optsoff0.0	0.0	0.0
0.000714285714285714	0.107597	9293.93942210285
0.00142857142857143	0.245437	7254.78816018572
0.00214285714285714	0.382163	7313.89786873016
0.00285714285714286	0.517926	7365.77712631571
0.00357142857142857	0.650747	7528.92991319144
0.00428571428571429	0.784565	7472.83624026663
0.005	0.908383	8076.37015619699
0.00571428571428571	0.976623	14654.1617819461
0.00642857142857143	1.046692	14271.646519859
0.00714285714285714	1.116844	14254.7610902041
0.00785714285714286	1.186149	14428.9733785441
0.00857142857142857	1.255795	14358.3263934756
0.00928571428571429	1.327329	13979.3664551123
0.01	1.399513	13853.4855369611
0.0107142857142857	1.470688	14049.8770635757
0.0114285714285714	1.533396	15946.9286215475
0.0121428571428571	1.594691	16314.5444163471
0.0128571428571429	1.657943	15809.7767659521
0.0135714285714286	1.72211	15584.3346268331
0.0142857142857143	1.78512	15870.4967465482
0.015	1.848335	15819.030293443
0.0157142857142857	1.907832	16807.5701295864
0.0164285714285714	1.976793	14500.9498122127
0.0171428571428571	2.061338	11828.0205807558
0.0178571428571429	2.173789	8892.76218086099
0.0185714285714286	2.287526	8792.21361562201
0.0192857142857143	2.484384	5079.80371638441
0.02	2.715409	4328.53587274104
0.0207142857142857	3.057619	2922.18228573099
0.0214285714285714	3.59522	1860.11558758261
0.0221428571428571	3.991805	2521.52754138457
0.0228571428571429	4.390264	2509.66849788811
0.0235714285714286	4.783948	2540.10831021835
0.0242857142857143	5.169725	2592.17112476897
0.025	5.564611	2532.37643269196
0.0257142857142857	5.92268	2792.75782042009
0.0264285714285714	6.283578	2770.86600646165
0.0271428571428571	6.691812	2449.57548856784
0.0278571428571429	7.086867	2531.2931110858
0.0285714285714286	7.463825	2652.81543301906
0.0292857142857143	7.830194	2729.48857572557
0.03	8.241796	2429.53144056637
0.0307142857142857	8.640785	2506.33476110871
0.0314285714285714	9.041493	2495.58281841141
0.0321428571428571	9.441653	2499.00039984006
0.0328571428571429	9.818716	2652.07670866672
0.0335714285714286	10.178317	2780.85989749751
0.0342857142857143	10.55916	2625.75391959416
0.035	10.949113	2564.41160857847
0.0357142857142857	11.336692	2580.11914990235
0.0364285714285714	11.72304	2588.34004576185
0.0371428571428571	12.088932	2733.04691001716
0.0378571428571429	12.464373	2663.53435027075
0.0385714285714286	12.849321	2597.75346280537
0.0392857142857143	13.241572	2549.38801940594
0.04	13.888579	1545.57833222824
0.0407142857142857	14.301011	2424.64212282267
0.0414285714285714	14.724025	2363.9879531174
0.0421428571428571	15.148447	2356.14553439736
0.0428571428571429	15.590648	2261.41505785831
0.0435714285714286	16.009339	2388.39621582503
0.0442857142857143	16.408041	2508.13891076543
0.045	16.811667	2477.54109001898
0.0457142857142857	17.213284	2489.93444002618
0.0464285714285714	17.597845	2600.36769199166
0.0471428571428571	17.993292	2528.78388254304
0.0478571428571429	18.399674	2460.73891068009
0.0485714285714286	18.797682	2512.51231131032
0.0492857142857143	19.189113	2554.72867504109
0.05	19.587203	2511.99477505087
0.0507142857142857	19.985525	2510.53168039927
0.0514285714285714	20.377418	2551.71692273146
0.0521428571428571	20.781175	2476.73724542236
0.0528571428571429	21.155619	2670.62631528346
0.0535714285714286	21.548933	2542.49785158931
0.0542857142857143	21.96026	2431.15574713063
0.055	22.341929	2620.07131834129
0.0557142857142857	22.759608	2394.18309275784
0.0564285714285714	23.184081	2355.86244590351
0.0571428571428571	23.582387	2510.63252875929
0.0578571428571429	23.996425	2415.23724875496
0.0585714285714286	24.414317	2392.96277507106
0.0592857142857143	24.819349	2468.94072567107
0.06	25.232381	2421.11991322706
0.0607142857142857	25.654852	2367.02637577492
0.0614285714285714	26.090742	2294.15678267452
0.0621428571428571	26.504986	2414.036171918
0.0628571428571429	26.89944	2535.1498527078
0.0635714285714286	27.338566	2277.25072074984
0.0642857142857143	27.956698	1617.77743265193
0.065	28.344822	2576.49617132668
0.0657142857142857	28.711503	2727.16611986986
0.0664285714285714	29.121367	2439.83370093495
0.0671428571428571	29.492752	2692.62355776351
0.0678571428571429	29.908641	2404.4877359103
0.0685714285714286	30.30095	2549.01111113943
0.0692857142857143	30.714358	2418.91787290038
0.07	31.101279	2584.50691484824
0.0707142857142857	31.480434	2637.44378947926
0.0714285714285714	31.901062	2377.39760548513
0.0721428571428571	32.290405	2568.42937974999
0.0728571428571429	32.675453	2597.0788057593
0.0735714285714286	33.080403	2469.44067168787
0.0742857142857143	33.477796	2516.40064117888
0.075	33.87693	2505.42424348713
0.0757142857142857	34.272691	2526.77752481927
0.0764285714285714	34.650537	2646.58088215835
0.0771428571428571	35.075691	2352.08889014334
0.0778571428571429	35.48999	2413.71569808279
0.0785714285714286	35.884677	2533.65324928358
0.0792857142857143	36.295042	2436.85499494353
0.08	36.702976	2451.37693842633
0.0807142857142857	37.11946	2401.05262146927
0.0814285714285714	37.502459	2610.97287460277
0.0821428571428571	37.86632	2748.30223629353
0.0828571428571429	38.473746	1646.2910708465
0.0835714285714286	38.87992	2461.99904474437
0.0842857142857143	39.289544	2441.26320723395
0.085	39.677673	2576.46298009168
0.0857142857142857	40.081819	2474.35332775776
0.0864285714285714	40.498198	2401.65810475553
0.0871428571428571	40.878933	2626.49874584684
0.0878571428571429	41.260714	2619.30268923809
0.0885714285714286	41.647703	2584.05277669391
0.0892857142857143	42.050447	2482.96684742666
0.09	42.435752	2595.34654364722
0.0907142857142857	42.847403	2429.24224646607
0.0914285714285714	43.259719	2425.32426585436
0.0921428571428571	43.662873	2480.44171706097
0.0928571428571429	44.078205	2407.71238430942
0.0935714285714286	44.470669	2548.00440295158
0.0942857142857143	44.871604	2494.1698779104
0.095	45.27336	2489.07296966319
0.0957142857142857	45.699505	2346.61910851937
0.0964285714285714	46.092411	2545.138022835
0.0971428571428571	46.48511	2546.47961925036
0.0978571428571429	46.853265	2716.24723282312
0.0985714285714286	47.225006	2690.04495065112
0.0992857142857143	47.615103	2563.46498435006
0.1	48.020661	2465.73856267168
0.100714285714286	48.413416	2546.11653575383
0.101428571428571	48.811639	2511.15580968451
0.102142857142857	49.196644	2597.36886533941
0.102857142857143	49.589457	2545.74059412491
0.103571428571429	49.995787	2461.05382324713
0.104285714285714	50.404546	2446.42931409459
0.105	50.80102	2522.23348819848
0.105714285714286	51.190479	2567.66437545414
0.106428571428571	51.605986	2406.69832277195
0.107142857142857	52.021022	2409.42954346129
0.107857142857143	52.429721	2446.7884677966
0.108571428571429	52.836635	2457.52173677976
0.109285714285714	53.231115	2534.98276211721
0.11	53.625421	2536.10140347851
0.110714285714286	54.039177	2416.88338054313
0.111428571428571	54.443871	2471.00278234914
0.112142857142857	54.852011	2450.13965796053
0.112857142857143	55.257814	2464.24989465328
0.113571428571429	55.663648	2464.061660679
0.114285714285714	56.052287	2573.0819603797
0.115	56.457477	2467.97798563638
0.115714285714286	56.861885	2472.75029178451
0.116428571428571	57.27369	2428.33379876397
0.117142857142857	57.683047	2442.85550265416
0.117857142857143	58.092791	2440.54824475772
0.118571428571429	58.493377	2496.34285771342
0.119285714285714	58.907159	2416.73151562902
0.12	59.304542	2516.46396549426
0.120714285714286	59.697753	2543.16384841726
0.121428571428571	60.086104	2574.99015066267
0.122142857142857	60.4726	2587.3488988243
0.122857142857143	60.864581	2551.14406055395
0.123571428571429	61.234228	2705.2836895741
0.124285714285714	61.619157	2597.8816872722
0.125	62.016752	2515.12217205954
0.125714285714286	62.425651	2445.59169868351
0.126428571428571	62.828647	2481.41420758522
0.127142857142857	63.201578	2681.46118182719
0.127857142857143	63.6049	2479.40851230529
0.128571428571429	64.00439	2503.19156925079
0.129285714285714	64.395589	2556.24375317933
0.13	64.799736	2474.34720534858
0.130714285714286	65.194574	2532.68429077237
0.131428571428571	65.599693	2468.41051641617
0.132142857142857	66.006592	2457.61233131566
0.132857142857143	66.417702	2432.43900659186
0.133571428571429	66.804442	2585.71650204279
0.134285714285714	67.217516	2420.87374175082
0.135	67.626813	2443.21360772254
0.135714285714286	68.023979	2517.83888852521
0.136428571428571	68.42712	2480.52170332461
0.137142857142857	68.813747	2586.47223292731
0.137857142857143	69.228753	2409.60371657282
0.138571428571429	69.611473	2612.87625418056
0.139285714285714	70.0215	2438.86378214118
0.14	70.434347	2422.20483617418
0.140714285714286	70.838753	2472.76252083306
0.141428571428571	71.243344	2471.63184549337
0.142142857142857	71.658909	2406.36242224441
0.142857142857143	72.050413	2554.25231926103
0.143571428571429	72.496334	2242.54968929475
0.144285714285714	72.913031	2399.82529271869
0.145	73.296101	2610.48894457939
0.145714285714286	73.694203	2511.91905592029
0.146428571428571	74.088411	2536.73187758752
0.147142857142857	74.486045	2514.8754885145
0.147857142857143	74.895538	2442.04418634752
0.148571428571429	75.291285	2526.86691244659
0.149285714285714	75.683487	2549.70652877855
0.15	76.079832	2523.05440966837
0.150714285714286	76.48021	2497.6397304547
0.151428571428571	76.927479	2235.79098931513
0.152142857142857	77.34296	2406.84892931326
0.152857142857143	77.76011	2397.21922569823
0.153571428571429	78.175383	2408.05446055969
0.154285714285714	78.590852	2406.91844638227
0.155	79.005178	2413.55840569984
0.155714285714286	79.405731	2496.54852166878
0.156428571428571	79.799143	2541.86450845425
0.157142857142857	80.210468	2431.16756822461
0.157857142857143	80.620807	2437.00939954529
0.158571428571429	81.027969	2456.02487461993
0.159285714285714	81.4315	2478.12435723649
0.16	81.808267	2654.16026350502
0.160714285714286	82.21199	2476.94582671783
0.161428571428571	82.59619	2602.81103591874
0.162142857142857	82.990379	2536.85414864445
0.162857142857143	83.399006	2447.21959146119
0.163571428571429	83.788489	2567.50615559602
0.164285714285714	84.184752	2523.57651357807
0.165	84.587852	2480.7740014885
0.165714285714286	84.977337	2567.49297148794
0.166428571428571	85.377117	2501.37575666621
0.167142857142857	85.7664	2568.82525052464
0.167857142857143	86.174037	2453.16298569564
0.168571428571429	86.557451	2608.14680736748
0.169285714285714	86.954601	2517.94032481433
0.17	87.373753	2385.76936290417
0.170714285714286	87.779642	2463.72776793654
0.171428571428571	88.174745	2530.98559109899
0.172142857142857	88.56749	2546.18136449856
0.172857142857143	88.969692	2486.31284777308
0.173571428571429	89.361201	2554.21969865316
0.174285714285714	89.775026	2416.48039630277
0.175	90.19142	2401.5715884475
0.175714285714286	90.57812	2585.98396689937
0.176428571428571	90.969808	2553.05242948468
0.177142857142857	91.398824	2330.91539709472
0.177857142857143	91.813239	2413.04006853039
0.178571428571429	92.224895	2429.21274073494
0.179285714285714	92.644913	2380.85034450905
0.18	93.068407	2361.3085427421
0.180714285714286	93.484824	2401.43894221412
0.181428571428571	93.904739	2381.4343379017
0.182142857142857	94.315234	2436.08326532602
0.182857142857143	94.716958	2489.27124095149
0.183571428571429	95.10368	2585.83685438124
0.184285714285714	95.491789	2576.59575016297
0.185	95.904745	2421.56549366029
0.185714285714286	96.318505	2416.86001546793
0.186428571428571	96.727832	2443.03454206536
0.187142857142857	97.1269	2505.8386039472
0.187857142857143	97.567856	2267.79996190096
0.188571428571429	97.97673	2445.74123079483
0.189285714285714	98.370658	2538.53496070346
0.19	98.778586	2451.41299445001
0.190714285714286	99.165521	2584.41340276795
0.191428571428571	99.536226	2697.56275205351
0.192142857142857	99.919169	2611.35469247383
0.192857142857143	100.32984	2435.03924065732
0.193571428571429	100.704451	2669.43576136311
0.194285714285714	101.14764	2256.37369158536
0.195	101.546177	2509.17731603336
0.195714285714286	101.954918	2446.53704913377
0.196428571428571	102.361652	2458.60931222863
0.197142857142857	102.79096	2329.32999152128
0.197857142857143	103.173554	2613.73675488901
0.198571428571429	103.55717	2606.77344010675
0.199285714285714	103.949577	2548.37451931282
0.2	104.365359	2405.10652216791
0.200714285714286	104.78087	2406.67515420774
0.201428571428571	105.199888	2386.53232080717
0.202142857142857	105.622178	2368.04091974707
0.202857142857143	106.040753	2389.05811383868
0.203571428571429	106.435753	2531.64556962019
0.204285714285714	106.83581	2499.64380075846
0.205	107.240213	2472.78086463254
0.205714285714286	107.649809	2441.4300920907
0.206428571428571	108.066729	2398.54168665457
0.207142857142857	108.486522	2382.1264289781
0.207857142857143	108.906345	2381.95620535316
0.208571428571429	109.316691	2436.96782715072
0.209285714285714	109.708529	2552.07509225756
0.21	110.110128	2490.04604095127
0.210714285714286	110.531053	2375.72014016751
0.211428571428571	110.926606	2528.10622091094
0.212142857142857	111.340171	2417.99958894012
0.212857142857143	111.742486	2485.61450604625
0.213571428571429	112.132399	2564.67468383968
0.214285714285714	112.508313	2660.18291417722
0.215	112.907644	2504.18825485622
0.215714285714286	113.313335	2464.93020550129
0.216428571428571	113.696578	2609.31054187547
0.217142857142857	114.072313	2661.45022422724
0.217857142857143	114.454338	2617.62973627372
0.218571428571429	114.835334	2624.69947191049
0.219285714285714	115.247929	2423.68424241692
0.22	115.666332	2390.04022437699
0.220714285714286	116.069478	2480.49093876656
0.221428571428571	116.487842	2390.26302454324
0.222142857142857	116.900525	2423.16741906014
0.222857142857143	117.301522	2493.78424277486
0.223571428571429	117.700932	2503.69294709704
0.224285714285714	118.10392	2481.46346789478
0.225	118.497143	2543.08623859749
0.225714285714286	118.89558	2509.80707113043
0.226428571428571	119.297575	2487.59312926778
0.227142857142857	119.700731	2480.42941193973
0.227857142857143	120.105927	2467.94144068556
0.228571428571429	120.521257	2407.72397852304
0.229285714285714	120.921602	2497.84560816304
0.23	121.319173	2515.27400137325
0.230714285714286	121.729691	2435.94677943479
0.231428571428571	122.13946	2440.39934694915
0.232142857142857	122.514711	2664.88297166426
0.232857142857143	122.920529	2464.15881010702
0.233571428571429	123.329642	2444.31245157203
0.234285714285714	123.73326	2477.59019667114
0.235	124.141015	2452.45306617948
0.235714285714286	124.556164	2408.77371738822
0.236428571428571	124.96366	2454.01181852086
0.237142857142857	125.358668	2531.59429682443
0.237857142857143	125.732951	2671.77510065909
0.238571428571429	126.134172	2492.39197350085
0.239285714285714	126.526845	2546.64822893357
0.24	126.923754	2519.46919822927
0.240714285714286	127.332165	2448.51387450386
0.241428571428571	127.736726	2471.81512800294
0.242142857142857	128.155035	2390.57730051234
0.242857142857143	128.556956	2488.05113442682
0.243571428571429	128.947026	2563.64242315495
0.244285714285714	129.351141	2474.54313747313
0.245	129.754863	2476.95196199372
0.245714285714286	130.161594	2458.62744664159
0.246428571428571	130.553213	2553.5022560193
0.247142857142857	130.936667	2607.87473856055
0.247857142857143	131.33932	2483.52800053652
0.248571428571429	131.759885	2377.7537360455
0.249285714285714	132.152348	2548.01089529464
0.25	132.561336	2445.05951274841
0.250714285714286	132.960889	2502.7968755084
0.251428571428571	133.364373	2478.41302257344
0.252142857142857	133.758661	2536.21718134974
0.252857142857143	134.165621	2457.24395517988
0.253571428571429	134.563974	2510.33630975533
0.254285714285714	134.972462	2448.05232956656
0.255	135.375491	2481.21102947925
0.255714285714286	135.761335	2591.72100641716
0.256428571428571	136.171572	2437.61532967531
0.257142857142857	136.591287	2382.56912428674
0.257857142857143	136.99535	2474.86159336534
0.258571428571429	137.395263	2500.54386829137
0.259285714285714	137.786136	2558.3757384112
0.26	138.200737	2411.95752060412
0.260714285714286	138.616734	2403.86348940014
0.261428571428571	139.004828	2576.69533669681
0.262142857142857	139.454745	2222.63217437883
0.262857142857143	139.854988	2498.48217208053
0.263571428571429	140.235033	2631.26734991912
0.264285714285714	140.626054	2557.40740267131
0.265	141.030709	2471.24093363488
0.265714285714286	141.413319	2613.62745354277
0.266428571428571	141.794022	2626.71951626326
0.267142857142857	142.206341	2425.30661938938
0.267857142857143	142.591565	2595.89226008768
0.268571428571429	143.003784	2425.89497330307
0.269285714285714	143.387577	2605.57123240916
0.27	143.761371	2675.27033606743
0.270714285714286	144.162748	2491.42327537454
0.271428571428571	144.541162	2642.60836015566
0.272142857142857	144.942932	2488.98623590612
0.272857142857143	145.339416	2522.16987318538
0.273571428571429	145.782504	2256.88802224395
0.274285714285714	146.199442	2398.43813708504
0.275	146.660109	2170.76543359954
0.275714285714286	147.077391	2396.46090653323
0.276428571428571	147.495297	2392.88260996499
0.277142857142857	147.894833	2502.9033679067
0.277857142857143	148.32254	2338.04917852643
0.278571428571429	148.723316	2495.15939078184
0.279285714285714	149.138213	2410.23675755672
0.28	149.548134	2439.49443917244
0.280714285714286	149.958244	2438.37019336274
0.281428571428571	150.382825	2355.2631888851
0.282142857142857	150.797317	2412.59179911798
0.282857142857143	151.210846	2418.21008925607
0.283571428571429	151.616985	2462.21121340233
0.284285714285714	152.008655	2553.16976025733
0.285	152.408911	2498.40102334515
0.285714285714286	152.807798	2506.97565977331
0.286428571428571	153.209885	2487.02395252754
0.287142857142857	153.587893	2645.44665721365
0.287857142857143	153.987385	2503.17903737759
0.288571428571429	154.372913	2593.8453238155
0.289285714285714	154.785179	2425.61841141406
0.29	155.211533	2345.46878884681
0.290714285714286	155.613659	2486.78274968536
0.291428571428571	156.004738	2557.02811963829
0.292142857142857	156.409007	2473.60049867786
0.292857142857143	156.814046	2468.89805673041
0.293571428571429	157.229691	2405.8992649977
0.294285714285714	157.636651	2457.24395517988
0.295	158.048113	2430.35808896083
0.295714285714286	158.443561	2528.77748781137
0.296428571428571	158.813928	2700.02457022347
0.297142857142857	159.212691	2507.75523305822
0.297857142857143	159.646157	2306.98601505088
0.298571428571429	160.054112	2451.25075069545
0.299285714285714	160.439265	2596.37079290566
0.3	160.910612	2121.57921870733
0.300714285714286	161.324919	2413.66909079494
0.301428571428571	161.719587	2533.77522373238
0.302142857142857	162.132278	2423.12044604787
0.302857142857143	162.544322	2426.9252798246
0.303571428571429	162.927127	2612.29607763731
0.304285714285714	163.318747	2553.49573566219
0.305	163.732295	2418.09898730019
0.305714285714286	164.141913	2441.29896635405
0.306428571428571	164.530691	2572.16200505171
0.307142857142857	164.915457	2598.98223855529
0.307857142857143	165.289608	2672.71769953854
0.308571428571429	165.681958	2548.74474321383
0.309285714285714	166.071053	2570.06643621739
0.31	166.456711	2592.97097428287
0.310714285714286	166.869671	2421.54203796979
0.311428571428571	167.272119	2484.79306643347
0.312142857142857	167.671361	2504.74649460736
0.312857142857143	168.083691	2425.24191788133
0.313571428571429	168.46769	2604.17344836824
0.314285714285714	168.829227	2765.96862838383
0.315	169.196635	2721.76980359721
0.315714285714286	169.600049	2478.84307436017
0.316428571428571	170.068114	2136.45540683454
0.317142857142857	170.464797	2520.9046014072
0.317857142857143	170.945185	2081.65066571186
0.318571428571429	171.350612	2466.53528255393
0.319285714285714	171.740213	2566.72852482412
0.32	172.161045	2376.24515245995
0.320714285714286	172.59168	2322.15217063177
0.321428571428571	172.979207	2580.46536112319
0.322142857142857	173.352949	2675.64255555977
0.322857142857143	173.748374	2528.92457482445
0.323571428571429	174.144279	2525.85847614959
0.324285714285714	174.541182	2519.50728515544
0.325	174.931911	2559.31860701393
0.325714285714286	175.330541	2508.5919273512
0.326428571428571	175.725957	2528.9821352703
0.327142857142857	176.169578	2254.17642537207
0.327857142857143	176.61403	2249.96175065018
0.328571428571429	177.043888	2326.34963173888
0.329285714285714	177.426227	2615.47997980848
0.33	177.808753	2614.2013876182
0.330714285714286	178.193243	2600.84787640771
0.331428571428571	178.56762	2671.10426121256
0.332142857142857	178.947509	2632.34787003578
0.332857142857143	179.357671	2438.06105880107
0.333571428571429	179.775548	2393.04867221708
0.334285714285714	180.15169	2658.57043350638
0.335	180.544338	2546.81037468669
0.335714285714286	180.956588	2425.71255306246
0.336428571428571	181.36256	2463.22406471388
0.337142857142857	181.759695	2518.03542875854
0.337857142857143	182.183917	2357.25634219811
0.338571428571429	182.568129	2602.72974295447
0.339285714285714	182.969593	2490.8833668772
0.34	183.368222	2508.59822040042
0.340714285714286	183.755684	2580.89825582896
0.341428571428571	184.173509	2393.3464967391
0.342142857142857	184.566942	2541.72883311761
0.342857142857143	184.985187	2390.94310750884
0.343571428571429	185.405627	2378.4606602606
0.344285714285714	185.827321	2371.38778355868
0.345	186.246912	2383.2732351266
0.345714285714286	186.665112	2391.20038259215
0.346428571428571	187.084202	2386.12231262968
0.347142857142857	187.517861	2305.95929059465
0.347857142857143	187.918692	2494.81701764595
0.348571428571429	188.318761	2499.56882437778
0.349285714285714	188.733239	2412.67329025906
0.35	189.167674	2301.84032133687
0.350714285714286	189.573691	2462.95105869956
0.351428571428571	189.973438	2501.58225077367
0.352142857142857	190.353141	2633.63734287057
0.352857142857143	190.751509	2510.24178648884
0.353571428571429	191.158977	2454.18045098023
0.354285714285714	191.570627	2429.24814769824
0.355	191.984342	2417.1228986138
0.355714285714286	192.391874	2453.79503940793
0.356428571428571	192.773494	2620.40773544365
0.357142857142857	193.154854	2622.19425215019
0.357857142857143	193.589798	2299.14655679811
0.358571428571429	193.991049	2492.20562690185
0.359285714285714	194.383461	2548.34204866309
0.36	194.79344	2439.1493222824
0.360714285714286	195.226172	2310.89912463148
0.361428571428571	195.619826	2540.30188947656
0.362142857142857	196.048497	2332.7913481434
0.362857142857143	196.440976	2547.9070217769
0.363571428571429	196.844561	2477.79278218967
0.364285714285714	197.26452	2381.18482994765
0.365	197.662625	2511.90012685104
0.365714285714286	198.047959	2595.15121946156
0.366428571428571	198.443327	2529.28916857194
0.367142857142857	198.849357	2462.87220156154
0.367857142857143	199.225537	2658.30187676109
0.368571428571429	199.632978	2454.34308280214
0.369285714285714	200.03329	2498.05151981464
0.37	200.424293	2557.52513407818
0.370714285714286	200.841584	2396.40922042408
0.371428571428571	201.251675	2438.4831659315
0.372142857142857	201.673691	2369.57840461034
0.372857142857143	202.076114	2484.94743093711
0.373571428571429	202.451747	2662.17291877961
0.374285714285714	202.848259	2521.99176821886
0.375	203.252418	2474.27373880086
0.375714285714286	203.645007	2547.19312054091
0.376428571428571	204.004117	2784.66208125632
0.377142857142857	204.381948	2646.68595218507
0.377857142857143	204.796195	2414.01868933259
0.378571428571429	205.196993	2495.02243025177
0.379285714285714	205.587687	2559.54788146224
0.38	205.990423	2483.01616940127
0.380714285714286	206.414733	2356.76745775483
0.381428571428571	206.84869	2304.3757791671
0.382142857142857	207.277851	2330.12785411539
0.382857142857143	207.700794	2364.38479889723
0.383571428571429	208.120788	2380.98639504372
0.384285714285714	208.56176	2267.71767821999
0.385	209.01146	2223.70469201687
0.385714285714286	209.398416	2584.27314733459
0.386428571428571	209.781321	2611.61384677666
0.387142857142857	210.188131	2458.14999631273
0.387857142857143	210.590261	2486.7580135777
0.388571428571429	210.973688	2608.05837877867
0.389285714285714	211.363494	2565.37867554634
0.39	211.76589	2485.11416614473
0.390714285714286	212.163871	2512.68276626279
0.391428571428571	212.550585	2585.89034790561
0.392142857142857	212.943758	2543.40964410075
0.392857142857143	213.303688	2778.31800627906
0.393571428571429	213.663871	2776.3664581615
0.394285714285714	214.036714	2682.09407176755
0.395	214.46674	2325.44078730124
0.395714285714286	214.862252	2528.36829223876
0.396428571428571	215.281173	2387.0849157718
0.397142857142857	215.654981	2675.17014082098
0.397857142857143	216.047764	2545.93503282978
0.398571428571429	216.430292	2614.18771959172
0.399285714285714	216.815387	2596.76183798817
0.4	217.214114	2507.98165160619
0.400714285714286	217.594471	2629.1089686794
0.401428571428571	217.999816	2467.03425477056
0.402142857142857	218.420919	2374.71592460759
0.402857142857143	218.843844	2364.48542885859
0.403571428571429	219.268917	2352.53709362864
0.404285714285714	219.686821	2392.89406179397
0.405	220.107659	2376.21127369675
0.405714285714286	220.537462	2326.64732447195
0.406428571428571	220.975653	2282.10985620431
0.407142857142857	221.376435	2495.12203641885
0.407857142857143	221.830603	2201.8283983019
0.408571428571429	222.222759	2550.00561001234
0.409285714285714	222.646651	2359.09146669437
0.41	223.0529	2461.54452072496
0.410714285714286	223.463523	2435.32388590011
0.411428571428571	223.873594	2438.60209573471
0.412142857142857	224.262798	2569.34666652959
0.412857142857143	224.674317	2430.02145708948
0.413571428571429	225.081242	2457.45530503163
0.414285714285714	225.46806	2585.19510467451
0.415	225.841472	2678.00713421099
0.415714285714286	226.210196	2712.05562968518
0.416428571428571	226.628641	2389.8003321823
0.417142857142857	227.037825	2443.88832407908
0.417857142857143	227.446886	2444.62317356086
0.418571428571429	227.843688	2520.14858796088
0.419285714285714	228.249506	2464.15881010693
0.42	228.667419	2392.84252942599
0.420714285714286	229.081606	2414.36838915756
0.421428571428571	229.460559	2638.84967265073
0.422142857142857	229.862807	2486.02851971909
0.422857142857143	230.265619	2482.54768974122
0.423571428571429	230.675369	2440.51250762659
0.424285714285714	231.054106	2640.35465243691
0.425	231.43759	2607.67072420225
0.425714285714286	231.811798	2672.31058662555
0.426428571428571	232.215688	2475.92166183868
0.427142857142857	232.627333	2429.27765428954
0.427857142857143	233.02558	2511.004477121
0.428571428571429	233.432581	2456.99642015617
0.429285714285714	233.809016	2656.50112237162
0.43	234.183153	2672.81771115935
0.430714285714286	234.586391	2479.92500706786
0.431428571428571	235.002969	2400.51082870426
0.432142857142857	235.428742	2348.66936137336
0.432857142857143	235.848113	2384.52348874856
0.433571428571429	236.256339	2449.62349286924
0.434285714285714	236.639348	2610.90470458908
0.435	237.045767	2460.51488734533
0.435714285714286	237.433292	2580.47867879503
0.436428571428571	237.839424	2462.25365152208
0.437142857142857	238.247654	2449.59949048329
0.437857142857143	238.631884	2602.60781302864
0.438571428571429	239.048252	2401.72155401005
0.439285714285714	239.458835	2435.56114110909
0.44	239.830815	2688.31657615995
0.440714285714286	240.211496	2626.8713174547
0.441428571428571	240.593295	2619.17920162179
0.442142857142857	241.006553	2419.79586602083
0.442857142857143	241.404719	2511.51529763966
0.443571428571429	241.806169	2490.97023290565
0.444285714285714	242.211444	2467.46036641793
0.445	242.625899	2412.80718051415
0.445714285714286	243.021802	2525.8712361361
0.446428571428571	243.431475	2440.97121362649
0.447142857142857	243.848691	2396.84000613593
0.447857142857143	244.267387	2388.36769398316
0.448571428571429	244.676315	2445.41826434008
0.449285714285714	245.086354	2438.79240755141
0.45	245.472153	2592.02330747364
0.450714285714286	245.877153	2469.13580246913
0.451428571428571	246.286665	2441.93088358823
0.452142857142857	246.731494	2248.05487052329
0.452857142857143	247.126734	2530.10828863475
0.453571428571429	247.546395	2382.87570205481
0.454285714285714	247.935623	2569.1882392839
0.455	248.35403	2390.01737542631
0.455714285714286	248.753234	2504.9849199908
0.456428571428571	249.17519	2369.91534662385
0.457142857142857	249.59535	2380.04569687732
0.457857142857143	249.992794	2516.07773673771
0.458571428571429	250.397877	2468.62988572718
0.459285714285714	250.7854	2580.49199660397
0.46	251.177971	2547.30991336597
0.460714285714286	251.598715	2376.7421519975
0.461428571428571	251.998836	2499.24397869636
0.462142857142857	252.422511	2360.29975806942
0.462857142857143	252.819691	2517.75013847613
0.463571428571429	253.207597	2577.94414110644
0.464285714285714	253.595477	2578.11694338458
0.465	253.985748	2562.32207876057
0.465714285714286	254.39997	2414.16438528135
0.466428571428571	254.806951	2457.11716271766
0.467142857142857	255.186954	2631.55817190925
0.467857142857143	255.570795	2605.24540109043
0.468571428571429	255.999618	2331.96447018936
0.469285714285714	256.420937	2373.49846553334
0.47	256.831793	2433.94279260846
0.470714285714286	257.208539	2654.30820765206
0.471428571428571	257.586398	2646.48982821634
0.472142857142857	257.96843	2617.58177325434
0.472857142857143	258.388663	2379.63225163186
0.473571428571429	258.7732	2600.52998801179
0.474285714285714	259.190114	2398.5762051645
0.475	259.597289	2455.94646036719
0.475714285714286	259.9885	2556.16534299906
0.476428571428571	260.393775	2467.46036641776
0.477142857142857	260.786271	2547.79666544376
0.477857142857143	261.182773	2522.05537424781
0.478571428571429	261.584291	2490.54836893981
0.479285714285714	261.997967	2417.35077693648
0.48	262.408424	2436.30879726739
0.480714285714286	262.793263	2598.48923835682
0.481428571428571	263.187283	2537.94223643499
0.482142857142857	263.587691	2497.45259834951
0.482857142857143	263.995501	2452.12231186101
0.483571428571429	264.396969	2490.85854912457
0.484285714285714	264.81421	2396.69639369099
0.485	265.224367	2438.09077987228
0.485714285714286	265.621637	2517.17975180577
0.486428571428571	266.020843	2504.97237015481
0.487142857142857	266.424351	2478.26561059516
0.487857142857143	266.834211	2439.8575123214
0.488571428571429	267.235859	2489.74226188091
0.489285714285714	267.651128	2408.0776556881
0.49	268.087799	2290.05361015507
0.490714285714286	268.523109	2297.21348004892
0.491428571428571	268.947865	2354.29281752346
0.492142857142857	269.33567	2578.61554131577
0.492857142857143	269.746028	2436.89656348828
0.493571428571429	270.155604	2441.5493095301
0.494285714285714	270.544805	2569.36647130908
0.495	270.93852	2539.90830931012
0.495714285714286	271.347133	2447.30343870605
0.496428571428571	271.752114	2469.25164390416
0.497142857142857	272.146378	2536.37156828913
0.497857142857143	272.559372	2421.34268294473
0.498571428571429	272.973439	2415.06809284494
0.499285714285714	273.369513	2524.78072279423
0.5	273.785854	2401.87730730345
0.500714285714286	274.189429	2477.85417828132
0.501428571428571	274.572976	2607.24239793322
0.502142857142857	274.951159	2644.22250603519
0.502857142857143	275.369959	2387.77459407846
0.503571428571429	275.788113	2391.46343213257
0.504285714285714	276.191462	2479.24254181868
0.505	276.606417	2409.89986866034
0.505714285714286	277.017308	2433.73546755713
0.506428571428571	277.424497	2455.86201984852
0.507142857142857	277.837534	2421.09060447351
0.507857142857143	278.225259	2579.14759172101
0.508571428571429	278.640752	2406.77941625957
0.509285714285714	279.053147	2424.85966124708
0.51	279.433584	2628.55610784459
0.510714285714286	279.84277	2443.87637895738
0.511428571428571	280.249659	2457.67273138353
0.512142857142857	280.646309	2521.1143325352
0.512857142857143	281.04043	2537.29184691984
0.513571428571429	281.428221	2578.70863429017
0.514285714285714	281.825845	2514.93873609234
0.515	282.193692	2718.52155923535
0.515714285714286	282.575992	2615.74679571027
0.516428571428571	282.963831	2578.38948635875
0.517142857142857	283.384717	2375.94027836519
0.517857142857143	283.797222	2424.21303984222
0.518571428571429	284.195529	2510.62622549914
0.519285714285714	284.602605	2456.54374121809
0.52	285.023865	2373.83088828742
0.520714285714286	285.416781	2545.07324720797
0.521428571428571	285.839102	2367.86709635556
0.522142857142857	286.259638	2377.91770502423
0.522857142857143	286.672633	2421.33682005822
0.523571428571429	287.082147	2441.91895759363
0.524285714285714	287.46762	2594.21541845998
0.525	287.857673	2563.75415648665
0.525714285714286	288.27874	2374.91895589035
0.526428571428571	288.690588	2428.08026262138
0.527142857142857	289.082128	2554.01746947936
0.527857142857143	289.489691	2453.60839919238
0.528571428571429	289.865017	2664.35045800163
0.529285714285714	290.271423	2460.5935935985
0.53	290.678467	2456.73686382808
0.530714285714286	291.063667	2596.05399792317
0.531428571428571	291.477115	2418.68384899663
0.532142857142857	291.895793	2388.47037580193
0.532857142857143	292.314985	2385.54170881151
0.533571428571429	292.709249	2536.37156828913
0.534285714285714	293.079788	2698.77124945007
0.535	293.474148	2535.7541332792
0.535714285714286	293.88797	2416.49791456241
0.536428571428571	294.315199	2340.6650765748
0.537142857142857	294.723103	2451.55722915212
0.537857142857143	295.137615	2412.47539275098
0.538571428571429	295.535882	2510.87838058367
0.539285714285714	295.944071	2449.84553723892
0.54	296.361299	2396.77107001467
0.540714285714286	296.793768	2312.30446575348
0.541428571428571	297.24297	2226.16996362431
0.542142857142857	297.697586	2199.65861298333
0.542857142857143	298.105598	2450.90830661852
0.543571428571429	298.510855	2467.5699617773
0.544285714285714	298.920151	2443.21957702993
0.545	299.292757	2683.80004616123
0.545714285714286	299.692662	2500.59389104919
0.546428571428571	300.079304	2586.37188924124
0.547142857142857	300.497025	2393.94236823126
0.547857142857143	300.907249	2437.69257771381
0.548571428571429	301.306525	2504.53320510096
0.549285714285714	301.708474	2487.87781534472
0.55	302.127453	2386.75446740779
0.550714285714286	302.542029	2412.10296785143
0.551428571428571	302.95079	2446.41734412058
0.552142857142857	303.374538	2359.8931440385
0.552857142857143	303.789995	2406.98796746713
0.553571428571429	304.210683	2377.05853268908
0.554285714285714	304.600359	2566.23451277466
0.555	304.971719	2692.80482550638
0.555714285714286	305.374785	2480.98326328711
0.556428571428571	305.75369	2639.18396431801
0.557142857142857	306.157661	2475.42521616643
0.557857142857143	306.564686	2456.85154474555
0.558571428571429	307.084384	1924.19443599935
0.559285714285714	307.480524	2524.36007472104
0.56	307.892891	2425.02431086861
0.560714285714286	308.281889	2570.70730440801
0.561428571428571	308.697022	2408.86655601925
0.562142857142857	309.0914	2535.63839767927
0.562857142857143	309.490019	2508.66115262948
0.563571428571429	309.89796	2451.33487440589
0.564285714285714	310.295884	2513.04269156931
0.565	310.715143	2385.16048552321
0.565714285714286	311.122034	2457.66065113277
0.566428571428571	311.535814	2416.74319686772
0.567142857142857	311.953385	2394.80232104236
0.567857142857143	312.355283	2488.19352173959
0.568571428571429	312.765013	2440.63163546711
0.569285714285714	313.17676	2428.67586163353
0.57	313.575019	2510.92881767897
0.570714285714286	313.992635	2394.54427033442
0.571428571428571	314.383285	2559.83617048513
0.572142857142857	314.784581	2491.92615924404
0.572857142857143	315.178442	2538.96679285322
0.573571428571429	315.590853	2424.76558578721
0.574285714285714	315.975399	2600.46912463008
0.575	316.362533	2583.0849266662
0.575714285714286	316.776351	2416.52127263681
0.576428571428571	317.171535	2530.46682051886
0.577142857142857	317.566934	2529.0908677058
0.577857142857143	317.993462	2344.51196638897
0.578571428571429	318.390195	2520.58689345238
0.579285714285714	318.784691	2534.87994808563
0.58	319.210437	2348.81830950847
0.580714285714286	319.592451	2617.70511028412
0.581428571428571	319.974562	2617.04059815074
0.582142857142857	320.361177	2586.55251348236
0.582857142857143	320.763551	2485.25004100657
0.583571428571429	321.175422	2427.9446719967
0.584285714285714	321.564803	2568.17872469409
0.585	321.982644	2393.25485052921
0.585714285714286	322.38598	2479.32245076051
0.586428571428571	322.772932	2584.29986148147
0.587142857142857	323.183485	2435.73911285514
0.587857142857143	323.611691	2335.32458676438
0.588571428571429	324.023854	2426.22457619943
0.589285714285714	324.41358	2565.90527704044
0.59	324.785153	2691.26120573917
0.590714285714286	325.195805	2435.15190477566
0.591428571428571	325.599494	2477.15444314815
0.592142857142857	326.005922	2460.46040135027
0.592857142857143	326.423911	2392.40745569872
0.593571428571429	326.819315	2529.05888660685
0.594285714285714	327.236445	2397.33416440926
0.595	327.6309	2535.14342573935
0.595714285714286	328.040115	2443.7031878107
0.596428571428571	328.439938	2501.10673973252
0.597142857142857	328.844165	2473.85751075515
0.597857142857143	329.237828	2540.24381260111
0.598571428571429	329.643784	2463.3211481047
0.599285714285714	330.057825	2415.21974876886
0.6	330.451513	2540.08250187968
0.600714285714286	330.87569	2357.50641831099
0.601428571428571	331.294838	2385.7921307032
0.602142857142857	331.718062	2362.81496323489
0.602857142857143	332.123351	2467.37513231275
0.603571428571429	332.540781	2395.61124020813
0.604285714285714	332.951045	2437.45490708398
0.605	333.347792	2520.49794957489
0.605714285714286	333.765372	2394.75070645153
0.606428571428571	334.186348	2375.43232868384
0.607142857142857	334.596813	2436.26131338855
0.607857142857143	334.969718	2681.64814094741
0.608571428571429	335.347841	2644.64208736299
0.609285714285714	335.752691	2470.05063603798
0.61	336.176414	2360.03237964427
0.610714285714286	336.561533	2596.60001194453
0.611428571428571	336.986735	2351.82336865765
0.612142857142857	337.390994	2473.66168718589
0.612857142857143	337.783732	2546.22674658418
0.613571428571429	338.208848	2352.29913717666
0.614285714285714	338.610647	2488.80659235101
0.615	339.0003	2566.38598958554
0.615714285714286	339.397646	2516.69829317504
0.616428571428571	339.77669	2638.21614377247
0.617142857142857	340.230776	2202.22601005087
0.617857142857143	340.642966	2426.06564933641
0.618571428571429	341.05972	2399.49706541494
0.619285714285714	341.452691	2544.71704018879
0.62	341.83269	2631.58587259442
0.620714285714286	342.219282	2586.7063984769
0.621428571428571	342.598813	2634.83088337985
0.622142857142857	342.985281	2587.53635488592
0.622857142857143	343.394141	2445.82497676464
0.623571428571429	343.801691	2453.68666421289
0.624285714285714	344.182274	2627.54773597348
0.625	344.574946	2546.65471436718
0.625714285714286	344.970663	2527.05847866031
0.626428571428571	345.392691	2369.51102770426
0.627142857142857	345.793232	2496.62331696396
0.627857142857143	346.209538	2402.07923978985
0.628571428571429	346.626339	2399.22648938003
0.629285714285714	347.012826	2587.40914959593
0.63	347.403296	2561.01621123266
0.630714285714286	347.790011	2585.88366109421
0.631428571428571	348.171799	2619.25466489236
0.632142857142857	348.550638	2639.64375367921
0.632857142857143	348.943477	2545.57210460277
0.633571428571429	349.350452	2457.15338779996
0.634285714285714	349.734819	2601.68016505061
0.635	350.133013	2511.3386942044
0.635714285714286	350.544294	2431.42766138009
0.636428571428571	350.955763	2430.31674318107
0.637142857142857	351.380842	2352.50388751277
0.637857142857143	351.76462	2605.67307141103
0.638571428571429	352.364509	1666.97505705217
0.639285714285714	352.770878	2460.81763126626
0.64	353.173715	2482.39362322705
0.640714285714286	353.559073	2594.98959409175
0.641428571428571	353.97792	2387.50665517497
0.642142857142857	354.371231	2542.51724462295
0.642857142857143	354.810018	2279.01008917771
0.643571428571429	355.237251	2340.64316192803
0.644285714285714	355.632196	2531.99812632134
0.645	356.033274	2493.28060875949
0.645714285714286	356.420566	2582.03112896728
0.646428571428571	356.829804	2443.56584676878
0.647142857142857	357.246169	2401.73885893396
0.647857142857143	357.623325	2651.42275344941
0.648571428571429	358.015403	2550.51290814603
0.649285714285714	358.403218	2578.54905044938
0.65	358.783733	2628.01729235377
0.650714285714286	359.174512	2558.99114333159
0.651428571428571	359.586146	2429.3425713134
0.652142857142857	360.027513	2265.68819145964
0.652857142857143	360.448351	2376.21127369675
0.653571428571429	360.846313	2512.80272990884
0.654285714285714	361.266746	2378.50026044576
0.655	361.686452	2382.62021510317
0.655714285714286	362.090059	2477.65772149627
0.656428571428571	362.477509	2580.97819073428
0.657142857142857	362.868016	2560.77355847645
0.657857142857143	363.269144	2492.96982509341
0.658571428571429	363.665393	2523.66567486598
0.659285714285714	364.077499	2426.56015685288
0.66	364.48459	2456.45322544569
0.660714285714286	364.894379	2440.28024178303
0.661428571428571	365.281684	2581.94446237482
0.662142857142857	365.692663	2433.21434915167
0.662857142857143	366.089363	2520.7965717166
0.663571428571429	366.45991	2698.71298377813
0.664285714285714	366.873666	2416.88338054292
0.665	367.277206	2478.06908856641
0.665714285714286	367.696277	2386.23049554831
0.666428571428571	368.102104	2464.10416261124
0.667142857142857	368.519985	2393.02576570829
0.667857142857143	368.914202	2536.6739638323
0.668571428571429	369.323112	2445.52591034707
0.669285714285714	369.707976	2598.32044566397
0.67	370.12392	2404.16979208725
0.670714285714286	370.505643	2619.70067300095
0.671428571428571	370.930112	2355.88464646424
0.672142857142857	371.353062	2364.34566733648
0.672857142857143	371.76737	2413.66326501054
0.673571428571429	372.207178	2273.71944121086
0.674285714285714	372.618948	2428.54020448314
0.675	373.201114	1717.72312364506
0.675714285714286	373.585871	2599.04303235563
0.676428571428571	373.990329	2472.44460487877
0.677142857142857	374.39612	2464.32276713862
0.677857142857143	374.810356	2414.08279338338
0.678571428571429	375.197829	2580.82498651519
0.679285714285714	375.580136	2615.69890166824
0.68	375.976436	2523.34090335607
0.680714285714286	376.380793	2473.06217030987
0.681428571428571	376.798274	2395.31858934892
0.682142857142857	377.206752	2448.11226063581
0.682857142857143	377.613638	2457.6908519832
0.683571428571429	378.041989	2334.53406201912
0.684285714285714	378.472728	2321.59149740321
0.685	378.870161	2516.14737578423
0.685714285714286	379.285237	2409.19735181028
0.686428571428571	379.681941	2520.77115431153
0.687142857142857	380.100421	2389.60045880336
0.687857142857143	380.499699	2504.52065979068
0.688571428571429	380.904296	2471.59519225323
0.689285714285714	381.301977	2514.57826750565
0.69	381.704583	2483.81792621079
0.690714285714286	382.115437	2433.95464082148
0.691428571428571	382.536362	2375.72014016743
0.692142857142857	382.941502	2468.28256898839
0.692857142857143	383.330243	2572.40682099405
0.693571428571429	383.73058	2497.89552302198
0.694285714285714	384.138136	2453.65054127531
0.695	384.523917	2592.14424764304
0.695714285714286	384.916337	2548.29009734458
0.696428571428571	385.321885	2465.79936283738
0.697142857142857	385.73935	2395.41039368574
0.697857142857143	386.159634	2379.34349154392
0.698571428571429	386.570174	2435.81624202255
0.699285714285714	386.966754	2521.55933229127
0.7	387.389589	2364.98870717881
0.700714285714286	387.786488	2519.53267707893
0.701428571428571	388.200037	2418.09314011163
0.702142857142857	388.607171	2456.19378386486
0.702857142857143	388.98969	2614.24922683578
0.703571428571429	389.397759	2450.56595820798
0.704285714285714	389.812365	2411.92843325957
0.705	390.200359	2577.35944370279
0.705714285714286	390.597925	2515.30563478779
0.706428571428571	391.004154	2461.66571071949
0.707142857142857	391.413925	2440.38743590946
0.707857142857143	391.812116	2511.35761481301
0.708571428571429	392.218463	2460.95086219424
0.709285714285714	392.60995	2554.36323556056
0.71	393.047193	2287.05776879236
0.710714285714286	393.463735	2400.71829491388
0.711428571428571	393.883441	2382.62021510284
0.712142857142857	394.299652	2402.62751344885
0.712857142857143	394.717114	2395.42760778226
0.713571428571429	395.141947	2353.86610738789
0.714285714285714	395.558718	2399.39919044281
0.715	395.963319	2471.57075736334
0.715714285714286	396.375114	2428.39276824643
0.716428571428571	396.758887	2605.70701951401
0.717142857142857	397.170326	2430.49394928547
0.717857142857143	397.601461	2319.45910213747
0.718571428571429	398.032275	2321.18733374466
0.719285714285714	398.414769	2614.42009547895
0.72	398.829405	2411.75392392346
0.720714285714286	399.24469	2407.98487785507
0.721428571428571	399.653641	2445.28073045425
0.722142857142857	400.074409	2376.60658605212
0.722857142857143	400.49618	2370.95485464873
0.723571428571429	400.868933	2682.74165466107
0.724285714285714	401.263608	2533.73028441155
0.725	401.661786	2511.43960741157
0.725714285714286	402.078346	2400.61455732665
0.726428571428571	402.488691	2436.97376597737
0.727142857142857	402.86906	2629.0260247288
0.727857142857143	403.27243	2479.11346902351
0.728571428571429	403.680266	2451.96598632765
0.729285714285714	404.107474	2340.78013520342
0.73	404.524502	2397.92052332241
0.730714285714286	404.9148	2562.14482267376
0.731428571428571	405.32869	2416.10089637354
0.732142857142857	405.74857	2381.63284748036
0.732857142857143	406.169801	2373.99431665741
0.733571428571429	406.582494	2423.10870307959
0.734285714285714	406.955874	2678.23664899032
0.735	407.362984	2456.33858171017
0.735714285714286	407.748759	2592.18456354076
0.736428571428571	408.17017	2372.98029714472
0.737142857142857	408.559691	2567.25568069499
0.737857142857143	408.971691	2427.18446601921
0.738571428571429	409.369266	2515.24869521499
0.739285714285714	409.771814	2484.17580015288
0.74	410.189311	2395.22679204898
0.740714285714286	410.598691	2442.71825687626
0.741428571428571	411.003901	2467.85617334215
0.742142857142857	411.387237	2608.67750485185
0.742857142857143	411.783438	2523.9714185479
0.743571428571429	412.23482	2215.41842607802
0.744285714285714	412.637409	2483.92280961491
0.745	413.056207	2387.78599706791
0.745714285714286	413.45069	2534.96348385078
0.746428571428571	413.852453	2489.02960202895
0.747142857142857	414.261642	2443.85846149353
0.747857142857143	414.658691	2518.58083007399
0.748571428571429	415.078214	2383.65953714084
0.749285714285714	415.499575	2373.26188232898
0.75	415.902759	2480.25715306157
0.750714285714286	416.31612	2419.19290886169
0.751428571428571	416.689305	2679.63610541704
0.752142857142857	417.063691	2671.04004957439
0.752857142857143	417.456691	2544.52926208669
0.753571428571429	417.840156	2607.79992958939
0.754285714285714	418.261158	2375.28562809653
0.755	418.662964	2488.76323399871
0.755714285714286	419.080607	2394.38946660187
0.756428571428571	419.460972	2629.05367213044
0.757142857142857	419.834615	2676.35149059426
0.757857142857143	420.249836	2408.35603208876
0.758571428571429	420.65412	2473.50872159199
0.759285714285714	421.086008	2315.41510762041
0.76	421.516437	2323.26353475252
0.760714285714286	421.911421	2531.74812144275
0.761428571428571	422.331014	2383.26187519832
0.762142857142857	422.755583	2355.32975794265
0.762857142857143	423.156731	2492.84553331951
0.763571428571429	423.575242	2389.42345601416
0.764285714285714	423.987887	2423.39056574054
0.765	424.400561	2423.22026587584
0.765714285714286	424.797103	2521.80096938022
0.766428571428571	425.206161	2444.64110223969
0.767142857142857	425.615227	2444.59329301387
0.767857142857143	426.040477	2351.55790711343
0.768571428571429	426.467475	2341.93134394089
0.769285714285714	426.886331	2387.45535458484
0.77	427.277851	2554.14793624838
0.770714285714286	427.662988	2596.47865564731
0.771428571428571	428.084536	2372.20909599839
0.772142857142857	428.499292	2411.05613903108
0.772857142857143	428.913629	2413.49432949514
0.773571428571429	429.336691	2363.71973847828
0.774285714285714	429.731358	2533.78164376533
0.775	430.12773	2522.88254468034
0.775714285714286	430.545691	2392.567727611
0.776428571428571	430.946353	2495.86933624844
0.777142857142857	431.375157	2332.06779787494
0.777857142857143	431.802182	2341.78326795847
0.778571428571429	432.23582	2306.0709624158
0.779285714285714	432.657243	2372.9127266428
0.78	433.054743	2515.72327044038
0.780714285714286	433.459691	2469.45286802227
0.781428571428571	433.856293	2521.41945829842
0.782142857142857	434.2803	2358.45162933621
0.782857142857143	434.673813	2541.21210735106
0.783571428571429	435.07021	2522.72343130764
0.784285714285714	435.470763	2496.54852166878
0.785	435.898272	2339.13204166438
0.785714285714286	436.319382	2374.67645033365
0.786428571428571	436.742465	2363.60241371099
0.787142857142857	437.16459	2368.96653834768
0.787857142857143	437.580776	2402.77183759162
0.788571428571429	438.001374	2377.56717816071
0.789285714285714	438.422572	2374.18031424648
0.79	438.816019	2541.63839093969
0.790714285714286	439.212247	2523.79942861176
0.791428571428571	439.605304	2544.16026174321
0.792142857142857	440.007861	2484.12026123008
0.792857142857143	440.405974	2511.84965072716
0.793571428571429	440.823627	2394.33213696553
0.794285714285714	441.228271	2471.30811281016
0.795	441.646249	2392.47041710326
0.795714285714286	442.064691	2389.81746574214
0.796428571428571	442.463815	2505.4870165661
0.797142857142857	442.855623	2552.27049983686
0.797857142857143	443.243398	2578.81503449143
0.798571428571429	443.657158	2416.86001546809
0.799285714285714	444.041806	2599.77953869494
0.8	444.462622	2376.3355005513
0.800714285714286	444.879323	2399.80225629414
0.801428571428571	445.30138	2369.34821599929
0.802142857142857	445.707483	2462.42948217552
0.802857142857143	446.107113	2502.31464104295
0.803571428571429	446.494344	2582.43787300097
0.804285714285714	446.895582	2492.28637367362
0.805	447.314357	2387.91713927537
0.805714285714286	447.704108	2565.74069085103
0.806428571428571	448.108214	2474.59824897455
0.807142857142857	448.501693	2541.43169012823
0.807857142857143	448.892423	2559.31205691898
0.808571428571429	449.269906	2649.12592090251
0.809285714285714	449.644119	2672.27488088337
0.81	450.054689	2435.63825900573
0.810714285714286	450.464523	2440.01229766204
0.811428571428571	450.885799	2373.74073054225
0.812142857142857	451.308871	2363.6638680887
0.812857142857143	451.72192	2421.02026636064
0.813571428571429	452.13498	2420.95579334737
0.814285714285714	452.568294	2307.79527086595
0.815	453.010969	2258.99361834299
0.815714285714286	453.38316	2686.792533941
0.816428571428571	453.792754	2441.44201331058
0.817142857142857	454.206678	2415.90243619597
0.817857142857143	454.607228	2496.56722007234
0.818571428571429	454.984231	2652.49878648179
0.819285714285714	455.365696	2621.47248109269
0.82	455.779852	2414.54910709979
0.820714285714286	456.175465	2527.72279980708
0.821428571428571	456.552032	2655.56992513932
0.822142857142857	456.927265	2665.01080661896
0.822857142857143	457.342965	2405.58094779881
0.823571428571429	457.773424	2323.10161943422
0.824285714285714	458.185942	2424.13664373413
0.825	458.597229	2431.39219085447
0.825714285714286	459.008128	2433.6880839332
0.826428571428571	459.410127	2487.56837703583
0.827142857142857	459.827801	2394.21175366415
0.827857142857143	460.227619	2501.13801779821
0.828571428571429	460.635365	2452.50719810878
0.829285714285714	461.026567	2556.22415018314
0.83	461.42662	2499.66879388472
0.830714285714286	461.804456	2646.6509279158
0.831428571428571	462.190361	2591.31133310025
0.832142857142857	462.60221	2428.07436706161
0.832857142857143	462.992345	2563.21529726898
0.833571428571429	463.369941	2648.33313912236
0.834285714285714	463.770753	2494.93528137861
0.835	464.188897	2391.52062447396
0.835714285714286	464.584465	2528.01035473025
0.836428571428571	464.983526	2505.88255930822
0.837142857142857	465.38461	2493.24331062804
0.837857142857143	465.782862	2510.97295179928
0.838571428571429	466.201804	2386.96526010784
0.839285714285714	466.603587	2488.90570282949
0.84	467.008105	2472.07788034157
0.840714285714286	467.404959	2519.81837149166
0.841428571428571	467.806573	2489.95303948571
0.842142857142857	468.22641	2381.87677598703
0.842857142857143	468.630401	2475.30266763357
0.843571428571429	469.027734	2516.78063488306
0.844285714285714	469.426753	2506.1463238592
0.845	469.835537	2446.27969783572
0.845714285714286	470.222003	2587.54974564396
0.846428571428571	470.601269	2636.6718872768
0.847142857142857	471.003575	2485.67011180538
0.847857142857143	471.393872	2562.15138727703
0.848571428571429	471.81673	2364.86007122948
0.849285714285714	472.208611	2551.79506023504
0.85	472.594046	2594.47118191153
0.850714285714286	473.000749	2458.79671406411
0.851428571428571	473.410804	2438.69724793016
0.852142857142857	473.822046	2431.65824502352
0.852857142857143	474.234398	2425.11252522118
0.853571428571429	474.637689	2479.59909841762
0.854285714285714	475.040212	2484.33008797029
0.855	475.427593	2581.43791254601
0.855714285714286	475.793204	2735.14746547559
0.856428571428571	476.163352	2701.62205388135
0.857142857142857	476.529827	2728.69909270728
0.857857142857143	476.947204	2395.91544335224
0.858571428571429	477.369486	2368.08578153938
0.859285714285714	477.789534	2380.6803032034
0.86	478.209505	2381.11679139764
0.860714285714286	478.639292	2326.73394030048
0.861428571428571	479.031178	2551.76250236038
0.862142857142857	479.432959	2488.91809219468
0.862857142857143	479.841532	2447.54303392545
0.863571428571429	480.25917	2394.41813244957
0.864285714285714	480.659767	2496.27431059141
0.865	481.08654	2343.16603908856
0.865714285714286	481.497691	2432.19644364259
0.866428571428571	481.896573	2507.00708480193
0.867142857142857	482.278836	2615.99997907184
0.867857142857143	482.695176	2401.8830763319
0.868571428571429	483.107713	2424.02499654585
0.869285714285714	483.512772	2468.77615359741
0.87	483.912171	2503.76190225804
0.870714285714286	484.325883	2417.14042619034
0.871428571428571	484.713693	2578.58229545395
0.872142857142857	485.111129	2516.12838293444
0.872857142857143	485.505266	2537.18884550296
0.873571428571429	485.895982	2559.40376129978
0.874285714285714	486.324109	2335.75551179897
0.875	486.744011	2381.50806616794
0.875714285714286	487.144334	2497.98287882526
0.876428571428571	487.528907	2600.28655157806
0.877142857142857	487.924832	2525.73088337452
0.877857142857143	488.309957	2596.55955858476
0.878571428571429	488.727791	2393.29494488226
0.879285714285714	489.136929	2444.16309411504
0.88	489.530974	2537.78121788117
0.880714285714286	489.918413	2581.05146874752
0.881428571428571	490.326744	2448.9935860856
0.882142857142857	490.73423	2454.07204173882
0.882857142857143	491.109162	2667.15030992286
0.883571428571429	491.502445	2542.69826054014
0.884285714285714	491.949039	2239.170253071
0.885	492.357339	2449.17952485919
0.885714285714286	492.779972	2366.11906784394
0.886428571428571	493.16685	2584.79417283985
0.887142857142857	493.541933	2666.07657505167
0.887857142857143	493.937417	2528.54729900571
0.888571428571429	494.536845	1668.2570717416
0.889285714285714	494.948758	2427.69711079785
0.89	495.360618	2428.00951779737
0.890714285714286	495.776466	2404.72480329328
0.891428571428571	496.19539	2387.06782137124
0.892142857142857	496.622818	2339.57532028775
0.892857142857143	497.025142	2485.55890277475
0.893571428571429	497.419253	2537.35622705272
0.894285714285714	497.813012	2539.62449112282
0.895	498.246554	2306.58159993732
0.895714285714286	498.620717	2672.63198124874
0.896428571428571	499.004269	2607.20840981139
0.897142857142857	499.425296	2375.14458692684
0.897857142857143	499.82726	2487.78497576885
0.898571428571429	500.239911	2423.35532932197
0.899285714285714	500.642385	2484.63254769262
0.9	501.030691	2575.28856108327
0.900714285714286	501.426691	2525.25252525243
0.901428571428571	501.836044	2442.87937305938
0.902142857142857	502.243145	2456.39288530358
0.902857142857143	502.662284	2385.84335984021
0.903571428571429	503.072211	2439.45873289645
0.904285714285714	503.491597	2384.43820251493
0.905	503.91178	2379.915417806
0.905714285714286	504.341935	2324.74340644675
0.906428571428571	504.764159	2368.41108037424
0.907142857142857	505.18312	2386.85701055725
0.907857142857143	505.595728	2423.60787963374
0.908571428571429	505.989352	2540.49549824205
0.909285714285714	506.379691	2561.87570291476
0.91	506.779717	2499.83751056166
0.910714285714286	507.165228	2593.95970542988
0.911428571428571	507.55347	2575.71308616796
0.912142857142857	507.973133	2382.86434591557
0.912857142857143	508.366342	2543.17678384806
0.913571428571429	508.757465	2556.74046271856
0.914285714285714	509.160987	2478.17962837247
0.915	509.541963	2624.83726008965
0.915714285714286	509.931288	2568.54812817065
0.916428571428571	510.353031	2371.11226505246
0.917142857142857	510.773574	2377.87812423457
0.917857142857143	511.186307	2422.87386760931
0.918571428571429	511.573883	2580.13912110125
0.919285714285714	511.948912	2666.46046039118
0.92	512.348844	2500.42507226242
0.920714285714286	512.737035	2576.05147981273
0.921428571428571	513.157173	2380.17032498873
0.922142857142857	513.543276	2589.98246581838
0.922857142857143	513.955983	2423.02650548721
0.923571428571429	514.348608	2546.95956701644
0.924285714285714	514.767417	2387.72328197335
0.925	515.19665	2329.73699599077
0.925714285714286	515.605106	2448.24411931762
0.926428571428571	516.02897	2359.24730573969
0.927142857142857	516.464057	2298.39089653298
0.927857142857143	516.889327	2351.44731582314
0.928571428571429	517.310591	2373.80834820883
0.929285714285714	517.694974	2601.57186972398
0.93	518.088399	2541.78051725247
0.930714285714286	518.506848	2389.77748781805
0.931428571428571	518.878114	2693.48661067812
0.932142857142857	519.257061	2638.89145447753
0.932857142857143	519.635127	2645.04081297982
0.933571428571429	520.050279	2408.75631094133
0.934285714285714	520.452717	2484.8548099337
0.935	520.864205	2430.20452601313
0.935714285714286	521.283191	2386.71459189557
0.936428571428571	521.680589	2516.36898021589
0.937142857142857	522.092946	2425.08311972435
0.937857142857143	522.484861	2551.57368306877
0.938571428571429	522.885117	2498.40102334498
0.939285714285714	523.291493	2460.77524263299
0.94	523.682279	2558.94530510273
0.940714285714286	524.105628	2362.11730746956
0.941428571428571	524.524401	2387.92854362633
0.942142857142857	524.943746	2384.67133267345
0.942857142857143	525.363623	2381.64986412728
0.943571428571429	525.782035	2389.98881485241
0.944285714285714	526.199432	2395.8006406368
0.945	526.601277	2488.52169368799
0.945714285714286	527.02727	2347.4564136027
0.946428571428571	527.416369	2570.04001552312
0.947142857142857	527.802828	2587.59661438896
0.947857142857143	528.182488	2633.93562661288
0.948571428571429	528.595419	2421.71210202214
0.949285714285714	529.007566	2426.31876490667
0.95	529.412311	2470.69142299443
0.950714285714286	529.811025	2508.06342390832
0.951428571428571	530.233745	2365.63209689614
0.952142857142857	530.664283	2322.67535037581
0.952857142857143	531.096037	2316.13372429634
0.953571428571429	531.759665	1506.86830573751
0.954285714285714	532.183545	2359.1582523359
0.955	532.597735	2414.35090176028
0.955714285714286	533.024649	2342.39214455365
0.956428571428571	533.404634	2631.68282958515
0.957142857142857	533.815367	2434.67167235133
0.957857142857143	534.236248	2375.96850416146
0.958571428571429	534.642878	2459.23812802824
0.959285714285714	535.022402	2634.87948061214
0.96	535.411543	2569.7626310258
0.960714285714286	535.819938	2448.60980178547
0.961428571428571	536.22742	2454.09613185324
0.962142857142857	536.626556	2505.41168924879
0.962857142857143	536.997723	2694.20503439225
0.963571428571429	537.387974	2562.45339537864
0.964285714285714	537.791303	2479.36548078625
0.965	538.210525	2385.37099675118
0.965714285714286	538.6183	2452.33278155837
0.966428571428571	539.040475	2368.68597145712
0.967142857142857	539.457744	2396.53556818245
0.967857142857143	539.878493	2376.71390781677
0.968571428571429	540.303011	2355.61271842463
0.969285714285714	540.731473	2333.92926327145
0.97	541.152412	2375.64112614906
0.970714285714286	541.532121	2633.59572725475
0.971428571428571	541.937437	2467.21076888105
0.972142857142857	542.348231	2434.31014084913
0.972857142857143	542.763588	2407.56746605948
0.973571428571429	543.185262	2371.50025849387
0.974285714285714	543.589389	2474.46965929017
0.975	543.988803	2503.66787343471
0.975714285714286	544.398438	2441.1976515673
0.976428571428571	544.802447	2475.19238432823
0.977142857142857	545.200928	2509.52993994728
0.977857142857143	545.603133	2486.29430265672
0.978571428571429	545.99614	2544.48394048954
0.979285714285714	546.417648	2372.43421239919
0.98	546.821184	2478.09365211511
0.980714285714286	547.718634	1114.26820435687
0.981428571428571	548.150147	2317.42728492539
0.982142857142857	548.572669	2366.74066675778
0.982857142857143	548.997533	2353.6943586656
0.983571428571429	549.42238	2353.78854034511
0.984285714285714	549.850026	2338.38268100261
0.985	550.274058	2358.31258018257
0.985714285714286	551.1821	1101.27064607141
0.986428571428571	551.598944	2398.9789945401
0.987142857142857	552.024392	2350.46351140404
0.987857142857143	552.432657	2449.38948967021
0.988571428571429	552.842709	2438.71508979311
0.989285714285714	553.496714	1529.04029785709
0.99	553.894832	2511.81810418046
0.990714285714286	554.306469	2429.32486632615
0.991428571428571	554.729343	2364.77059360483
0.992142857142857	555.152792	2361.5594794178
0.992857142857143	555.565121	2425.24779969394
0.993571428571429	555.991165	2347.17540911241
0.994285714285714	556.402586	2430.60028535236
0.995	556.785956	2608.44614862917
0.995714285714286	557.196494	2435.82810848219
0.996428571428571	557.580051	2607.17442257607
0.997142857142857	558.003468	2361.73795572702
0.997857142857143	558.40069	2517.48392586478