#% Complete	time_depth_0	rate_depth_00.0	0.0	0.0
0.00130718954248366	0.107059	9340.6439439935
0.00261437908496732	0.834772	1374.16811297861
0.00392156862745098	1.598739	1308.95706228149
0.00522875816993464	3.409284	552.319881582617
0.0065359477124183	6.751269	299.223365754185
0.00784313725490196	12.623092	170.304861028679
0.00915032679738562	21.442337	113.388390956369
0.0104575163398693	35.379568	71.7502637360319
0.0117647058823529	51.458055	62.1949067720116
0.0130718954248366	72.810766	46.8324607587299
0.0143790849673203	104.716098	31.3427235297222
0.0156862745098039	141.687457	27.0479643445079
0.0169934640522876	196.831017	18.134483881708
0.0183006535947712	268.192811	14.0131006235634
0.0196078431372549	364.244207	10.411092827844
0.0209150326797386	498.154867	7.46766538227801
0.0222222222222222	682.217	5.43294801435339
0.0235294117647059	917.666519	4.24719491569656
0.0248366013071895	1176.219962	3.86767234037568
0.0261437908496732	1479.088755	3.30175978216415
0.0274509803921569	1791.130379	3.20470066519074
0.0287581699346405	2232.651091	2.26489940974728
0.0300653594771242	2687.650033	2.19780730830798
0.0313725490196078	3340.572649	1.53157506800163
0.0326797385620915	4080.629851	1.35124689996598