#% Complete	time_depth_1_nohash	rate_depth_1_nohash0.0	0.0	0.0
0.00130718954248366	0.43133	2318.41049776273
0.00261437908496732	1.881494	689.577178857012
0.00392156862745098	4.998753	320.794646835569
0.00522875816993464	13.639397	115.732114411842
0.0065359477124183	31.936071	54.6547421678935
0.00784313725490196	51.39998	51.3771411487795
0.00915032679738562	83.754657	30.9074326410367
0.0104575163398693	125.846158	23.7577652552709
0.0117647058823529	190.648802	15.4314691233895
0.0130718954248366	247.265282	17.6627017433793
0.0143790849673203	325.73764	12.7433407824957
0.0156862745098039	439.611814	8.78162242476508
0.0169934640522876	559.381341	8.34936920139961
0.0183006535947712	689.147883	7.70614662753362
0.0196078431372549	839.935601	6.63183986908005
0.0209150326797386	1077.525125	4.20893978473563
0.0222222222222222	1326.896405	4.01008488226872
0.0235294117647059	1606.534466	3.5760511155883
0.0248366013071895	1914.317226	3.24904487827713
0.0261437908496732	2195.81264	3.55245574267153
0.0274509803921569	2523.253719	3.05398456129569
0.0287581699346405	2900.333373	2.65195957775012
0.0300653594771242	3367.162009	2.14211366416691
0.0313725490196078	3855.609883	2.04730136669609