#% Complete	time_depth_0	rate_depth_00.0	0.0	0.0
0.00606060606060606	1.794934	557.123548832436
0.0121212121212121	15.022947	75.5971437282379
0.0181818181818182	52.166263	26.9227443236355
0.0242424242424242	141.195955	11.2322077897338
0.0303030303030303	313.544551	5.80219406022896
0.0363636363636364	585.246157	3.68050824108857
0.0424242424242424	1014.274401	2.33084887530155
0.0484848484848485	1606.442893	1.68870855763126
0.0545454545454545	2387.045296	1.28106190316199
0.0606060606060606	3387.543821	0.99950172340334
0.0666666666666667	4575.222324	0.84197869833803