#% Complete	time_depth_1_nohash	rate_depth_1_nohash0.0	0.0	0.0
0.00606060606060606	2.048742	488.104407485179
0.0121212121212121	16.891216	67.3742126817942
0.0181818181818182	57.19037	24.8144166996657
0.0242424242424242	156.007823	10.1196698522477
0.0303030303030303	345.623475	5.27382623455579
0.0363636363636364	636.053844	3.44316609672455
0.0424242424242424	1090.865658	2.19871157524505
0.0484848484848485	1722.13955	1.58409845975382
0.0545454545454545	2508.089941	1.27234493608134
0.0606060606060606	3505.176063	1.00292239349812
0.0666666666666667	4747.089449	0.805209132354098