#% Complete	time_depth_1_nohash	rate_depth_1_nohash0.0	0.0	0.0
0.000714285714285714	1.372763	728.457861990744
0.00142857142857143	4.343151	336.65635600467
0.00214285714285714	8.824098	223.167111773471
0.00285714285714286	15.88797	141.565419078941
0.00357142857142857	24.738525	112.987264640466
0.00428571428571429	35.735482	90.9342466284082
0.005	52.222857	60.6524689345636
0.00571428571428571	72.395435	49.5722460460929
0.00642857142857143	95.271623	43.7135767550083
0.00714285714285714	121.532785	38.0790461594959
0.00785714285714286	151.188255	33.7205918503399
0.00857142857142857	183.931026	30.5410925666615
0.00928571428571429	224.278733	24.7845559104511
0.01	269.554096	22.0870675294199
0.0107142857142857	318.536543	20.4154765889912
0.0114285714285714	370.590722	19.2107534728384
0.0121428571428571	425.671967	18.1549999459889
0.0128571428571429	483.376165	17.3297616925548
0.0135714285714286	544.202505	16.4402461170605
0.0142857142857143	609.675871	15.2733861277271
0.015	678.078075	14.6194119709944
0.0157142857142857	750.621095	13.7849237597222
0.0164285714285714	825.36196	13.3795615022652
0.0171428571428571	907.102346	12.2338546333755
0.0178571428571429	1023.392815	8.59915699540261
0.0185714285714286	1163.087855	7.15845029286652
0.0192857142857143	1359.846224	5.08237593695443
0.02	1633.890997	3.64903876491744
0.0207142857142857	2026.530617	2.54686473056387
0.0214285714285714	2635.340743	1.64254823843058
0.0221428571428571	3481.783624	1.18141462636981
0.0228571428571429	4351.877585	1.14930116150984