#% Complete	time_depth_infty	rate_depth_infty0.0	0.0	0.0
0.000393700787401575	2.797158	357.505725454193
0.00078740157480315	21.799301	52.6256433287551
0.00118110236220472	51.131014	34.0927923302672
0.0015748031496063	77.391019	38.080723899329
0.00196850393700787	103.193421	38.7560817012308
0.00236220472440945	130.745525	36.2948688056636
0.00275590551181102	160.722265	33.3591978313853
0.0031496062992126	185.853733	39.7907515788572
0.00354330708661417	210.895693	39.9329764922554
0.00393700787401575	236.189827	39.5348581611847
0.00433070866141732	261.729427	39.1548810474714
0.0047244094488189	287.251216	39.1822062317026
0.00511811023622047	312.83236	39.0912931806334
0.00551181102362205	339.25545	37.8456872379423
0.00590551181102362	366.127818	37.2129467711963
0.0062992125984252	391.979488	38.6822205296602
0.00669291338582677	418.683002	37.4482549375337
0.00708661417322835	445.478456	37.319763270292
0.00748031496062992	472.251837	37.3505311114797
0.0078740157480315	498.89709	37.5301371692737
0.00826771653543307	528.28278	34.0301691061193
0.00866141732283465	557.895539	33.7692276494737
0.00905511811023622	586.131148	35.4162717014532
0.0094488188976378	614.563215	35.1715547096875
0.00984251968503937	642.179647	36.21032579444
0.0102362204724409	687.502121	22.0641088568996
0.0106299212598425	761.803117	13.4587697855356
0.0110236220472441	854.850343	10.7472306589774
0.0114173228346457	971.198301	8.59490804299289
0.0118110236220472	1151.600237	5.54317776279296
0.0122047244094488	1409.170855	3.8824304098226
0.0125984251968504	1768.315204	2.78439575280635
0.012992125984252	2244.953244	2.09802809696012
0.0133858267716535	2933.48026	1.45237583531508
0.0137795275590551	3845.26293	1.09675258469214