#% Complete	time_depth_1	rate_depth_10.0	0.0	0.0
0.000261437908496732	0.801989	12468.9989513572
0.000522875816993464	2.134422	7505.06779702995
0.000784313725490196	3.447861	7613.60063162431
0.00104575163398693	5.718199	4404.63049995199
0.00130718954248366	7.891295	4601.72951402055
0.00156862745098039	11.110995	3105.87942976054
0.00183006535947712	15.021889	2556.96012216133
0.00209150326797386	19.455337	2255.58075791122
0.00235294117647059	23.914373	2242.63719781585
0.00261437908496732	28.813274	2041.27415516256
0.00287581699346405	34.423668	1782.40601283974
0.00313725490196078	41.242339	1466.56144577147
0.00339869281045752	48.07903	1462.69591531927
0.00366013071895425	55.995294	1263.22214620432
0.00392156862745098	63.431463	1344.77847396959
0.00418300653594771	71.167345	1292.67742191517
0.00444444444444444	78.218132	1418.2813918503
0.00470588235294118	87.260263	1105.93398834854
0.00496732026143791	96.60814	1069.76161539139
0.00522875816993464	106.39597	1021.67691919455
0.00549019607843137	116.918258	950.363647145945
0.0057516339869281	127.653987	931.469115883979
0.00601307189542484	139.443033	848.245057318462
0.00627450980392157	153.684644	702.167753353186
0.0065359477124183	167.804363	708.229391817217
0.00679738562091503	181.59755	724.995608339102
0.00705882352941176	197.268657	638.117013686398
0.0073202614379085	213.218419	626.968603042477
0.00758169934640523	230.313207	584.973618859737
0.00784313725490196	246.552445	615.792440507369
0.00810457516339869	262.730817	618.109164506787
0.00836601307189543	278.837979	620.841834210148
0.00862745098039216	298.10949	518.900671566439
0.00888888888888889	316.26419	550.821550342336
0.00915032679738562	334.842231	538.269885398572
0.00941176470588235	355.082638	494.061211318529
0.00967320261437908	376.515294	466.577730730153
0.00993464052287582	398.597868	452.845759737972
0.0101960784313725	421.246233	441.532976000696
0.0104575163398693	446.910377	389.648686509864
0.010718954248366	471.252781	410.805769224764
0.0109803921568627	496.738265	392.380227112815
0.0112418300653595	522.133966	393.767433314796
0.0115032679738562	547.7502	390.377445802533
0.0117647058823529	576.082683	352.951769176037
0.0120261437908497	609.521843	299.050574236912
0.0122875816993464	640.98649	317.817009038747
0.0125490196078431	672.644568	315.87514567372
0.0128104575163399	708.627198	277.911870255176
0.0130718954248366	745.908827	268.228622735343
0.0133333333333333	784.694203	257.829136425028
0.0135947712418301	822.539108	264.236361539287
0.0138562091503268	862.157506	252.407984795347
0.0141176470588235	908.483426	215.861876029661
0.0143790849673203	954.713261	216.310527606253
0.014640522875817	997.800117	232.089340656464
0.0149019607843137	1045.11843	211.334668672571
0.0151633986928105	1098.780237	186.352278446382
0.0154248366013072	1154.720031	178.763618614684
0.0156862745098039	1204.215085	202.040389732679
0.0159477124183007	1251.194636	212.858569039964
0.0162091503267974	1299.081215	208.826777957974
0.0164705882352941	1351.620255	190.334654002052
0.0167320261437909	1401.267422	201.421362068857
0.0169934640522876	1454.226091	188.826497886493
0.0172549019607843	1506.948939	189.671089088358
0.017516339869281	1564.087065	175.014490324727
0.0177777777777778	1624.221226	166.294828658207
0.0180392156862745	1683.781784	167.896345094685
0.0183006535947712	1745.551773	161.890914372674
0.018562091503268	1808.67369	158.423578929011
0.0188235294117647	1880.751166	138.739597374359
0.0190849673202614	1954.013536	136.495720790905
0.0193464052287582	2027.275015	136.497380840482
0.0196078431372549	2101.16129	135.34313375522
0.0198692810457516	2186.563	117.09367411964
0.0201307189542484	2268.682996	121.773021031321
0.0203921568627451	2354.244261	116.87531735301
0.0206535947712418	2434.384104	124.781876600382
0.0209150326797386	2519.083058	118.065212470038
0.0211764705882353	2612.149588	107.450014521869
0.021437908496732	2704.806605	107.924907619247
0.0216993464052288	2806.614018	98.2246744645206
0.0219607843137255	2910.035092	96.692091981176
0.0222222222222222	3001.459923	109.379474816858
0.022483660130719	3102.005668	99.4572172099377
0.0227450980392157	3207.372183	94.9068117133796
0.0230065359477124	3312.849001	94.8075623593422
0.0232679738562091	3418.577906	94.5815148657787
0.0235294117647059	3520.818034	97.8089542297913