#% Complete	time_depth_infty	rate_depth_infty0.0	0.0	0.0
0.00606060606060606	0.140902	7097.13133951257
0.0121212121212121	0.551288	2436.73029781718
0.0181818181818182	1.063655	1951.72600889597
0.0242424242424242	1.520141	2190.64768689511
0.0303030303030303	2.134893	1626.67221904117
0.0363636363636364	2.887607	1328.52584115614
0.0424242424242424	3.763727	1141.39615577775
0.0484848484848485	4.742588	1021.5955074316
0.0545454545454545	5.795789	949.486375345257
0.0606060606060606	7.004429	827.376224516812
0.0666666666666667	8.433366	699.82091582764
0.0727272727272727	10.009442	634.48716940046
0.0787878787878788	11.737573	578.659835394423
0.0848484848484849	13.601386	536.534512850806
0.0909090909090909	15.582041	504.88348551363
0.096969696969697	17.649068	483.786617204323
0.103030303030303	19.869958	450.269936827128
0.109090909090909	22.220672	425.402664892454
0.115151515151515	24.732935	398.047497415677
0.121212121212121	27.376801	378.23399521761
0.127272727272727	30.182782	356.381600588172
0.133333333333333	33.152501	336.732195874424
0.139393939393939	36.334312	314.286423675071
0.145454545454545	39.810834	287.643800326878
0.151515151515152	43.048216	308.891567321991
0.157575757575758	46.487945	290.720577115231
0.163636363636364	50.009201	283.989576446587
0.16969696969697	53.588372	279.394306670455
0.175757575757576	57.383031	263.528290684354
0.181818181818182	61.219007	260.689847903115
0.187878787878788	65.339945	242.663199494872
0.193939393939394	69.244705	256.09768590131
0.2	73.254931	249.36250475659
0.206060606060606	77.291924	247.709124093106
0.212121212121212	81.320225	248.243614367447
0.218181818181818	85.38545	245.988844405905
0.224242424242424	89.433862	247.010432732637
0.23030303030303	93.580258	241.173298450028
0.236363636363636	97.564766	250.972014612594
0.242424242424242	101.500097	254.108231302526
0.248484848484848	105.593203	244.313242803875
0.254545454545455	109.641802	246.99902361286
0.260606060606061	113.601333	252.55516373025
0.266666666666667	117.473394	258.260394141518
0.272727272727273	121.566478	244.314555968067
0.278787878787879	125.509466	253.61477133585
0.284848484848485	129.425284	255.374483696637
0.290909090909091	133.442645	248.91962659069
0.296969696969697	137.612843	239.796767443656
0.303030303030303	141.642538	248.157738985208
0.309090909090909	145.700551	246.426021799339
0.315151515151515	149.594712	256.79472420375
0.321212121212121	153.519451	254.794013054115
0.327272727272727	157.267579	266.79985315336
0.333333333333333	161.283879	248.985384557926
0.339393939393939	165.250672	252.092811497853
0.345454545454545	169.289056	247.623801996047
0.351515151515152	173.129308	260.399577944363
0.357575757575758	177.169859	247.490998133671
0.363636363636364	181.174584	249.705035926312
0.36969696969697	185.30668	242.007930115855
0.375757575757576	189.352479	247.169965685394
0.381818181818182	193.41929	245.892912161396
0.387878787878788	197.443486	248.496842599117
0.393939393939394	201.36724	254.857975296107
0.4	205.441531	245.441476811549
0.406060606060606	209.504038	246.153422012565
0.412121212121212	213.62863	242.448222757549
0.418181818181818	217.504935	257.977635918742
0.424242424242424	221.45608	253.091192553045
0.43030303030303	225.416467	252.500576332564
0.436363636363636	229.514411	244.024808538136
0.442424242424242	233.43026	255.372462012707
0.448484848484848	237.259888	261.12196798227
0.454545454545455	241.264604	249.705597101018
0.460606060606061	245.38796	242.520898025783
0.466666666666667	249.434871	247.10204894548
0.472727272727273	253.473776	247.591859674838
0.478787878787879	257.524171	246.889500900527
0.484848484848485	261.499731	251.536890400348
0.490909090909091	265.477076	251.424002695264
0.496969696969697	269.453559	251.478505000526
0.503030303030303	273.558007	243.638121374665
0.509090909090909	277.467433	255.792026757889
0.515151515151515	281.301479	260.821075177506
0.521212121212121	285.18105	257.760458566163
0.527272727272727	289.315681	241.859551674626
0.533333333333333	293.456304	241.509550615934
0.539393939393939	297.476057	248.771504119778
0.545454545454545	301.40925	254.246359128578
0.551515151515152	305.396147	250.821628951036
0.557575757575758	309.396969	249.948635555392
0.563636363636364	313.48531	244.59799219292
0.56969696969697	317.639726	240.707719207707
0.575757575757576	321.64409	249.727547245954
0.581818181818182	325.602008	252.658089429846
0.587878787878788	329.566742	252.223730520133
0.593939393939394	333.532991	252.127387866974
0.6	337.548701	249.02196622764
0.606060606060606	341.589202	247.494060761277
0.612121212121212	345.693043	243.674157941305
0.618181818181818	349.794566	243.811871833951
0.624242424242424	353.91399	242.752384799426
0.63030303030303	358.039822	242.375356049398
0.636363636363636	362.142096	243.767237390776
0.642424242424242	366.229231	244.670166265609
0.648484848484848	370.22461	250.289146536539
0.654545454545455	374.203736	251.311468900457
0.660606060606061	378.22887	248.438933958473
0.666666666666667	382.208196	251.298838044432
0.672727272727273	386.201354	250.428357705856
0.678787878787879	390.275401	245.45617662241
0.684848484848485	394.296293	248.701034496823
0.690909090909091	398.366088	245.712621888818
0.696969696969697	402.486432	242.698182481852
0.703030303030303	406.59884	243.166534059849
0.709090909090909	410.657872	246.364157759781
0.715151515151515	414.696966	247.580274190203
0.721212121212121	418.709378	249.22664970596
0.727272727272727	422.58198	258.224315331141
0.733333333333333	426.633229	246.83745679419
0.739393939393939	430.544747	255.655221323282
0.745454545454545	434.646648	243.7894039861
0.751515151515151	438.673022	248.362422368117
0.757575757575758	442.515858	260.224480045468
0.763636363636364	446.413478	256.566827961678
0.76969696969697	450.396692	251.053546206658
0.775757575757576	454.357199	252.492925779452
0.781818181818182	458.265842	255.84326836705
0.787878787878788	462.248832	251.067665246462
0.793939393939394	466.361638	243.14300261184
0.8	470.26608	256.118543955835
0.806060606060606	474.287479	248.66967938272
0.812121212121212	478.27367	250.866052329156
0.818181818181818	482.373876	243.890185029727
0.824242424242424	486.468841	244.202331399658
0.83030303030303	490.480408	249.279147026585
0.836363636363636	494.544285	246.070439631909
0.842424242424242	498.596095	246.803280509205
0.848484848484849	502.553721	252.676730949311
0.854545454545454	506.575154	248.667576955777
0.860606060606061	510.576545	249.913092722005
0.866666666666667	514.518935	253.653240800628
0.872727272727273	518.520982	249.872127938531
0.878787878787879	522.471476	253.132899328537
0.884848484848485	526.455152	251.024430701697
0.890909090909091	530.381652	254.679740226663
0.896969696969697	534.265983	257.44458955738
0.903030303030303	538.307286	247.444945355497
0.909090909090909	542.185868	257.826184930469
0.915151515151515	546.369144	239.047100884571
0.921212121212121	550.411193	247.399276950872
0.927272727272727	554.501448	244.483534645153
0.933333333333333	558.495228	250.38935544772
0.939393939393939	562.639373	241.304297991505
0.945454545454545	566.773181	241.907703502434
0.951515151515152	570.935447	240.253746396798
0.957575757575758	574.98927	246.680725823496
0.963636363636364	579.188245	238.153358855434
0.96969696969697	583.386984	238.166744825057
0.975757575757576	587.59044	237.899480808175
0.981818181818182	591.746342	240.621650847392
0.987878787878788	595.888245	241.434915303427
0.993939393939394	599.919053	248.089216851809