#% Complete	time_depth_infty	time_depth_1	rate_depth_infty	rate_depth_1
0.0	0.0	0.0	0	0
0.00130718954248366	0.056715	0.044088	17632.0197478621	22681.9089094538
0.00261437908496732	0.116073	0.115401	16846.9288048789	14022.6887103333
0.00392156862745098	0.1715	0.187195	18041.7486062749	13928.7405632783
0.00522875816993464	0.229287	0.277166	17304.9301746067	11114.6925120317
0.0065359477124183	0.293024	0.382632	15689.4739319391	9481.72870877818
0.00784313725490196	0.352027	0.48057	16948.2907648764	10210.5413629031
0.00915032679738562	0.412201	0.556762	16618.473094692	13124.7375052499
0.0104575163398693	0.473006	0.617495	16446.0159526355	16465.512983057
0.0117647058823529	0.533953	0.687262	16407.6984921325	14333.4241116861
0.0130718954248366	0.596748	0.752151	15924.8347798391	15410.9325155265
0.0143790849673203	0.657898	0.824469	16353.2297628782	13827.8160347355
0.0156862745098039	0.719741	0.908748	16169.9788173278	11865.3519856667
0.0169934640522876	0.780981	0.995378	16329.1966035271	11543.3452614568
0.0183006535947712	0.839559	1.079417	17071.2554201236	11899.2372588917
0.0196078431372549	0.889207	1.169324	20141.7982597486	11122.6044690625
0.0209150326797386	0.915316	1.283771	38300.969014516	8737.66896467361
0.0222222222222222	0.941459	1.399281	38251.1570975022	8657.25911176522
0.0235294117647059	0.967538	1.523496	38345.0285670463	8050.55750110695
0.0248366013071895	0.997787	1.655161	33058.9440973256	7595.03284851706
0.0261437908496732	1.022809	1.767668	39964.8309487649	8888.33583688127
0.0274509803921569	1.047804	1.879911	40008.0016003203	8909.24155626632
0.0287581699346405	1.075464	2.005064	36153.2899493854	7990.21997075579
0.0300653594771242	1.103745	2.154183	35359.428591634	6706.05355454368
0.0313725490196078	1.133615	2.297551	33478.406427854	6975.05719546902
0.0326797385620915	1.162476	2.444649	34648.8340667336	6798.18896246039
0.0339869281045752	1.191675	2.586146	34247.7482105552	7067.28764567448
0.0352941176470588	1.221447	2.732646	33588.6067445923	6825.9385665529
0.0366013071895425	1.251032	2.915518	33800.9126246409	5468.30570016186
0.0379084967320261	1.280082	3.080195	34423.4079173835	6072.49342652588
0.0392156862745098	1.308158	3.217908	35617.6093460607	7261.47858226891
0.0405228758169935	1.337422	3.365018	34171.6785128486	6797.63442322072
0.0418300653594771	1.367922	3.57843	32786.8852459017	4685.77212153019
0.0431372549019608	1.397921	3.793118	33334.4444814826	4657.92219406767
0.0444444444444444	1.42778	3.983328	33490.7398104426	5257.34714263183
0.0457516339869281	1.457575	4.21521	33562.6783017285	4312.53827377719
0.0470588235294118	1.486784	4.424638	34236.0231435516	4774.91070916974
0.0483660130718954	1.528153	4.677407	24172.6896951824	3956.1813355277
0.0496732026143791	1.556855	4.903983	34840.7776461571	4413.53011792951
0.0509803921568627	1.584287	5.085133	36453.7766112571	5520.28705492687
0.0522875816993464	1.612146	5.314122	35895.0428945762	4367.02199668979
0.0535947712418301	1.638158	5.485209	38443.7951714594	5844.97945489722
0.0549019607843137	1.664982	5.710028	37280.0477184611	4448.02263153915
0.0562091503267974	1.693244	5.934274	35383.2000566131	4459.38835029388
0.057516339869281	1.723458	6.20248	33097.2396902099	3728.47736441393
0.0588235294117647	1.753264	6.490821	33550.2918875394	3468.11587668766
0.0601307189542484	1.785595	6.851544	30930.0671182455	2772.21025551463
0.061437908496732	1.817195	7.161672	31645.5696202533	3224.47505546096
0.0627450980392157	1.84927	7.537563	31176.9290724863	2660.34568531835
0.0640522875816993	1.881419	7.884029	31105.166568167	2886.2861002234
0.065359477124183	1.91165	8.269753	33078.6278985146	2592.52729931246
0.0666666666666667	1.940827	8.609798	34273.5716489015	2940.78724874649
0.0679738562091503	1.970333	9.032362	33891.4119162204	2366.50542876346
0.069281045751634	1.999201	9.40753	34640.4323125954	2665.472534971
0.0705882352941176	2.028556	9.771154	34065.7468915006	2750.09350317911
0.0718954248366013	2.060543	10.168251	31262.7004720668	2518.276390907
0.073202614379085	2.091155	10.601397	32666.9280020906	2308.69037229941
0.0745098039215686	2.122097	10.939722	32318.5314459311	2955.73782605483
0.0758169934640523	2.156068	11.346377	29436.8726266524	2459.0869410188
0.077124183006536	2.189278	11.75958	30111.4122252334	2420.11795654921
0.0784313725490196	2.223177	12.130558	29499.3952623968	2695.57763533147
0.0797385620915033	2.256884	12.487812	29667.4281306556	2799.12891108288
0.0810457516339869	2.290043	12.897382	30157.7249012335	2441.58507703201
0.0823529411764706	2.322977	13.292508	30363.7578186676	2530.83826424989
0.0836601307189542	2.382041	13.683502	16930.786942977	2557.5840038466
0.0849673202614379	2.412836	14.099297	32472.8040266278	2405.03132553302
0.0862745098039216	2.444174	14.491509	31910.1410428231	2549.64152040223
0.0875816993464052	2.475508	14.85299	31914.2145911792	2766.39712737323
0.0888888888888889	2.506562	15.238429	32201.9707606104	2594.44425706792
0.0901960784313725	2.536196	15.654383	33745.0226091655	2404.11199315309
0.0915032679738562	2.562364	15.99869	38214.6132681134	2904.38474965655
0.0928104575163399	2.590203	16.369559	35920.8304896013	2696.36987723429
0.0941176470588235	2.620923	16.765223	32552.0833333332	2527.39698329896
0.0954248366013072	2.651941	17.170164	32239.3448965117	2469.49555614274
0.0967320261437909	2.682874	17.595486	32327.9345682603	2351.15982714272
0.0980392156862745	2.71519	18.017408	30944.4238148288	2370.10632296966
0.0993464052287582	2.745921	18.381362	32540.4314861212	2747.59997142496
0.100653594771242	2.777347	18.82463	31820.7853369824	2255.97155671061
0.101960784313725	2.8076	19.185812	33054.5731001883	2768.6872546251
0.103267973856209	2.83794	19.601565	32959.7890573498	2405.27428545313
0.104575163398693	2.866105	19.963568	35505.0594709746	2762.40804634217
0.105882352941176	2.895299	20.391831	34253.6137562514	2335.01376490614
0.10718954248366	2.922291	20.719238	37048.0142264376	3054.30244313652
0.108496732026144	2.950568	21.10509	35364.4304558474	2591.66727138903
0.109803921568627	2.979025	21.491343	35140.7386583267	2588.9766551975
0.111111111111111	3.00628	21.882789	36690.5155017431	2554.63077921349
0.112418300653595	3.034425	22.366166	35530.2895718596	2068.7786137942
0.113725490196078	3.062977	22.765281	35023.8161950127	2505.54351502699
0.115032679738562	3.093147	23.162566	33145.5087835598	2517.08471248602
0.116339869281046	3.126182	23.585206	30270.924776752	2366.0798788567
0.117647058823529	3.159493	24.05528	30020.1134760291	2127.3246339938
0.118954248366013	3.192987	24.4598	29856.0936287095	2472.06565806387
0.120261437908497	3.225911	24.887049	30372.980196817	2340.55550744414
0.12156862745098	3.258932	25.246738	30283.7588201446	2780.17954399496
0.122875816993464	3.292696	25.696619	29617.3439165974	2222.81003198625
0.124183006535948	3.325926	26.138924	30093.2891965095	2260.8833271159
0.125490196078431	3.356471	26.494552	32738.5824193812	2811.92706985952
0.126797385620915	3.387738	26.950992	31982.601464803	2190.86846025764
0.128104575163399	3.417746	27.295035	33324.4468141828	2906.61341750886
0.129411764705882	3.445598	27.662842	35904.0643400836	2718.81720576279
0.130718954248366	3.47361	28.041593	35698.9861487935	2640.25705542693
0.13202614379085	3.502547	28.443993	34557.8325327436	2485.08946322068
0.133333333333333	3.530536	28.869544	35728.3218407228	2349.89460722685
0.134640522875817	3.558005	29.282149	36404.6743601879	2423.62550138753
0.135947712418301	3.587447	29.776128	33965.0838937573	2024.37755451143
0.137254901960784	3.615051	30.173565	36226.6338211851	2516.1220520485
0.138562091503268	3.644884	30.539618	33519.9275969564	2731.84484214034
0.139869281045752	3.678846	30.998051	29444.6734585715	2181.34383868526
0.141176470588235	3.711817	31.602591	30329.6836613995	1654.15026300989
0.142483660130719	3.74472	32.220016	30392.3654378019	1619.62991456452
0.143790849673203	3.777883	32.690137	30154.0873865452	2127.1119562836
0.145098039215686	3.811666	33.194385	29600.6867359326	1983.1511478479
0.14640522875817	3.845968	33.743614	29152.8190776046	1820.73415642654
0.147712418300654	3.94332	34.137218	10272.0026296327	2540.62458714853
0.149019607843137	3.977014	34.50861	29678.8745770759	2692.5728071687
0.150326797385621	4.007824	34.788996	32456.9944823107	3566.51188005107
0.151633986928105	4.041332	35.214719	29843.6194341655	2348.94520615515
0.152941176470588	4.07465	35.57556	30013.8063509211	2771.30370440166
0.154248366013072	4.108066	36.012562	29925.7840555424	2288.31904659475
0.155555555555556	4.141542	36.367372	29872.1472099412	2818.40985316084
0.156862745098039	4.175542	36.744386	29411.7647058825	2652.42139549198
0.158169934640523	4.208029	37.119237	30781.5433865857	2667.72664338631
0.159477124183007	4.241395	37.476485	29970.6287837919	2799.1759226084
0.16078431372549	4.275916	37.854646	28967.874627038	2644.37633706275
0.162091503267974	4.309518	38.264771	29760.133325398	2438.28101188662
0.163398692810458	4.343376	38.699415	29535.1172544152	2300.73347383146
0.164705882352941	4.378697	39.168416	28311.7692024577	2132.19161579613
0.166013071895425	4.413762	39.585547	28518.4657065447	2397.32841721187
0.167320261437908	4.446681	39.945731	30377.5934870442	2776.35874997221
0.168627450980392	4.480472	40.3624	29593.6787902105	2399.98656007527
0.169934640522876	4.513922	40.778872	29895.366218236	2401.12180410689
0.171241830065359	4.54906	41.242342	28459.2179406911	2157.63695600578
0.172549019607843	4.58326	41.683268	29239.7660818711	2267.9542598985
0.173856209150327	4.617153	42.045539	29504.6174726345	2760.36447852575
0.17516339869281	4.651202	42.491221	29369.4381626483	2243.75227179915
0.176470588235294	4.684588	42.875881	29952.6747738572	2599.69843498156
0.177777777777778	4.71746	43.377214	30421.0270138718	1994.68217731527
0.179084967320261	4.751234	43.847856	29608.5746432165	2124.7572464846
0.180392156862745	4.784283	44.266883	30258.1016067051	2386.48106207953
0.181699346405229	4.816616	44.667983	30928.1538984943	2493.1438544004
0.183006535947712	4.850421	45.085829	29581.4228664398	2393.22621252808
0.184313725490196	4.883831	45.555037	29931.1583358277	2131.25095906292
0.18562091503268	4.917831	46.010361	29411.7647058825	2196.23828306874
0.186928104575163	4.949684	46.382586	31394.2171851937	2686.54711532003
0.188235294117647	4.984291	46.811032	28895.8881151217	2334.01642213958
0.189542483660131	5.018229	47.292172	29465.495904296	2078.39714012552
0.190849673202614	5.051254	47.706744	30280.0908402722	2412.12624103895
0.192156862745098	5.085193	48.18736	29464.6277144287	2080.66314895885
0.193464052287582	5.119269	48.654257	29346.167390539	2141.80001156571
0.194771241830065	5.152341	49.053669	30237.0585389455	2503.68041020301
0.196078431372549	5.183447	49.453177	32148.1386227734	2503.07878690791
0.197385620915033	5.213632	49.888777	33129.0376014573	2295.68411386593
0.198692810457516	5.245671	50.311851	31211.9604232349	2363.65269432771
0.2	5.276995	50.774131	31924.4030136631	2163.19113956909
0.201307189542484	5.309997	51.146525	30301.1938670386	2685.32790539053
0.202614379084967	5.343049	51.570081	30255.3551978704	2360.96289510711
0.203921568627451	5.377347	52.033422	29156.2190215168	2158.23766944864
0.205228758169935	5.410485	52.448507	30176.8362604872	2409.14511485601
0.206535947712418	5.444894	52.910716	29062.163968729	2163.52342771343
0.207843137254902	5.478795	53.39127	29497.6549364324	2080.93159145487
0.209150326797386	5.513811	53.898596	28558.3733150555	1971.11916203783
0.210457516339869	5.546921	54.329191	30202.3557837514	2322.36788629685
0.211764705882353	5.580489	54.716543	29790.2764537657	2581.63117784341
0.213071895424837	5.61368	55.160722	30128.64933265	2251.34461557166
0.21437908496732	5.64747	55.59207	29594.5546019534	2318.31375130985
0.215686274509804	5.680706	56.02716	30087.8565411004	2298.37504884046
0.216993464052288	5.714279	56.478484	29785.839811753	2215.70313123167
0.218300653594771	5.748282	56.931876	29409.1697791377	2205.59692275117
0.219607843137255	5.781423	57.35059	30174.104583446	2388.26502099288
0.220915032679739	5.813768	57.705787	30916.679548617	2815.33909351709
0.222222222222222	5.847501	58.156813	29644.5617051546	2217.16708127692
0.223529411764706	5.880921	58.598685	29922.2022740878	2263.09881594668
0.22483660130719	5.915611	59.090542	28826.7512251366	2033.1112498145
0.226143790849673	5.948429	59.537851	30471.082942288	2235.59105674152
0.227450980392157	5.977619	60.013191	34258.3076396028	2103.75731055667
0.228758169934641	6.007865	60.526777	33062.2231038815	1947.09357342294
0.230065359477124	6.037879	60.995092	33317.7850336505	2135.31490556571
0.231372549019608	6.068384	61.513116	32781.5112276678	1930.41249054099
0.232679738562092	6.101393	61.895463	30294.7680935504	2615.42525506933
0.233986928104575	6.135593	62.353062	29239.7660818711	2185.31946092539
0.235294117647059	6.16955	62.821159	29449.0090408458	2136.30935468503
0.236601307189542	6.203348	63.206767	29587.5495591455	2593.30719279685
0.237908496732026	6.236911	63.679203	29794.7144176623	2116.68882134299
0.23921568627451	6.269332	64.035388	30844.2059159185	2807.52979490998
0.240522875816993	6.302704	64.529908	29965.2403212274	2022.16290544363
0.241830065359477	6.337257	65.068494	28941.0470870837	1856.71369103543
0.243137254901961	6.371372	65.537823	29312.6190825151	2130.70149085182
0.244444444444444	6.40576	66.035237	29079.9115970689	2010.39777730425
0.245751633986928	6.438897	66.451353	30177.7469294143	2403.17603745108
0.247058823529412	6.4718	66.926613	30392.3654378019	2104.11143374151
0.248366013071895	6.506	67.3949	29239.7660818711	2135.44258115214
0.249673202614379	6.5397	67.917251	29673.5905044514	1914.42152881879
0.250980392156863	6.573766	68.350997	29354.7818939704	2305.49676538797
0.252287581699346	6.607497	68.859615	29646.319409445	1966.11209198259
0.25359477124183	6.641686	69.383469	29249.173710843	1908.92882367988
0.254901960784314	6.676065	69.874657	29087.5243608013	2035.8803553833
0.256209150326797	6.70927	70.347126	30115.9463936157	2116.54097940816
0.257516339869281	6.743222	70.840411	29453.3459000941	2027.2256403499
0.258823529411765	6.776401	71.308447	30139.5460984361	2136.5877838457
0.260130718954248	6.810298	71.744533	29501.1357937276	2293.12566787283
0.261437908496732	6.843686	72.231395	29950.8805558888	2053.9701188427
0.262745098039216	6.878921	72.77429	28380.8712927486	1841.97680951201
0.264052287581699	6.913711	73.329157	28743.8919229663	1802.23368843344
0.265359477124183	6.947169	73.733757	29888.2180644394	2471.57686604052
0.266666666666667	6.982303	74.285214	28462.4580178742	1813.37801496762
0.26797385620915	7.017019	74.807084	28805.1618850094	1916.18602333912
0.269281045751634	7.051187	75.265596	29267.150550223	2180.9680008375
0.270588235294118	7.084656	75.706762	29878.394932624	2266.72046349902
0.271895424836601	7.118695	76.209614	29378.0663356738	1988.6567021708
0.273202614379085	7.152222	76.668333	29826.7068332983	2179.98382452001
0.274509803921569	7.376601	77.229188	4456.74506081229	1782.99203894058
0.275816993464052	7.410832	77.668824	29213.2862025648	2274.60899471377
0.277124183006536	7.438399	78.044732	36275.2566474403	2660.22537429374
0.27843137254902	7.467101	78.496805	34840.7776461581	2212.03212755463
0.279738562091503	7.49538	78.97798	35361.9293468647	2078.24596040938
0.281045751633987	7.523577	79.414823	35464.7657552216	2289.15193788159
0.282352941176471	7.552716	79.860463	34318.2676138511	2243.96373754601
0.283660130718954	7.583972	80.316048	31993.8571794216	2194.98008055577
0.284967320261438	7.617284	80.77337	30019.2122958697	2186.64310923155
0.286274509803922	7.649517	81.163562	31024.1057301517	2562.8408578341
0.287581699346405	7.681464	81.564647	31301.8436785929	2493.23709438152
0.288888888888889	7.714865	82.048931	29939.223376546	2064.90406455715
0.290196078431373	7.747503	82.382156	30639.1322997729	3000.97531697803
0.291503267973856	7.781985	82.839737	29000.6380140366	2185.40542548749
0.29281045751634	7.814799	83.243064	30474.7973425976	2479.37777535347
0.294117647058824	7.848383	83.710599	29776.0838494519	2138.8773033035
0.295424836601307	7.882852	84.173084	29011.5756186722	2162.23228861476
0.296732026143791	7.916699	84.551074	29544.7159275558	2645.57263419669
0.298039215686275	7.949293	84.902334	30680.4933423334	2846.89403860391
0.299346405228758	7.980889	85.284313	31649.5758956826	2617.94496556093
0.300653594771242	8.013614	85.717455	30557.677616501	2308.71169270122
0.301960784313725	8.047277	86.199446	29706.2056263563	2074.72753640631
0.303267973856209	8.081187	86.604669	29489.8260100261	2467.77700179897
0.304575163398693	8.114703	87.099827	29836.4960019091	2019.55739380156
0.305882352941176	8.150103	87.669097	28248.5875706221	1756.63569132401
0.30718954248366	8.183813	88.148408	29664.7878967656	2086.32808343639
0.308496732026144	8.215831	88.51515	31232.4317571376	2726.71251179302
0.309803921568627	8.24881	88.925815	30322.326328875	2435.07481767381
0.311111111111111	8.27897	89.284412	33156.4986737416	2788.64574996442
0.312418300653595	8.310969	89.719635	31250.9765930178	2297.67268733503
0.313725490196078	8.34316	90.175038	31064.5832686162	2195.85729562605
0.315032679738562	8.375481	90.645019	30939.636768663	2127.74558971531
0.316339869281046	8.406466	91.133364	32273.6808132974	2047.73264802549
0.317647058823529	8.436679	91.557146	33098.335153742	2359.70380997776
0.318954248366013	8.467596	92.009443	32344.6647475493	2210.93661907993
0.320261437908497	8.496944	92.422561	34073.872154833	2420.61590151
0.32156862745098	8.527649	92.934183	32567.9856700851	1954.56802092169
0.322875816993464	8.556863	93.389603	34230.1636201825	2195.77532826846
0.324183006535948	8.588292	93.890781	31817.7479398016	1995.29907537837
0.325490196078431	8.618999	94.341495	32565.8644608707	2218.70188190298
0.326797385620915	8.648829	94.737811	33523.2986925928	2523.23903147994
0.328104575163399	8.678556	95.185108	33639.4523497144	2235.65103275896
0.329411764705882	8.708099	95.592742	33848.965914091	2453.18103985437
0.330718954248366	8.735976	95.967827	35871.8656957346	2666.06235919859
0.33202614379085	8.76746	96.441653	31762.1649091613	2110.47937428506
0.333333333333333	8.801332	96.842994	29522.9097779872	2491.64675425634
0.334640522875817	8.836895	97.320295	28119.1125608077	2095.11398467635
0.335947712418301	8.869509	97.723711	30661.6790335433	2478.83078509533
0.337254901960784	8.903351	98.128132	29549.0810235802	2472.6708059176
0.338562091503268	8.937746	98.575645	29073.9933129816	2234.57195656886
0.339869281045752	8.972445	99.019327	28819.2743306725	2253.86650799442
0.341176470588235	9.005784	99.441693	29994.9008668528	2367.61481748059
0.342483660130719	9.040233	99.882787	29028.4188220264	2267.09046144363
0.343790849673203	9.075158	100.389291	28632.7845382968	1974.31807053841
0.345098039215686	9.110533	100.887269	28268.551236749	2008.1208406797
0.34640522875817	9.1449	101.338807	29097.6809148314	2214.65303030974
0.347712418300654	9.178576	101.735468	29694.7380924102	2521.04441828164
0.349019607843137	9.212401	102.178652	29563.9320029562	2256.39914798367
0.350326797385621	9.248098	102.666042	28013.5585623436	2051.74500913024
0.351633986928105	9.282008	103.186243	29489.8260100276	1922.33386710137
0.352941176470588	9.316933	103.658096	28632.7845382954	2119.304105304
0.354248366013072	9.352257	104.180469	28309.3647378559	1914.34090199914
0.355555555555556	9.386773	104.653615	28972.0709236296	2113.5125310158
0.356862745098039	9.421455	105.131048	28833.400611268	2094.53473052761
0.358169934640523	9.455357	105.546421	29496.7848504518	2407.47472753412
0.359477124183007	9.490453	105.988602	28493.2755869606	2261.51734244571
0.36078431372549	9.52535	106.483554	28655.7583746461	2020.39793757779
0.362091503267974	9.558878	106.909073	29825.8172273916	2350.07132466466
0.363398692810458	9.592595	107.2979	29658.62917816	2571.83786105394
0.364705882352941	9.626023	107.813367	29915.0412827564	1939.98839886937
0.366013071895425	9.659721	108.3064	29675.3516529177	2028.2617999201
0.367320261437909	9.693159	108.759926	29906.0948621326	2204.94525120943
0.368627450980392	9.728312	109.240288	28447.0742184157	2081.76333681676
0.369934640522876	9.761208	109.612564	30398.8326848257	2686.17907144162
0.371241830065359	9.794648	110.037745	29904.3062200952	2351.93952693091
0.372549019607843	9.828151	110.475987	29848.0733068684	2281.84427781909
0.373856209150327	9.86283	110.979719	28835.8949219984	1985.18259709528
0.37516339869281	9.89824	111.475319	28240.6099971769	2017.75625504441
0.376470588235294	9.931876	111.928656	29730.0511356868	2205.86451138996
0.377777777777778	9.966871	112.412189	28575.5107872565	2068.11117338426
0.379084967320261	10.001344	112.900661	29008.2093232383	2047.20024893954
0.380392156862745	10.034861	113.355138	29835.6058119762	2200.33136990432
0.381699346405229	10.069373	113.783252	28975.4288363458	2335.82643875225
0.383006535947712	10.103092	114.272749	29656.8700139391	2042.91343971465
0.384313725490196	10.137788	114.724989	28821.7661978324	2211.2152839201
0.38562091503268	10.172908	115.243729	28473.8041002285	1927.74800478078
0.386928104575163	10.207646	115.77693	28786.919223904	1875.46534983996
0.388235294117647	10.242457	116.273996	28726.5519519696	2011.80527334397
0.389542483660131	10.276779	116.779255	29135.8312452658	1979.18295369302
0.390849673202614	10.312681	117.346521	27853.6014706701	1762.84141831172
0.392156862745098	10.347202	117.860056	28967.8746270388	1947.28694246739
0.393464052287582	10.382751	118.420606	28130.1865031354	1783.96218000176
0.394771241830065	10.417285	118.821627	28956.9699426661	2493.634996671
0.396078431372549	10.451928	119.400381	28865.8603469669	1727.84982911568
0.397385620915033	10.486471	119.86538	28949.4253539073	2150.54225923064
0.398692810457516	10.521163	120.409055	28825.0893577772	1839.33416103373
0.4	10.554943	120.863289	29603.3155713439	2201.50847360612
0.401307189542484	10.589408	121.361535	29014.9426954875	2007.04069877125
0.402614379084967	10.624622	121.85688	28397.7963310048	2018.79498127568
0.403921568627451	10.659606	122.258138	28584.4957694949	2492.16215003814
0.405228758169935	10.693791	122.684391	29252.5961679107	2346.02454410877
0.406535947712418	10.726332	123.192619	30730.4631080789	1967.62083159531
0.407843137254902	10.759328	123.737603	30306.7038428894	1834.9162544221
0.409150326797386	10.792102	124.201979	30511.9912125467	2153.42739504201
0.410457516339869	10.822739	124.658657	32640.2715670589	2189.72667831596
0.411764705882353	10.856337	125.576453	29763.6764093105	1089.56674467965
0.413071895424837	10.89449	126.524007	26210.2586952537	1055.34882444695
0.41437908496732	10.932758	127.468562	26131.4936761782	1058.69959928219
0.415686274509804	10.970686	128.384932	26365.7456232856	1091.2622630597
0.416993464052288	11.008952	129.351508	26132.8594574817	1034.57979507043
0.418300653594771	11.047645	130.311502	25844.4679916274	1041.67317712403
0.419607843137255	11.085708	131.222337	26272.2328770715	1097.89369095388
0.420915032679739	11.124705	132.157634	25642.998179347	1069.17909498267
0.422222222222222	11.162964	133.112732	26137.6408165399	1047.01297667884
0.423529411764706	11.201973	134.049774	25635.1098464456	1067.1880235891
0.42483660130719	11.240683	134.986062	25833.1180573495	1068.04743839503
0.426143790849673	11.280005	135.943465	25431.0564060841	1044.49223576697
0.427450980392157	11.318799	136.936535	25777.1820384588	1006.97836003505
0.42875816993464	11.357869	137.897038	25595.0857435368	1041.12116255752
0.430065359477124	11.396921	138.848062	25606.8831301855	1051.49817459918
0.431372549019608	11.435604	139.806822	25851.1490835775	1043.01389294504
0.432679738562092	11.472999	140.731741	26741.5429870303	1081.17575701225
0.433986928104575	11.507731	141.623418	28791.8922031556	1121.48233048516
0.435294117647059	11.545729	142.574824	26317.1745881362	1051.07598648735
0.436601307189542	11.58381	143.493645	26259.8146057089	1088.35126754833
0.437908496732026	11.622921	144.423657	25568.2544552683	1075.25494294697
0.43921568627451	11.661439	145.334106	25961.8879484917	1098.35916124901
0.440522875816993	11.699686	146.27471	26145.8415039087	1063.1466589553
0.441830065359477	11.737788	147.232602	26245.3414518921	1043.9590266961
0.443137254901961	11.775442	148.15806	26557.6034418655	1080.5460647593
0.444444444444444	11.813758	149.080203	26098.7576991335	1084.43050589767
0.445751633986928	11.84755	150.063001	29592.803030303	1017.50308812187
0.447058823529412	11.881157	151.00757	29755.7056565597	1058.68390768703
0.448366013071895	11.915372	151.920131	29226.9472453605	1095.81715633255
0.449673202614379	11.949468	152.886536	29328.9535429377	1034.76285822196
0.450980392156863	11.982363	153.824226	30399.7568019457	1066.45053269204
0.452287581699346	12.013912	154.777802	31696.7257282322	1048.6841111773
0.45359477124183	12.045336	155.694693	31822.8105906301	1090.64218102262
0.454901960784314	12.077456	156.596669	31133.2503113334	1108.67694927582
0.456209150326797	12.109623	157.524717	31087.7607485939	1077.53047256174
0.457516339869281	12.14119	158.48264	31678.6517565804	1043.92524242555
0.458823529411765	12.173964	159.402162	30511.9912125467	1087.52156011493
0.460130718954248	12.207191	160.319684	30096.0062599692	1089.89212247773
0.461437908496732	12.240655	161.280173	29882.8591919671	1041.13633784458
0.462745098039216	12.276736	162.153794	27715.4180870823	1144.66112879611
0.464052287581699	12.31606	163.096033	25429.7629946085	1061.30185653534
0.465359477124183	12.355308	164.054349	25479.0052996327	1043.49713455687
0.466666666666667	12.39405	164.998174	25811.7804966192	1059.51844886499
0.46797385620915	12.43292	165.911609	25726.7815796249	1094.76864801547
0.469281045751634	12.471617	166.848766	25841.7965216936	1067.057067279
0.470588235294118	12.509932	167.783001	26099.4388620652	1070.39449389072
0.471895424836601	12.548242	168.721488	26102.8452101273	1065.54486103699
0.473202614379085	12.586899	169.793862	25868.5360995417	932.510486080419
0.474509803921569	12.625668	170.688387	25793.8043282014	1117.91174086804
0.475816993464052	12.661874	171.586267	27619.7315362095	1113.73457477616
0.477124183006536	12.698915	172.533661	26997.1113090897	1055.52705632503
0.47843137254902	12.736146	173.489202	26859.3376487334	1046.52756919901
0.479738562091503	12.772754	174.471023	27316.4335664328	1018.51559500154
0.481045751633987	12.809973	175.456546	26867.9975281453	1014.68966224025
0.482352941176471	12.848993	176.395724	25627.8831368524	1064.76088664769
0.483660130718954	12.887203	177.344219	26171.159382361	1054.30181498057
0.484967320261438	12.924859	178.334497	26556.1929041852	1009.81744520227
0.486274509803922	12.962792	179.257491	26362.2703187194	1083.43066152111
0.487581699346405	13.001629	180.221948	25748.6417591478	1036.8528612473
0.488888888888889	13.039572	181.181677	26355.3224573701	1041.96080351848
0.490196078431373	13.078037	182.092855	25997.6602105808	1097.4804044874
0.491503267973856	13.116967	183.034578	25687.1307474951	1061.88337759614
0.49281045751634	13.155784	183.996789	25761.9084421775	1039.27309082935
0.494117647058824	13.19441	184.944868	25889.2973644702	1054.76442363979
0.495424836601307	13.233	185.900171	25913.4490800719	1046.78829648814
0.496732026143791	13.270726	186.841879	26506.9183056783	1061.90029181019
0.498039215686275	13.307922	187.757552	26884.6112485215	1092.09291963398
0.499346405228758	13.34594	188.685075	26303.3300015775	1078.14038034635
0.500653594771242	13.384921	189.601288	25653.5235114545	1091.44925906967
0.501960784313725	13.422758	190.56321	26429.1566456117	1039.5853302035
0.503267973856209	13.461081	191.491527	26093.9905539753	1077.2182347194
0.504575163398693	13.499582	192.435829	25973.3513415235	1058.98324900294
0.505882352941176	13.538009	193.40305	26023.3689853485	1033.88987625373
0.50718954248366	13.576297	194.327676	26117.8437108235	1081.51836526337
0.508496732026144	13.614057	195.221262	26483.0508474573	1119.08646733499
0.509803921568627	13.651898	196.15834	26426.3629396697	1067.14702511422
0.511111111111111	13.690607	197.070913	25833.7854245777	1095.80274673919
0.512418300653595	13.727936	197.937257	26788.8237027514	1154.27589964264
0.513725490196078	13.765903	198.8514	26338.662522717	1093.9207541927
0.515032679738562	13.804455	199.801447	25938.9914920101	1052.5795039614
0.516339869281046	13.842774	200.716524	26096.7144236544	1092.80421210456
0.517647058823529	13.87992	201.612506	26920.7990093147	1116.09385009966
0.518954248366013	13.918863	202.535652	25678.5558380198	1083.25226995513
0.520261437908497	13.956303	203.450243	26709.4017094016	1093.38491194424
0.52156862745098	13.994636	204.400821	26087.1833668121	1051.99152515627
0.522875816993464	14.032052	205.29626	26726.5341030573	1116.77065662767
0.524183006535948	14.070453	206.194394	26040.9885159238	1113.41960108403
0.525490196078431	14.107709	207.13383	26841.3141507413	1064.46846831503
0.526797385620915	14.14662	208.090177	25699.6736141447	1045.64556588767
0.528104575163399	14.184188	209.047317	26618.3986371378	1044.779238147
0.529411764705882	14.22288	209.979766	25845.1359454156	1072.44471279392
0.530718954248366	14.261486	210.946341	25902.7094234059	1034.58086542692
0.53202614379085	14.299796	211.854313	26102.8452101273	1101.35554840898
0.533333333333333	14.33728	212.742154	26678.0493010357	1126.32779968484
0.534640522875817	14.376266	213.655662	25650.2334171244	1094.68116316441
0.535947712418301	14.415327	214.586141	25600.98307775	1074.71528105418
0.537254901960784	14.45369	215.511933	26066.7830982976	1080.15623379765
0.538562091503268	14.492853	216.426055	25534.3053392231	1093.94588468499
0.539869281045752	14.530763	217.387818	26378.2643102083	1039.75719589959
0.541176470588235	14.56992	218.319222	25538.2179431523	1073.64795513012
0.542483660130719	14.60792	219.242447	26315.789473684	1083.1595764846
0.543790849673203	14.646339	220.157319	26028.7878393508	1093.04908227599
0.545098039215686	14.684215	221.106623	26401.9431830178	1053.40333549631
0.54640522875817	14.721672	222.064398	26697.2795472142	1044.08655477539
0.547712418300654	14.759599	223.038423	26366.4407941573	1026.66769333438
0.549019607843137	14.796984	223.959752	26748.6960010696	1085.38860710993
0.550326797385621	14.83358	224.889266	27325.3907530882	1075.8310256758
0.551633986928105	14.870765	225.829	26892.5642059964	1064.1309136415
0.552941176470588	14.909157	226.744065	26047.0931444051	1092.81854294504
0.554248366013072	14.946527	227.690049	26759.4327000273	1057.10033150668
0.555555555555556	14.985441	228.624673	25697.6923472271	1069.94898483239
0.556862745098039	15.023523	229.593592	26259.1250459527	1032.07801684145
0.558169934640523	15.061495	230.557021	26335.1943537344	1037.95920612729
0.559477124183007	15.09992	231.485297	26024.723487314	1077.26581318486
0.56078431372549	15.13815	232.416495	26157.4679571015	1073.88546796708
0.562091503267974	15.176907	233.344684	25801.7906442705	1077.36678629029
0.563398692810458	15.215161	234.243409	26141.0571443508	1112.687418287
0.564705882352941	15.253804	235.20445	25877.9080299146	1040.53833291192
0.566013071895425	15.292884	236.120044	25588.5363357214	1092.18714845226
0.567320261437908	15.331066	237.021752	26190.3514745174	1109.00646328969
0.568627450980392	15.369151	237.927298	26257.0565839565	1104.30613132848
0.569934640522876	15.408061	238.880287	25700.3341043436	1049.33005522624
0.571241830065359	15.445609	239.788154	26632.576968148	1101.48292646392
0.572549019607843	15.484656	240.731931	25610.1621123261	1059.57233541397
0.573856209150327	15.523068	241.688526	26033.5311881697	1045.37447927285
0.57516339869281	15.560851	242.610593	26466.9295715009	1084.51988846798
0.576470588235294	15.599692	243.515142	25745.990062048	1105.52330498403
0.577777777777778	15.636882	244.423153	26888.9486421076	1101.3082440631
0.579084967320261	15.672612	245.375465	27987.6854184152	1050.07602550427
0.580392156862745	15.70846	246.277248	27895.5590270032	1108.91422881115
0.581699346405229	15.744801	247.176494	27517.1294130595	1112.04275581987
0.583006535947712	15.78173	248.104041	27078.989412116	1078.11248378788
0.584313725490196	15.819438	249.036617	26519.5714437253	1072.29866520261
0.58562091503268	15.857004	249.952463	26619.8157908747	1091.88662722774
0.586928104575163	15.894774	250.886405	26476.0391845379	1070.73030230999
0.588235294117647	15.932572	251.813269	26456.4262659397	1078.90693780318
0.589542483660131	15.970369	252.750425	26457.1262269496	1067.058205891
0.590849673202614	16.008675	253.690702	26105.5709288359	1063.51638931934
0.592156862745098	16.045832	254.624684	26912.8293457487	1070.68444573877
0.593464052287582	16.082892	255.571368	26983.2703723689	1056.31868712262
0.594771241830065	16.120712	256.530754	26441.0364886304	1042.33332568956
0.596078431372549	16.158564	257.483103	26418.6832928265	1050.03522868189
0.597385620915033	16.196101	258.411479	26640.3814902627	1077.14977552204
0.598692810457516	16.233193	259.32662	26959.9913728019	1092.72778730272
0.6	16.2707	260.233548	26661.6898178996	1102.62336150169
0.601307189542484	16.307263	261.158042	27350.0533326059	1081.67278532901
0.602614379084967	16.34545	262.112412	26186.9222510274	1047.81164537865
0.603921568627451	16.38274	263.052216	26816.8409761339	1064.05165332348
0.605228758169935	16.420861	264.025467	26232.2604338814	1027.484174175
0.606535947712418	16.458862	264.956689	26315.0969711315	1073.85779116044
0.607843137254902	16.496525	265.874358	26551.2572020296	1089.71753431794
0.609150326797386	16.534543	266.796045	26303.3300015775	1084.96702242733
0.610457516339869	16.572424	267.73019	26398.4583300319	1070.49762081904
0.611764705882353	16.611059	268.670357	25883.2664682288	1063.64082125832
0.613071895424837	16.649218	269.586327	26206.137477397	1091.73881240657
0.61437908496732	16.688044	270.553721	25755.9367434192	1033.70498473216
0.615686274509804	16.72568	271.478109	26570.3050271023	1081.7968212482
0.616993464052288	16.763647	272.440289	26338.6625227183	1039.3065746534
0.618300653594771	16.801921	273.402997	26127.3971886912	1038.73656394252
0.619607843137255	16.838459	274.36443	27368.7667633695	1040.11407971226
0.620915032679739	16.871863	275.287325	29936.5345467601	1083.54688236475
0.622222222222222	16.90687	276.192395	28565.7154283427	1104.88691482431
0.623529411764706	16.941394	277.114123	28965.3574325128	1084.91876128312
0.62483660130719	16.979154	278.056045	26483.0508474561	1061.65903333824
0.626143790849673	17.017709	278.997593	25936.9731552336	1062.08074362644
0.627450980392157	17.05539	279.909745	26538.5738170436	1096.30850998519
0.628758169934641	17.094022	280.815542	25885.2764547527	1104.00012364801
0.630065359477124	17.131865	281.75593	26424.9663081664	1063.39085568937
0.631372549019608	17.170641	282.661933	25789.1479265534	1103.74910458354
0.632679738562091	17.208798	283.550658	26207.5110726722	1125.20746012543
0.633986928104575	17.246998	284.528627	26178.0104712043	1022.52729892259
0.635294117647059	17.285758	285.431753	25799.7936016513	1107.2652099485
0.636601307189542	17.323806	286.352707	26282.5904121111	1085.83056265569
0.637908496732026	17.362185	287.264264	26055.9159957275	1097.02410271654
0.63921568627451	17.400386	288.182634	26177.3252009104	1088.88574321899
0.640522875816993	17.439063	289.110343	25855.1593970578	1077.92421977151
0.641830065359477	17.476672	290.080801	26589.3802015477	1030.44129678975
0.643137254901961	17.515803	291.02208	25555.1864250865	1062.38426651396
0.644444444444444	17.554627	291.918433	25757.2635483195	1115.63189948606
0.645751633986928	17.591897	292.829645	26831.2315535287	1097.43945426527
0.647058823529412	17.631145	293.765192	25479.0052996327	1068.89338536708
0.648366013071895	17.66891	294.679538	26479.5445518335	1093.67788561446
0.649673202614379	17.706787	295.608508	26401.246138819	1076.46102672854
0.650980392156863	17.745035	296.522136	26145.1579167518	1094.53738282975
0.652287581699346	17.782809	297.401853	26473.2355588508	1136.72919813982
0.65359477124183	17.82088	298.354335	26266.7121956354	1049.88860681884
0.654901960784314	17.858745	299.292053	26409.6130991681	1066.41868877422
0.656209150326797	17.897677	300.256687	25685.8111579146	1036.66260986033
0.657516339869281	17.934933	301.17971	26841.3141507413	1083.39662175265
0.658823529411765	17.973076	302.114265	26217.1302729217	1070.02798123172
0.660130718954248	18.010616	303.072855	26638.2525306341	1043.19886499962
0.661437908496732	18.048678	303.970486	26272.9231254269	1114.04352122421
0.662745098039216	18.085985	304.874368	26804.6211166791	1106.3391017854
0.664052287581699	18.122895	305.771391	27092.9287455982	1114.79861720381
0.665359477124183	18.158479	306.721849	28102.5179856115	1052.12434426347
0.666666666666667	18.193384	307.648782	28649.1906603622	1078.82662500962
0.66797385620915	18.228469	308.581555	28502.2089211924	1072.07219763008
0.669281045751634	18.263482	309.420749	28560.8202667586	1191.61957783299
0.670588235294118	18.299653	310.317439	27646.4571065222	1115.21261528513
0.671895424836601	18.333583	311.245279	29472.4432655453	1077.77202966028
0.673202614379085	18.364922	312.155075	31909.1228182146	1099.14750119804
0.674509803921569	18.399261	313.118536	29121.407146394	1037.92473177431
0.675816993464052	18.433471	314.02112	29231.2189418285	1107.93012063144
0.677124183006536	18.467858	314.928568	29080.7572629201	1101.99151907328
0.67843137254902	18.501459	315.862899	29761.0190172904	1070.28451373224
0.679738562091503	18.535344	316.768675	29511.5832964456	1104.02571938322
0.681045751633987	18.570047	317.646043	28815.95251131	1139.77259257227
0.682352941176471	18.603427	318.562765	29958.0587177941	1090.84324364421
0.683660130718954	18.636849	319.510768	29920.4117048636	1054.84898254545
0.684967320261438	18.667952	320.455297	32151.239430282	1058.72874205028
0.686274509803922	18.699408	321.392842	31790.4374364205	1066.61546912415
0.687581699346405	18.730922	322.355186	31731.928666623	1039.12945890448
0.688888888888889	18.762921	323.233532	31250.9765930195	1138.50350545227
0.690196078431373	18.795026	324.152183	31147.7962934109	1088.55267125388
0.691503267973856	18.827522	325.062185	30773.0182176284	1098.89868373913
0.69281045751634	18.861161	325.945526	29727.3997443436	1132.06564622273
0.694117647058824	18.897597	326.863317	27445.3836864625	1089.57268049041
0.695424836601307	18.934235	327.751614	27294.0662699929	1125.74960852054
0.696732026143791	18.969751	328.696263	28156.3239103521	1058.59425035122
0.698039215686274	19.005792	329.613719	27746.1779639848	1089.97052719693
0.699346405228758	19.041231	330.501017	28217.5004938061	1127.01707881683
0.700653594771242	19.077465	331.467834	27598.3882541257	1034.32190373153
0.701960784313725	19.115854	332.384129	26049.1286566473	1091.35158436967
0.703267973856209	19.155393	333.280287	25291.4843572161	1115.87465603162
0.704575163398693	19.194419	334.203837	25623.9430123509	1082.77840939848
0.705882352941177	19.233705	335.124802	25454.3603319245	1085.81759350251
0.70718954248366	19.273245	336.044246	25290.8447142142	1087.61381878614
0.708496732026144	19.312886	336.986725	25226.4070028508	1061.03159858205
0.709803921568627	19.352157	337.912794	25464.0829110544	1079.83314418251
0.711111111111111	19.391395	338.842365	25485.4987512099	1075.76505721462
0.712418300653595	19.430512	339.742588	25564.3326430957	1110.83587066755
0.713725490196078	19.469814	340.671225	25443.9977609287	1076.84703495555
0.715032679738562	19.507274	341.509544	26695.1414842503	1192.86333722603
0.716339869281046	19.543991	342.411168	27235.3405779343	1109.10978412291
0.717647058823529	19.58346	343.346777	25336.339912336	1068.82255301093
0.718954248366013	19.622615	344.293297	25539.5224109303	1056.50171153275
0.720261437908497	19.661402	345.228354	25781.8341196798	1069.45351994581
0.72156862745098	19.700669	346.127382	25466.6768533359	1112.31240851232
0.722875816993464	19.74125	347.080821	24642.0738769378	1048.83479698229
0.724183006535948	19.781277	348.016813	24983.1363829425	1068.3851998735
0.725490196078431	19.821161	348.961065	25072.7108614979	1059.03932424818
0.726797385620915	19.861836	349.865146	24585.1259987706	1106.09558214368
0.728104575163399	19.901302	350.76029	25338.2658490847	1117.13869500324
0.729411764705882	19.94153	351.695309	24858.307646416	1069.49698348375
0.730718954248366	19.980615	352.887433	25585.2628885762	838.83891273057
0.73202614379085	20.019265	353.800294	25873.2212160411	1095.45703015024
0.733333333333333	20.058235	354.701457	25660.7646907884	1109.67716162337
0.734640522875817	20.097452	355.660646	25499.1457786159	1042.54740202402
0.735947712418301	20.135995	356.533473	25945.0483875148	1145.70241296381
0.737254901960784	20.175536	357.441894	25290.2051035635	1100.81118776429
0.738562091503268	20.214386	358.289262	25740.0257400257	1180.12480999988
0.739869281045752	20.253675	359.242	25452.4167069662	1049.60650252219
0.741176470588235	20.29226	360.179616	25916.8070493731	1066.53470077303
0.742483660130719	20.331671	361.103626	25373.6266524567	1082.23936970378
0.743790849673203	20.370072	362.05382	26040.9885159238	1052.41666438648
0.745098039215686	20.409191	362.982769	25563.0256397151	1076.48536141376
0.74640522875817	20.447926	363.826659	25816.4450755137	1184.98856486037
0.747712418300654	20.486476	364.690979	25940.3372243834	1156.9788967049
0.749019607843137	20.524953	365.628796	25989.5522000154	1066.30611302632
0.750326797385621	20.56406	366.463732	25570.8696652764	1197.69658991831
0.751633986928105	20.602264	367.351452	26175.2696052767	1126.48132293966
0.752941176470588	20.641173	368.202986	25700.9946284943	1174.35122966315
0.754248366013072	20.679849	369.125405	25855.8279036079	1084.10602990616
0.755555555555556	20.718854	370.041001	25637.7387514424	1092.18476271195
0.756862745098039	20.757384	370.941286	25953.8022320284	1110.75937064374
0.758169934640523	20.796221	371.872359	25748.6417591466	1074.02964107
0.759477124183007	20.835445	372.795789	25494.5951458286	1082.91911677117
0.76078431372549	20.873627	373.695424	26190.3514745174	1111.56191121956
0.762091503267974	20.912774	374.610387	25544.7416149387	1092.94037026634
0.763398692810457	20.951502	375.551699	25821.1113406304	1062.34702202885
0.764705882352941	20.99067	376.409312	25531.0457516339	1166.02710080186
0.766013071895425	21.02892	377.326748	26143.7908496746	1089.99428842992
0.767320261437909	21.067158	378.278337	26151.995397249	1050.87385415341
0.768627450980392	21.105277	379.222852	26233.6367690641	1058.7444349746
0.769934640522876	21.144077	380.154541	25773.1958762897	1073.31953044417
0.77124183006536	21.182289	381.085294	26169.7895948907	1074.39890067507
0.772549019607843	21.22057	382.017312	26122.6195762926	1072.94065136078
0.773856209150327	21.258568	383.011649	26317.174588135	1005.69525221331
0.77516339869281	21.297416	383.951314	25741.3509060969	1064.20905322636
0.776470588235294	21.335701	384.896729	26119.8902964595	1057.73654955764
0.777777777777778	21.374736	385.815986	25618.0350967091	1087.83506679849
0.779084967320261	21.413683	386.735766	25675.9185559862	1087.21650829546
0.780392156862745	21.452828	387.679207	25546.0467492647	1059.94969478748
0.781699346405229	21.492219	388.58069	25386.5096087949	1109.28325880801
0.783006535947712	21.531645	389.493367	25363.9730127312	1095.67787946889
0.784313725490196	21.570661	390.362707	25630.5105597702	1150.29792716311
0.78562091503268	21.609392	391.264803	25819.1113061898	1108.52946914744
0.786928104575163	21.648774	392.221863	25392.3112081663	1044.86657053893
0.788235294117647	21.686663	393.124594	26392.8844783447	1107.74970616937
0.789542483660131	21.724881	394.063648	26165.6810926785	1064.90148596353
0.790849673202614	21.762853	394.986245	26335.1943537344	1083.89686938068
0.792156862745098	21.800655	395.933393	26453.6267922338	1055.80120530263
0.793464052287582	21.839421	396.863916	25795.8004436861	1074.66446288808
0.794771241830065	21.877744	397.766806	26093.9905539766	1107.55463013218
0.796078431372549	21.917001	398.707251	25473.1640217036	1063.32640398959
0.797385620915033	21.955287	399.616368	26119.2080656119	1099.96843090599
0.798692810457516	21.994043	400.537931	25802.4563938468	1085.11300909434
0.8	22.032943	401.508312	25706.9408740372	1030.52306259091
0.801307189542484	22.071884	402.367363	25679.8746822107	1164.07524116726
0.802614379084967	22.111072	403.22456	25518.0157190981	1166.59297687698
0.803921568627451	22.147689	404.109447	27309.7195291807	1130.08779652092
0.805228758169935	22.186466	405.01366	25788.4828635534	1105.93411065752
0.806535947712418	22.224408	405.94008	26356.0170786984	1079.42401934327
0.807843137254902	22.263004	406.865099	25909.4206653551	1081.05887554746
0.809150326797386	22.300862	407.818583	26414.4962755561	1048.78529686916
0.810457516339869	22.33891	408.739646	26282.5904121111	1085.70206381105
0.811764705882353	22.377057	409.689231	26214.3812095301	1053.09161370492
0.813071895424837	22.414698	410.594842	26566.7755904461	1104.22687003578
0.81437908496732	22.449062	411.549985	29100.2211616808	1046.9636483752
0.815686274509804	22.484461	412.472999	28249.3855758652	1083.40718558979
0.816993464052288	22.520498	413.410759	27749.2577073561	1066.3709264631
0.818300653594771	22.558728	414.338747	26157.4679571027	1077.60014138111
0.819607843137255	22.597421	415.279994	25844.467991625	1062.42038487244
0.820915032679739	22.635965	416.16782	25944.375259445	1126.34682922102
0.822222222222222	22.675563	417.127825	25253.8006970039	1041.66124134774
0.823529411764706	22.713921	418.062426	26070.1809270565	1069.97531566942
0.824836601307189	22.752507	418.950324	25916.1353858898	1126.25549331116
0.826143790849673	22.790831	419.903797	26093.3096753997	1048.79739646537
0.827450980392157	22.826461	420.820709	28066.2363177117	1090.61720208698
0.828758169934641	22.860963	421.761456	28983.8270245175	1062.98505336718
0.830065359477124	22.895754	422.602011	28743.0657353926	1189.69014520169
0.831372549019608	22.933877	423.511485	26230.8842431087	1099.53665525349
0.832679738562092	22.971727	424.452133	26420.0792602361	1063.09692892558
0.833986928104575	23.010328	425.39079	25906.0646097252	1065.35188039936
0.835294117647059	23.048533	426.324857	26174.5844784729	1070.58701356538
0.836601307189543	23.08671	427.243992	26193.7815962484	1087.97945894784
0.837908496732026	23.125822	428.194308	25567.6007363473	1052.28155687162
0.83921568627451	23.163788	429.143642	26339.3562661323	1053.37004679067
0.840522875816993	23.201412	430.017164	26578.7795024445	1144.79085815815
0.841830065359477	23.238921	430.967309	26660.2682022981	1052.47093864618
0.843137254901961	23.276659	431.836146	26498.4895860954	1150.96387469688
0.844444444444444	23.314731	432.765013	26266.0222735871	1076.58039310254
0.845751633986928	23.3532	433.659292	25994.9569783443	1118.21925819573
0.847058823529412	23.391748	434.583079	25941.6830964002	1082.5006197316
0.848366013071895	23.430659	435.547146	25699.6736141459	1037.27230576298
0.849673202614379	23.469405	436.435997	25809.1157796912	1125.0479551691
0.850980392156863	23.507377	437.352445	26335.1943537344	1091.16938440588
0.852287581699346	23.546032	438.254835	25869.8745311095	1108.16830860268
0.85359477124183	23.584417	439.130745	26051.8431679054	1141.66980625866
0.854901960784314	23.623279	440.047255	25732.0776079449	1091.09556906087
0.856209150326797	23.661355	440.994052	26263.2629477885	1056.19261573494
0.857516339869281	23.699487	441.930873	26224.6931710892	1067.43977771633
0.858823529411765	23.737416	442.841292	26365.0504890729	1098.39535422702
0.860130718954248	23.775601	443.790773	26188.2938326553	1053.2069625406
0.861437908496732	23.81343	444.704478	26434.7458299199	1094.44514367329
0.862745098039216	23.851092	445.653509	26551.9621900052	1053.706359434
0.864052287581699	23.889723	446.583004	25885.9465196353	1075.85301696079
0.865359477124183	23.9294	447.460134	25203.5184111695	1140.08185787744
0.866666666666667	23.967477	448.380512	26262.5732069244	1086.5101078035
0.86797385620915	24.005636	449.315118	26206.137477397	1069.96959146424
0.869281045751634	24.044389	450.177825	25804.4538487344	1159.14209575209
0.870588235294118	24.082735	451.003833	26078.3393313509	1210.64202768012
0.871895424836601	24.121326	451.930018	25912.7775906298	1079.69790052739
0.873202614379085	24.160084	452.852283	25801.124929046	1084.28705415474
0.874509803921569	24.199078	453.714801	25644.9710211835	1159.39609376265
0.875816993464052	24.237762	454.572663	25850.4808189433	1165.68865388612
0.877124183006536	24.276459	455.56311	25841.7965216948	1009.64514002262
0.87843137254902	24.314632	456.427291	26196.5263406069	1157.16499205602
0.879738562091503	24.3533	457.244022	25861.1772007853	1224.39334370811
0.881045751633987	24.392243	458.203	25678.5558380198	1042.77678945711
0.882352941176471	24.430832	459.081441	25914.1206043185	1138.38038069715
0.883660130718954	24.469608	460.004929	25789.1479265511	1082.85110364182
0.884967320261438	24.507676	460.934989	26268.7821792588	1075.19944949792
0.886274509803922	24.547251	461.797505	25268.4775742266	1159.39878216748
0.887581699346405	24.584929	462.75011	26540.6868729765	1049.75304559602
0.888888888888889	24.619865	463.669567	28623.7691779238	1087.59844125395
0.890196078431372	24.656248	464.598046	27485.3640436462	1077.03028286042
0.891503267973856	24.691599	465.543082	28287.7429209935	1058.16074731543
0.89281045751634	24.729585	466.458799	26325.4883378086	1092.04044480995
0.894117647058824	24.76776	467.313387	26195.1538965299	1170.15450720116
0.895424836601307	24.806651	468.19385	25712.889871693	1135.76606853437
0.896732026143791	24.845215	469.11467	25930.920029042	1085.9885754002
0.898039215686275	24.883274	470.041351	26274.994088126	1079.119999223
0.899346405228758	24.921236	470.995004	26342.1316052893	1048.59943816045
0.900653594771242	24.95879	471.89156	26628.3218831549	1115.37929588332
0.901960784313726	24.994599	472.835508	27925.9404060428	1059.38038959776
0.903267973856209	25.029631	473.749068	28545.3299840166	1094.61885371511
0.904575163398693	25.065264	474.628162	28063.8733758028	1137.53478012596
0.905882352941176	25.103341	475.519713	26262.573206922	1121.64082593138
0.90718954248366	25.141922	476.444761	25919.4940514757	1081.02498464944
0.908496732026144	25.181302	477.402194	25393.6008125967	1044.45950787159
0.909803921568627	25.219778	478.326708	25990.2276743925	1081.649385515
0.911111111111111	25.258093	479.204032	26099.4388620664	1139.82975502781
0.912418300653595	25.296155	480.052347	26272.9231254269	1178.80740055284
0.913725490196078	25.334426	480.972275	26129.4452718757	1087.04159455954
0.915032679738562	25.372285	481.861725	26413.7985683714	1124.29029175339
0.916339869281046	25.412072	482.796003	25133.8376856782	1070.3452291502
0.917647058823529	25.450184	483.668045	26238.4550797637	1146.73375823639
0.918954248366013	25.487245	484.642261	26982.5422951341	1026.46640991319
0.920261437908497	25.520005	485.543688	30525.0305250308	1109.3521716124
0.92156862745098	25.551794	486.43743	31457.4223788104	1118.89113413039
0.922875816993464	25.584331	487.271119	30734.2410179201	1199.48805849664
0.924183006535948	25.616104	488.052511	31473.2634626873	1279.76738947932
0.925490196078431	25.648216	488.939664	31141.0064773279	1127.20128320593
0.926797385620915	25.682191	489.876609	29433.4069168523	1067.29850738306
0.928104575163399	25.716256	490.783579	29355.6436224849	1102.57230117865
0.929411764705882	25.750607	491.662259	29111.2340252126	1138.07074247731
0.930718954248366	25.78665	492.631581	27744.6383486369	1031.648925744
0.93202614379085	25.822226	493.553142	28108.8374184852	1085.11536403993
0.933333333333333	25.857685	494.423339	28201.5849290734	1149.16507411538
0.934640522875817	25.893696	495.395292	27769.2927161157	1028.85633358816
0.935947712418301	25.929782	496.255439	27711.5778972447	1162.59197555761
0.937254901960784	25.964951	497.215862	28434.132332452	1041.20788444259
0.938562091503268	26.002828	498.083117	26401.2461388166	1153.06340119111
0.939869281045752	26.040284	498.926753	26697.9923109791	1185.34533851092
0.941176470588235	26.078224	499.859879	26357.4064312079	1071.66663451672
0.942483660130719	26.115404	500.792491	26896.1807423325	1072.25727312108
0.943790849673203	26.153555	501.720908	26211.6327226029	1077.10220730553
0.945098039215686	26.191156	502.624407	26595.0373660284	1106.80808722532
0.94640522875817	26.226707	503.488814	28128.6039773833	1156.86245021157
0.947712418300654	26.262522	504.375422	27921.2620410447	1127.89417645676
0.949019607843137	26.298994	505.328608	27418.2934854136	1049.11318462508
0.950326797385621	26.337235	506.263233	26149.9437776214	1069.94784004275
0.951633986928105	26.374894	507.124554	26554.0773785805	1161.00733640539
0.952941176470588	26.413734	507.990358	25746.6529351181	1154.9958189151
0.954248366013072	26.451944	508.919759	26171.159382361	1075.96182917817
0.955555555555556	26.489729	509.865863	26465.5286489351	1056.96625318148
0.956862745098039	26.527492	510.762575	26480.9469586645	1115.18525457444
0.958169934640523	26.569849	511.701908	23608.8485964525	1064.58518970378
0.959477124183007	26.614821	512.63599	22236.0579916403	1070.5698214932
0.96078431372549	26.659599	513.527209	22332.3953727272	1122.05866347107
0.962091503267974	26.698307	514.388743	25834.4528262893	1160.72029658724
0.963398692810458	26.736184	515.347126	26401.2461388166	1043.42418427703
0.964705882352941	26.775332	516.259086	25544.0890977845	1096.53932190006
0.966013071895425	26.813499	517.175026	26200.6445358546	1091.77457038673
0.967320261437909	26.853218	518.165553	25176.8674941476	1009.56359594434
0.968627450980392	26.90002	519.122367	21366.6082646027	1045.135209142
0.969934640522876	26.973886	520.075346	13538.0283215555	1049.34106627753
0.971241830065359	27.040039	521.015831	15116.4724199961	1063.28117939139
0.972549019607843	27.107024	521.899782	14928.7153840414	1131.28442639931
0.973856209150327	27.169035	522.778619	16126.1711631803	1137.8674316169
0.97516339869281	27.232666	523.683357	15715.6103157264	1105.29236088244
0.976470588235294	27.301591	524.584756	14508.5237577084	1109.3866312255
0.977777777777778	27.370306	525.525695	14552.8632758493	1062.76814968869
0.979084967320261	27.41439	526.414423	22683.9669721433	1125.20366186278
0.980392156862745	27.452836	527.330875	26010.5082453308	1091.16462182424
0.981699346405229	27.486739	528.268057	29495.9148157992	1067.02860276872
0.983006535947712	27.519977	529.136855	30086.0460918219	1151.01554101187
0.984313725490196	27.553856	530.085891	29516.8098231953	1053.7008079778
0.98562091503268	27.587317	531.043108	29885.5383879749	1044.69519450656
0.986928104575163	27.620277	531.988503	30339.8058252402	1057.75892616305
0.988235294117647	27.653353	532.904079	30233.4018623797	1092.20862058422
0.989542483660131	27.685805	533.818443	30814.7417724647	1093.65635567457
0.990849673202614	27.717714	534.706723	31339.1206242729	1125.77115323996
0.992156862745098	27.753154	535.606865	28216.7042889409	1110.93583012463
0.993464052287582	27.788835	536.525846	28026.1203441605	1088.161779188
0.994771241830065	27.824774	537.476687	27824.9255683221	1051.70054719983
0.996078431372549	27.86174	538.337243	27051.8855164208	1162.03942567367
0.997385620915033	27.900729	539.298222	25648.2597655767	1040.6054658842
0.998692810457516	27.939606	540.155336	25722.1493427971	1166.70594576681
1.0	27.978795	541.019244	25517.3645665873	1157.53066298736