#% Complete	time_depth_infty	rate_depth_infty0.0	0.0	0.0
0.000714285714285714	0.070671	14150.075702905
0.00142857142857143	0.15898	11323.8741238152
0.00214285714285714	0.249009	11107.532017461
0.00285714285714286	0.338298	11199.5878551669
0.00357142857142857	0.422351	11897.2553032016
0.00428571428571429	0.50315	12376.3907969158
0.005	0.584247	12330.9123642058
0.00571428571428571	0.663893	12555.5583456796
0.00642857142857143	0.744644	12383.7475696895
0.00714285714285714	0.825618	12349.6430953145
0.00785714285714286	0.89534	14342.6751957775
0.00857142857142857	0.949256	18547.3699829364
0.00928571428571429	1.002605	18744.4938049448
0.01	1.055761	18812.5517345173
0.0107142857142857	1.109757	18519.890362249
0.0114285714285714	1.163339	18662.9838378561
0.0121428571428571	1.217629	18419.5984527537
0.0128571428571429	1.2713	18632.0359225653
0.0135714285714286	1.327356	17839.3035535893
0.0142857142857143	1.38699	16768.9573062347
0.015	1.478383	10941.7570273434
0.0157142857142857	1.570774	10823.5650658614
0.0164285714285714	1.661958	10966.8362870679
0.0171428571428571	1.763539	9844.36065799705
0.0178571428571429	1.886805	8112.53711485731
0.0185714285714286	1.966209	12593.8239887159
0.0192857142857143	2.10221	7352.88711112419
0.02	2.260401	6321.472144433
0.0207142857142857	2.49486	4265.1380411927
0.0214285714285714	2.863764	2710.73233144667
0.0221428571428571	3.169658	3269.10629172197
0.0228571428571429	3.494364	3079.70902909093
0.0235714285714286	3.924264	2326.12235403582
0.0242857142857143	4.223155	3345.70127571589
0.025	4.626618	2478.54202244072
0.0257142857142857	5.024265	2514.79327141912
0.0264285714285714	5.315937	3428.50873584026
0.0271428571428571	5.61117	3387.15522993704
0.0278571428571429	5.90448	3409.36210834953
0.0285714285714286	6.199492	3389.69262267297
0.0292857142857143	6.491705	3422.16123170428
0.03	6.784753	3412.41025361032
0.0307142857142857	7.078215	3407.59621347909
0.0314285714285714	7.368506	3444.81916421798
0.0321428571428571	7.660127	3429.10832896122
0.0328571428571429	7.957126	3367.01470375322
0.0335714285714286	8.259906	3302.72805337207
0.0342857142857143	8.559451	3338.39656812835
0.035	8.852192	3415.9888775402
0.0357142857142857	9.143536	3432.36860892967
0.0364285714285714	9.435394	3426.32376018473
0.0371428571428571	9.725283	3449.59622476191
0.0378571428571429	10.017981	3416.4907173947
0.0385714285714286	10.309892	3425.70166934444
0.0392857142857143	10.60451	3394.22574316573
0.04	10.902198	3359.22173550831
0.0407142857142857	11.194702	3418.75666657551
0.0414285714285714	11.491788	3366.02869202857
0.0421428571428571	11.784909	3411.56041361757
0.0428571428571429	12.080936	3378.07024359266
0.0435714285714286	12.38046	3338.63062726192
0.0442857142857143	12.678416	3356.20024433137
0.045	12.973416	3389.83050847458
0.0457142857142857	13.268411	3389.88796420278
0.0464285714285714	13.565962	3360.76840608836
0.0471428571428571	13.862882	3367.91054829586
0.0478571428571429	14.156826	3402.00854584545
0.0485714285714286	14.452476	3382.37781160155
0.0492857142857143	14.750031	3360.7232276386
0.05	15.047233	3364.71490770587
0.0507142857142857	15.342043	3392.01519622808
0.0514285714285714	15.639341	3363.62841324194
0.0521428571428571	15.937532	3353.55527162122
0.0528571428571429	16.238724	3320.14130521393
0.0535714285714286	16.540771	3310.74303005826
0.0542857142857143	16.837203	3373.45495762941
0.055	17.143223	3267.76027710607
0.0557142857142857	17.450493	3254.46675562206
0.0564285714285714	17.753301	3302.42265726138
0.0571428571428571	18.052345	3343.9895132489
0.0578571428571429	18.354524	3309.29680752134
0.0585714285714286	18.657595	3299.55686951243
0.0592857142857143	18.961889	3286.29549054534
0.06	19.262933	3321.77356133986
0.0607142857142857	19.56001	3366.13066646023
0.0614285714285714	19.863968	3289.92821376636
0.0621428571428571	20.162708	3347.39238133495
0.0628571428571429	20.457723	3389.65815297524
0.0635714285714286	20.764296	3261.86585250495
0.0642857142857143	21.066814	3305.58842779604
0.065	21.35847	3428.69682091231
0.0657142857142857	21.661991	3294.66494904801
0.0664285714285714	21.965386	3296.03322401492
0.0671428571428571	22.271636	3265.30612244896
0.0678571428571429	22.577399	3270.5068958638
0.0685714285714286	22.874868	3361.69483206654
0.0692857142857143	23.18192	3256.77735367297
0.07	23.481709	3335.6794278643
0.0707142857142857	23.783683	3311.54337790669
0.0714285714285714	24.08349	3335.47915825847
0.0721428571428571	24.381412	3356.5832667611
0.0728571428571429	24.681105	3336.74793872399
0.0735714285714286	24.986119	3278.53803431974
0.0742857142857143	25.295658	3230.61068233727
0.075	25.767908	2117.52249867655
0.0757142857142857	26.116302	2870.31349563997
0.0764285714285714	26.422815	3262.5043635996
0.0771428571428571	26.751402	3043.33403330017
0.0778571428571429	27.06141	3225.72320714304
0.0785714285714286	27.363236	3313.16718904267
0.0792857142857143	27.702566	2946.98376211947
0.08	28.086745	2602.95331082647
0.0807142857142857	28.46696	2630.09086963955
0.0814285714285714	28.768376	3317.6739124665
0.0821428571428571	29.214269	2242.69051095217
0.0828571428571429	29.583285	2709.90959741584
0.0835714285714286	29.883813	3327.47697385934
0.0842857142857143	30.185702	3312.47577752089
0.085	30.488083	3307.08609337226
0.0857142857142857	30.79089	3302.43356329278
0.0864285714285714	31.095237	3285.72320410584
0.0871428571428571	31.403712	3241.75378879976
0.0878571428571429	31.705149	3317.44278240561
0.0885714285714286	32.008535	3296.13100143049
0.0892857142857143	32.318376	3227.46182719525
0.09	32.63395	3168.82886422838
0.0907142857142857	32.948309	3181.07641263648
0.0914285714285714	33.264896	3158.68939659558
0.0921428571428571	33.574296	3232.0620555915
0.0928571428571429	33.883652	3232.5217548714
0.0935714285714286	34.185317	3314.93544163228
0.0942857142857143	34.486738	3317.61887857841
0.095	34.795837	3235.20943128257
0.0957142857142857	35.264264	2134.80435585482
0.0964285714285714	35.621229	2801.39509475717
0.0971428571428571	35.923859	3304.36506625251
0.0978571428571429	36.225474	3315.48497256438
0.0985714285714286	36.529254	3291.85594838366
0.0992857142857143	36.839509	3223.155146573
0.1	37.338514	2003.98793599261
0.100714285714286	37.653301	3176.75126355286
0.101428571428571	37.955489	3309.1982474486
0.102142857142857	38.264763	3233.37881619533
0.102857142857143	38.57028	3273.14028351947
0.103571428571429	38.877342	3256.67129113988
0.104285714285714	39.177459	3332.03384013568
0.105	39.481227	3291.98598930765
0.105714285714286	39.788894	3250.26733448824
0.106428571428571	40.093012	3288.1973444518
0.107142857142857	40.39251	3338.9204602368
0.107857142857143	40.693241	3325.23085415206
0.108571428571429	40.979224	3496.71134298191
0.109285714285714	41.286369	3255.79123866579
0.11	41.595671	3233.08611001543
0.110714285714286	41.908207	3199.63140246249
0.111428571428571	42.21561	3253.05868843179
0.112142857142857	42.521809	3265.84998644673
0.112857142857143	42.828187	3263.94192794519
0.113571428571429	43.131301	3299.08879167573
0.114285714285714	43.433757	3306.26603539028
0.115	43.734301	3327.29982964223
0.115714285714286	44.036599	3307.99409853852
0.116428571428571	44.348102	3210.24195593627
0.117142857142857	44.672419	3083.40296685033
0.117857142857143	44.975025	3304.62713891987
0.118571428571429	45.276657	3315.29811160622
0.119285714285714	45.580518	3290.97844080026
0.12	45.890863	3222.22043209971
0.120714285714286	46.197513	3261.04679602155
0.121428571428571	46.497958	3328.39621228515
0.122142857142857	46.810449	3200.09216265427
0.122857142857143	47.124891	3180.23673682269
0.123571428571429	47.425302	3328.77291444051
0.124285714285714	47.728682	3296.19618959724
0.125	48.032361	3292.95078026466
0.125714285714286	48.333353	3322.34743780565
0.126428571428571	48.637281	3290.25295464716
0.127142857142857	48.940976	3292.77729300781
0.127857142857143	49.245837	3280.18342785726
0.128571428571429	49.54729	3317.26670492586
0.129285714285714	49.853128	3269.70487643784
0.13	50.158345	3276.35747681159
0.130714285714286	50.466245	3247.80772978236
0.131428571428571	50.770891	3282.49837516332
0.132142857142857	51.077071	3266.05264876872
0.132857142857143	51.385199	3245.40450721774
0.133571428571429	51.688135	3301.02727968941
0.134285714285714	51.99883	3218.59057918542
0.135	52.309407	3219.81344400903
0.135714285714286	52.621311	3206.11470195959
0.136428571428571	52.926066	3281.32434250463
0.137142857142857	53.236902	3217.13057689584
0.137857142857143	53.560204	3093.08324724253
0.138571428571429	53.875389	3172.73981947111
0.139285714285714	54.181662	3265.06090971122
0.14	54.484648	3300.482530546
0.140714285714286	54.792447	3248.8734531301
0.141428571428571	55.106426	3184.92638042675
0.142142857142857	55.410006	3294.02463930426
0.142857142857143	55.713703	3292.75560838599
0.143571428571429	56.024027	3222.43848364941
0.144285714285714	56.329749	3270.94549950606
0.145	56.635213	3273.70819474635
0.145714285714286	56.941131	3268.84982250147
0.146428571428571	57.246302	3276.85133908528
0.147142857142857	57.551677	3274.66230045029
0.147857142857143	57.854274	3304.72542688792
0.148571428571429	58.159223	3279.23685599887
0.149285714285714	58.466026	3259.42054021634
0.15	58.77508	3235.68049596507
0.150714285714286	59.079061	3289.6792891661
0.151428571428571	59.386502	3252.65660728403
0.152142857142857	59.694744	3244.20422914463
0.152857142857143	60.004649	3226.79530823962
0.153571428571429	60.312074	3252.82589249408
0.154285714285714	60.61534	3297.43525485876
0.155	60.919733	3285.22666421372
0.155714285714286	61.23604	3161.48551881556
0.156428571428571	61.537144	3321.11164248903
0.157142857142857	61.842954	3270.00425100552
0.157857142857143	62.149505	3262.0999442181
0.158571428571429	62.45336	3291.04342531793
0.159285714285714	62.731638	3593.52877338498
0.16	63.134456	2482.5107120337
0.160714285714286	63.509445	2666.74489118348
0.161428571428571	63.811767	3307.7314915884
0.162142857142857	64.122751	3215.59951637393
0.162857142857143	64.415012	3421.59918702791
0.163571428571429	64.718027	3300.16665841623
0.164285714285714	65.127539	2441.93088358832
0.165	65.531133	2477.73752830816
0.165714285714286	65.839786	3239.88427133376
0.166428571428571	66.146715	3258.08248813247
0.167142857142857	66.477948	3019.02286306017
0.167857142857143	66.935362	2186.20330816285
0.168571428571429	67.245392	3225.49430700257
0.169285714285714	67.553289	3247.83937485576
0.17	67.858444	3277.02315216858
0.170714285714286	68.164601	3266.29801049789
0.171428571428571	68.474267	3229.28574657865
0.172142857142857	68.786864	3199.00702821847
0.172857142857143	69.086199	3340.73863731272
0.173571428571429	69.390965	3281.20590879559
0.174285714285714	69.69702	3267.38658084331
0.175	70.001027	3289.39794149478
0.175714285714286	70.30347	3306.40814963469
0.176428571428571	70.609147	3271.42702918452
0.177142857142857	70.930126	3115.46861321138
0.177857142857143	71.236301	3266.10598513926
0.178571428571429	71.539895	3293.87273793285
0.179285714285714	71.853142	3192.36896123502
0.18	72.164778	3208.87188899878
0.180714285714286	72.468061	3297.25042287229
0.181428571428571	72.779325	3212.70689832431
0.182142857142857	73.084495	3276.86207687514
0.182857142857143	73.387613	3299.04525630285
0.183571428571429	73.692748	3277.23794386099
0.184285714285714	73.997023	3286.50069838135
0.185	74.311827	3176.57971309137
0.185714285714286	74.62228	3221.09949009985
0.186428571428571	74.98582	2750.72894316994
0.187142857142857	75.455194	2130.49721544013
0.187857142857143	75.770339	3173.14252169635
0.188571428571429	76.054332	3521.21355103829
0.189285714285714	76.323143	3720.08585958165
0.19	76.602078	3585.06462078974
0.190714285714286	76.927446	3073.44299377938
0.191428571428571	77.39448	2141.17173482017
0.192142857142857	77.703467	3236.38211316332
0.192857142857143	77.998357	3391.09498457057
0.193571428571429	78.283063	3512.39524281188
0.194285714285714	78.55654	3656.61463304044
0.195	78.824601	3730.49417856379
0.195714285714286	79.113235	3464.59530062291
0.196428571428571	79.429735	3159.55766192742
0.197142857142857	79.741407	3208.50124489847
0.197857142857143	80.05513	3187.52530098197
0.198571428571429	80.346051	3437.35928310438
0.199285714285714	80.827831	2075.63618248993
0.2	81.158883	3020.67348936119
0.200714285714286	81.457957	3343.65407892372
0.201428571428571	81.772829	3175.89369648611
0.202142857142857	82.090615	3146.77172688541
0.202857142857143	82.399245	3240.12571687788
0.203571428571429	82.843795	2249.46575188389
0.204285714285714	83.156333	3199.6109273112
0.205	83.467776	3210.86041426524
0.205714285714286	83.759361	3429.53169744674
0.206428571428571	84.070196	3217.14092685833
0.207142857142857	84.373543	3296.55477060921
0.207857142857143	84.66431	3439.17982439545
0.208571428571429	84.977175	3196.2667604238
0.209285714285714	85.289057	3206.34085968414
0.21	85.600711	3208.68655624502
0.210714285714286	85.89797	3364.06971698085
0.211428571428571	86.382978	2061.82166067367
0.212142857142857	86.68766	3282.11052835416
0.212857142857143	87.001823	3183.06102246278
0.213571428571429	87.300796	3344.78364267003
0.214285714285714	87.592452	3428.69682091244
0.215	87.900434	3246.94300316242
0.215714285714286	88.209759	3232.84571243836
0.216428571428571	88.506386	3371.23727779331
0.217142857142857	88.794998	3464.8593960057
0.217857142857143	89.106259	3212.73786307967
0.218571428571429	89.454665	2870.21463465029
0.219285714285714	89.916604	2164.78799148805
0.22	90.191434	3638.61296073944
0.220714285714286	90.483536	3423.46166749971
0.221428571428571	90.799953	3160.38645205534
0.222142857142857	91.265436	2148.30616800188
0.222857142857143	91.613434	2873.57973321682
0.223571428571429	91.916604	3298.47940099605
0.224285714285714	92.194411	3599.62131983721
0.225	92.549854	2813.39061396628
0.225714285714286	92.957406	2453.67462311552
0.226428571428571	93.236037	3588.97610100827
0.227142857142857	93.541157	3277.39905610905
0.227857142857143	93.814544	3657.81840394752
0.228571428571429	94.280077	2148.07543181683
0.229285714285714	94.597594	3149.43766790444
0.23	94.868392	3692.78945930178
0.230714285714286	95.149987	3551.19941760335
0.231428571428571	95.530395	2628.75649302852
0.232142857142857	95.974675	2250.83280813898
0.232857142857143	96.275379	3325.52942428439
0.233571428571429	96.576896	3316.56258187759
0.234285714285714	96.880921	3289.20319052714
0.235	97.18184	3323.15340673079
0.235714285714286	97.482475	3326.29268049296
0.236428571428571	97.792926	3221.12024119748
0.237142857142857	98.100774	3248.35633169609
0.237857142857143	98.400697	3334.18910853794
0.238571428571429	98.702141	3317.36574620821
0.239285714285714	99.013219	3214.62784253458
0.24	99.315263	3310.77591344313
0.240714285714286	99.616859	3315.69384209336
0.241428571428571	99.920308	3295.44668132041
0.242142857142857	100.223188	3301.63761225581
0.242857142857143	100.523894	3325.50730613949
0.243571428571429	100.824517	3326.42545646872
0.244285714285714	101.124017	3338.89816360607
0.245	101.422301	3352.50968875289
0.245714285714286	101.725328	3300.03597039208
0.246428571428571	102.032747	3252.88937899093
0.247142857142857	102.334345	3315.67185458791
0.247857142857143	102.638163	3291.44421989473
0.248571428571429	102.950697	3199.65187787569
0.249285714285714	103.262274	3209.47951870645
0.25	103.563866	3315.73781797926
0.250714285714286	103.863374	3338.80898006076
0.251428571428571	104.165308	3311.98208880083
0.252142857142857	104.466194	3323.5178772026
0.252857142857143	104.766778	3326.8570516062
0.253571428571429	105.067722	3322.87734595139
0.254285714285714	105.368173	3328.32974428448
0.255	105.668999	3324.18075565276
0.255714285714286	105.968759	3336.0021350413
0.256428571428571	106.271859	3299.24117452985
0.257142857142857	106.576711	3280.28026714606
0.257857142857143	106.882829	3266.71414291223
0.258571428571429	107.188974	3266.42603994838
0.259285714285714	107.494336	3274.80171075639
0.26	107.804946	3219.47136280226
0.260714285714286	108.111194	3265.32744703643
0.261428571428571	108.416761	3272.60469880587
0.262142857142857	108.72779	3215.13428008316
0.262857142857143	109.037507	3228.75399154706
0.263571428571429	109.340142	3304.3104730121
0.264285714285714	109.645122	3278.90353465801
0.265	109.951875	3259.95181791213
0.265714285714286	110.254951	3299.50243503275
0.266428571428571	110.555423	3328.09712718657
0.267142857142857	110.863991	3240.77674937135
0.267857142857143	111.169731	3270.75292732387
0.268571428571429	111.479937	3223.66427470769
0.269285714285714	111.780294	3329.37138138958
0.27	112.246723	2143.94902546795
0.270714285714286	112.602159	2813.44602122466
0.271428571428571	112.908451	3264.8583704439
0.272142857142857	113.213963	3273.19385163259
0.272857142857143	113.523401	3231.66514778405
0.273571428571429	113.830488	3256.4061650282
0.274285714285714	114.137479	3257.42448475692
0.275	114.443075	3272.29413997572
0.275714285714286	114.752303	3233.85980570966
0.276428571428571	115.061352	3235.73284495337
0.277142857142857	115.36515	3291.66090626008
0.277857142857143	115.73083	2734.63137169111
0.278571428571429	116.162163	2318.39437279313
0.279285714285714	116.558301	2524.37281957302
0.28	116.863656	3274.87678276099
0.280714285714286	117.169898	3265.39142246984
0.281428571428571	117.477691	3248.93678543708
0.282142857142857	117.784234	3262.1850768081
0.282857142857143	118.1003	3163.89614827277
0.283571428571429	118.445402	2897.69401510281
0.284285714285714	118.909496	2154.73589402146
0.285	119.224332	3176.2568448335
0.285714285714286	119.636946	2423.57263689555
0.286428571428571	120.044094	2456.10932633829
0.287142857142857	120.335942	3426.44116115236
0.287857142857143	120.801619	2147.41118844178
0.288571428571429	121.124241	3099.60263094276
0.289285714285714	121.435433	3213.45021722918
0.29	121.89877	2158.25630156886
0.290714285714286	122.214049	3171.79387145984
0.291428571428571	122.618185	2474.41455351667
0.292142857142857	123.036438	2390.89737551191
0.292857142857143	123.346731	3222.76042321288
0.293571428571429	123.658258	3209.99463930897
0.294285714285714	123.977362	3133.77456879266
0.295	124.284458	3256.3107301951
0.295714285714286	124.727542	2256.908396602
0.296428571428571	125.089403	2763.49205910553
0.297142857142857	125.396113	3260.4088552705
0.297857142857143	125.705641	3230.72549171642
0.298571428571429	126.019223	3188.9585499168
0.299285714285714	126.322377	3298.65348964546
0.3	126.66618	2908.64244930968
0.300714285714286	127.048633	2614.70036841129
0.301428571428571	127.464872	2402.46589099049
0.302142857142857	127.745471	3563.80457521238
0.302857142857143	128.060361	3175.71215345036
0.303571428571429	128.385193	3078.51443207579
0.304285714285714	128.889319	1983.63107635784
0.305	129.189878	3327.13377406773
0.305714285714286	129.500153	3222.94738538374
0.306428571428571	129.823024	3097.21219929949
0.307142857142857	130.126202	3298.39236356197
0.307857142857143	130.438436	3202.72616050793
0.308571428571429	130.744969	3262.29149879457
0.309285714285714	131.048236	3297.42438181531
0.31	131.363105	3175.92395567693
0.310714285714286	131.670751	3250.48919862434
0.311428571428571	131.974889	3287.98111383654
0.312142857142857	132.278053	3298.54468208616
0.312857142857143	132.57935	3318.98425805761
0.313571428571429	132.88052	3320.38383637165
0.314285714285714	133.181236	3325.39671982843
0.315	133.483396	3309.5048980674
0.315714285714286	133.786955	3294.25251763241
0.316428571428571	134.121507	2989.07195294003
0.317142857142857	134.434786	3192.04287551996
0.317857142857143	134.772476	2961.2958630696
0.318571428571429	135.07981	3253.789037334
0.319285714285714	135.385977	3266.19132695568
0.32	135.695002	3235.98414367779
0.320714285714286	135.999212	3287.20291903606
0.321428571428571	136.309246	3225.45269228534
0.322142857142857	136.6143	3278.10813823143
0.322857142857143	136.919125	3280.57081932232
0.323571428571429	137.225529	3263.66496520948
0.324285714285714	137.53312	3251.07041493409
0.325	137.841368	3244.14108120743
0.325714285714286	138.150272	3237.25170279426
0.326428571428571	138.477418	3056.73919289859
0.327142857142857	138.816768	2946.8100780905
0.327857142857143	139.157336	2936.27117051522
0.328571428571429	139.571799	2412.76060830513
0.329285714285714	139.979732	2451.38294768985
0.33	140.274232	3395.58573853991
0.330714285714286	140.580016	3270.28229076746
0.331428571428571	140.899077	3134.19690905496
0.332142857142857	141.205678	3261.56796618406
0.332857142857143	141.507333	3315.04533324512
0.333571428571429	141.828597	3112.70481597676
0.334285714285714	142.136275	3250.15113202753
0.335	142.445084	3238.24758993427
0.335714285714286	142.751301	3265.65801376144
0.336428571428571	143.057712	3263.59040634967
0.337142857142857	143.365599	3247.94486288807
0.337857142857143	143.671099	3273.32242225865
0.338571428571429	143.983753	3198.42381674302
0.339285714285714	144.28681	3299.70929561111
0.34	144.592983	3266.12732017518
0.340714285714286	144.894338	3318.34547294718
0.341428571428571	145.203013	3239.65335709086
0.342142857142857	145.510105	3256.35314498575
0.342857142857143	145.815185	3277.82876622521
0.343571428571429	146.119711	3283.79186013694
0.344285714285714	146.429981	3222.99932317011
0.345	146.736799	3259.26119067338
0.345714285714286	147.040705	3290.49113870723
0.346428571428571	147.342298	3315.72682389847
0.347142857142857	147.646679	3285.35618189039
0.347857142857143	147.958442	3207.56472063731
0.348571428571429	148.267452	3236.14122520306
0.349285714285714	148.570598	3298.74054086152
0.35	148.878656	3246.14196028003
0.350714285714286	149.183468	3280.71073317325
0.351428571428571	149.488012	3283.59777240735
0.352142857142857	149.79468	3260.85538758525
0.352857142857143	150.100379	3271.19159696298
0.353571428571429	150.396347	3378.74364796208
0.354285714285714	150.700231	3290.72935725463
0.355	151.004936	3281.86278531712
0.355714285714286	151.311611	3260.78095703908
0.356428571428571	151.616288	3282.16439048568
0.357142857142857	151.922977	3260.63210614003
0.357857142857143	152.229057	3267.11970726598
0.358571428571429	152.538519	3231.41451939176
0.359285714285714	152.842642	3288.1432841317
0.36	153.165748	3094.95954887874
0.360714285714286	153.578247	2424.24830120802
0.361428571428571	154.019624	2265.63685919299
0.362142857142857	154.330285	3218.94283479409
0.362857142857143	154.641262	3215.67189856476
0.363571428571429	154.957892	3158.26043015532
0.364285714285714	155.270275	3201.19852872904
0.365	155.580136	3227.25351044488
0.365714285714286	155.890511	3221.90898107135
0.366428571428571	156.197161	3261.04679602162
0.367142857142857	156.504338	3255.45206835152
0.367857142857143	156.812212	3248.08200757455
0.368571428571429	157.123255	3214.98956735873
0.369285714285714	157.4319	3239.96824831103
0.37	157.737829	3268.732287557
0.370714285714286	158.045018	3255.32489770148
0.371428571428571	158.358293	3192.08363259113
0.372142857142857	158.670181	3206.27917714041
0.372857142857143	159.06326	2544.01786918151
0.373571428571429	159.496715	2307.04456056579
0.374285714285714	159.808599	3206.32029857263
0.375	160.123256	3178.06373288999
0.375714285714286	160.429672	3263.5371521068
0.376428571428571	160.735948	3265.02892815634
0.377142857142857	161.042678	3260.19626381521
0.377857142857143	161.360775	3143.69516216757
0.378571428571429	161.66605	3275.73499303882
0.379285714285714	161.98234	3161.65544279004
0.38	162.300902	3139.10635920152
0.380714285714286	162.619747	3136.32015556166
0.381428571428571	163.004079	2601.91709251376
0.382142857142857	163.458514	2200.53472993929
0.382857142857143	163.737314	3586.80057388822
0.383571428571429	164.161986	2354.75849596857
0.384285714285714	164.585196	2362.89312634399
0.385	164.923855	2952.82275090867
0.385714285714286	165.239357	3169.55201551803
0.386428571428571	165.548011	3239.87377451785
0.387142857142857	165.858751	3218.12447705467
0.387857142857143	166.169642	3216.56143149852
0.388571428571429	166.482742	3193.86777387425
0.389285714285714	166.789792	3256.79856700859
0.39	167.093994	3287.28936693377
0.390714285714286	167.402839	3237.87012902922
0.391428571428571	167.710984	3245.22546203902
0.392142857142857	168.015971	3278.82827792648
0.392857142857143	168.318198	3308.77122163156
0.393571428571429	168.625069	3258.69828038491
0.394285714285714	168.935448	3221.86745881636
0.395	169.261558	3066.44997086873
0.395714285714286	169.583207	3108.97904237247
0.396428571428571	169.892832	3229.71336293892
0.397142857142857	170.196958	3288.11084879297
0.397857142857143	170.499135	3309.31871055705
0.398571428571429	170.805542	3263.6330109951
0.399285714285714	171.112741	3255.21892974915
0.4	171.419438	3260.54705458467
0.400714285714286	171.720658	3319.83268043321
0.401428571428571	172.024066	3295.89200021073
0.402142857142857	172.33036	3264.83705198265
0.402857142857143	172.619316	3460.7345062918
0.403571428571429	172.903398	3520.1103906617
0.404285714285714	173.179872	3616.97664156512
0.405	173.492668	3196.97182828404
0.405714285714286	173.923537	2320.89103648672
0.406428571428571	174.236812	3192.08363259142
0.407142857142857	174.638729	2488.07589626698
0.407857142857143	175.039985	2492.17457184447
0.408571428571429	175.377696	2961.11171978421
0.409285714285714	175.683769	3267.1944274729
0.41	175.978195	3396.439173171
0.410714285714286	176.289431	3212.99592592108
0.411428571428571	176.571101	3550.2538431499
0.412142857142857	176.844162	3662.18537249902
0.412857142857143	177.136432	3421.49382420362
0.413571428571429	177.494675	2791.40136722849
0.414285714285714	177.907149	2424.39523460871
0.415	178.219361	3202.95184041625
0.415714285714286	178.583961	2742.73176083382
0.416428571428571	179.0041	2380.16465979113
0.417142857142857	179.298108	3401.26799270746
0.417857142857143	179.612667	3179.05384999343
0.418571428571429	179.990216	2648.66282257391
0.419285714285714	180.439956	2223.50691510655
0.42	180.753517	3189.17212280871
0.420714285714286	181.186309	2310.57875376621
0.421428571428571	181.555818	2706.29402802102
0.422142857142857	181.871519	3167.55410974289
0.422857142857143	182.183161	3208.8101090353
0.423571428571429	182.557442	2671.78937749982
0.424285714285714	182.986712	2329.53618934469
0.425	183.30006	3191.33997983083
0.425714285714286	183.601857	3313.4855548598
0.426428571428571	183.888773	3485.34065719595
0.427142857142857	184.203407	3178.29605192052
0.427857142857143	184.591955	2573.68458980606
0.428571428571429	184.983301	2555.28355981664
0.429285714285714	185.289769	3262.98341099239
0.43	185.753166	2157.97685354033
0.430714285714286	186.110628	2797.50015386252
0.431428571428571	186.413174	3305.28250249542
0.432142857142857	186.724317	3213.95628376647
0.432857142857143	187.042011	3147.68299055077
0.433571428571429	187.352042	3225.48390322248
0.434285714285714	187.655238	3298.19654612873
0.435	187.963826	3240.56671030615
0.435714285714286	188.279336	3169.47164907621
0.436428571428571	188.734408	2197.4544687434
0.437142857142857	189.092526	2792.37569739591
0.437857142857143	189.394293	3313.81496319995
0.438571428571429	189.697396	3299.20851987616
0.439285714285714	189.998292	3323.40742316288
0.44	190.298453	3331.54540396651
0.440714285714286	190.601417	3300.72219801689
0.441428571428571	190.909301	3247.97651063386
0.442142857142857	191.218085	3238.50976734543
0.442857142857143	191.52051	3306.6049433744
0.443571428571429	191.824063	3294.31763151746
0.444285714285714	192.126216	3309.58156960211
0.445	192.427701	3316.91460603332
0.445714285714286	192.730191	3305.8944097328
0.446428571428571	193.038863	3239.68484345841
0.447142857142857	193.339472	3326.58037517164
0.447857142857143	193.64191	3306.4628122128
0.448571428571429	193.942941	3321.91701186927
0.449285714285714	194.242084	3342.88283529934
0.45	194.544028	3311.87240018026
0.450714285714286	194.8467	3303.90653909181
0.451428571428571	195.148405	3314.49594802872
0.452142857142857	195.451603	3298.17479007108
0.452857142857143	195.753172	3315.99070196206
0.453571428571429	196.059127	3268.45451128452
0.454285714285714	196.362343	3297.97899846952
0.455	196.66267	3329.70395602147
0.455714285714286	196.962927	3330.48022194302
0.456428571428571	197.262198	3341.45306427948
0.457142857142857	197.563512	3318.79700246265
0.457857142857143	197.863817	3329.94788631548
0.458571428571429	198.163649	3335.20104591926
0.459285714285714	198.468385	3281.52892995883
0.46	198.7744	3267.81366926456
0.460714285714286	199.069831	3384.88513392322
0.461428571428571	199.372816	3300.49342376678
0.462142857142857	199.686204	3190.93264579368
0.462857142857143	199.992831	3261.2914061711
0.463571428571429	200.295477	3304.19037423249
0.464285714285714	200.59872	3297.68535464978
0.465	200.904885	3266.21266310627
0.465714285714286	201.207808	3301.16894392312
0.466428571428571	201.511114	3297.00038904613
0.467142857142857	201.814498	3296.15273053299
0.467857142857143	202.123895	3232.09339457054
0.468571428571429	202.434991	3214.44184431823
0.469285714285714	202.741991	3257.32899022784
0.47	203.05028	3243.70963608849
0.470714285714286	203.352787	3305.70862822987
0.471428571428571	203.65752	3281.56123557345
0.472142857142857	203.958322	3324.4459810772
0.472857142857143	204.26069	3307.22827812465
0.473571428571429	204.562094	3317.8060012476
0.474285714285714	204.864977	3301.60491014673
0.475	205.16824	3297.46787441938
0.475714285714286	205.47582	3251.18668313933
0.476428571428571	205.779259	3295.55528458771
0.477142857142857	206.086184	3258.12494909173
0.477857142857143	206.388341	3309.53775686156
0.478571428571429	206.690487	3309.65824468973
0.479285714285714	206.992807	3307.75337390835
0.48	207.297515	3281.83047376499
0.480714285714286	207.597881	3329.27162195458
0.481428571428571	207.899272	3317.94910929661
0.482142857142857	208.201448	3309.3296621836
0.482857142857143	208.506095	3282.48760040321
0.483571428571429	208.807985	3312.46480506129
0.484285714285714	209.11023	3308.57416996146
0.485	209.413148	3301.22343340436
0.485714285714286	209.713747	3326.69104022296
0.486428571428571	210.015884	3309.75683216568
0.487142857142857	210.31732	3317.45378786879
0.487857142857143	210.622912	3272.33697217185
0.488571428571429	210.930276	3253.47145404169
0.489285714285714	211.252814	3100.40987418528
0.49	211.582277	3035.24219715108
0.490714285714286	211.901173	3135.81857408063
0.491428571428571	212.219362	3142.78620568289
0.492142857142857	212.527761	3242.55266716161
0.492857142857143	212.833536	3270.37854631662
0.493571428571429	213.136361	3302.23726574771
0.494285714285714	213.448327	3205.47751998603
0.495	213.725305	3610.3950494265
0.495714285714286	214.033069	3249.24292639794
0.496428571428571	214.337524	3284.5576521983
0.497142857142857	214.647364	3227.47224373862
0.497857142857143	214.95521	3248.37743547115
0.498571428571429	215.25897	3292.07268896485
0.499285714285714	215.56241	3295.54442393889
0.5	215.87954	3153.280988869
0.500714285714286	216.189236	3228.97292829094
0.501428571428571	216.492905	3293.05921908379
0.502142857142857	216.796735	3291.3142217687
0.502857142857143	217.101837	3277.5924117183
0.503571428571429	217.409457	3250.76392952329
0.504285714285714	217.712233	3302.77168599895
0.505	218.01585	3293.6232160913
0.505714285714286	218.324907	3235.64908738522
0.506428571428571	218.629494	3283.13421124344
0.507142857142857	218.938595	3235.18849825787
0.507857142857143	219.240254	3315.00137572556
0.508571428571429	219.54448	3287.03003688048
0.509285714285714	219.849341	3280.18342785711
0.51	220.150915	3315.93572390206
0.510714285714286	220.454058	3298.77318625197
0.511428571428571	220.757783	3292.45205366712
0.512142857142857	221.062301	3283.87812871487
0.512857142857143	221.36131	3344.38093836627
0.513571428571429	221.667621	3264.65585630297
0.514285714285714	221.976193	3240.73473938013
0.515	222.278853	3304.03753386635
0.515714285714286	222.581403	3305.23880350359
0.516428571428571	222.890284	3237.49275610981
0.517142857142857	223.198936	3239.89476821798
0.517857142857143	223.502216	3297.28303877604
0.518571428571429	223.804749	3305.42453219998
0.519285714285714	224.111506	3259.90930932297
0.52	224.415514	3289.38712139143
0.520714285714286	224.729237	3187.52530098197
0.521428571428571	225.035058	3269.88663303064
0.522142857142857	225.357114	3105.05005340683
0.522857142857143	225.662264	3277.0768474521
0.523571428571429	225.965322	3299.69840756563
0.524285714285714	226.269122	3291.63923633944
0.525	226.573953	3280.50624772438
0.525714285714286	226.881352	3253.10101854589
0.526428571428571	227.183512	3309.50489806709
0.527142857142857	227.485372	3312.79401046838
0.527857142857143	227.789116	3292.24610198067
0.528571428571429	228.095167	3267.42928466174
0.529285714285714	228.398531	3296.37003731504
0.53	228.701773	3297.69622941401
0.530714285714286	229.007599	3269.83317311155
0.531428571428571	229.312931	3275.12347215498
0.532142857142857	229.619045	3266.75682915507
0.532857142857143	229.924965	3268.82845188299
0.533571428571429	230.228504	3294.46957392624
0.534285714285714	230.53363	3277.33460930893
0.535	230.834666	3321.86183712235
0.535714285714286	231.139465	3280.85065895883
0.536428571428571	231.459607	3123.61389633346
0.537142857142857	231.767684	3245.94176131295
0.537857142857143	232.093608	3068.19994845437
0.538571428571429	232.398679	3277.92546653076
0.539285714285714	232.72504	3064.09160408241
0.54	233.047621	3099.99659000389
0.540714285714286	233.377512	3031.30427929222
0.541428571428571	233.702174	3080.12640838763
0.542142857142857	234.043405	2930.5660974531
0.542857142857143	234.355373	3205.45696994585
0.543571428571429	234.656605	3319.70043023288
0.544285714285714	234.961964	3274.83388405143
0.545	235.267939	3268.24086935188
0.545714285714286	235.56993	3311.35696096918
0.546428571428571	235.877061	3255.93964790271
0.547142857142857	236.196742	3128.11834297312
0.547857142857143	236.501397	3282.40140486784
0.548571428571429	236.800092	3347.89668390823
0.549285714285714	237.099446	3340.52660061339
0.55	237.400654	3319.96494117019
0.550714285714286	237.706379	3270.91340256772
0.551428571428571	238.009907	3294.58896708047
0.552142857142857	238.310974	3321.51979459734
0.552857142857143	238.613082	3310.07454287866
0.553571428571429	238.91218	3343.38577991143
0.554285714285714	239.222394	3223.58114076087
0.555	239.525248	3301.92105767139
0.555714285714286	239.829724	3284.33111312557
0.556428571428571	240.139206	3231.20569209192
0.557142857142857	240.440118	3323.23071196883
0.557857142857143	240.741747	3315.33108553895
0.558571428571429	241.167136	2350.78951265785
0.559285714285714	241.47328	3266.43670952243
0.56	241.773532	3330.53568335931
0.560714285714286	242.075273	3314.10050341163
0.561428571428571	242.3774	3309.86638069438
0.562142857142857	242.677392	3333.42222459262
0.562857142857143	242.982763	3274.70519466476
0.563571428571429	243.284857	3310.2279422963
0.564285714285714	243.586034	3320.30666352318
0.565	243.887055	3322.02736686154
0.565714285714286	244.186922	3334.81176654977
0.566428571428571	244.497269	3222.19966682477
0.567142857142857	244.802796	3273.03315255267
0.567857142857143	245.101311	3349.91541463568
0.568571428571429	245.403603	3308.05975679151
0.569285714285714	245.705354	3313.99067443029
0.57	246.009806	3284.59001747404
0.570714285714286	246.310528	3325.33037157233
0.571428571428571	246.609743	3342.07843858091
0.572142857142857	246.914129	3285.30221495082
0.572857142857143	247.228392	3182.0481571167
0.573571428571429	247.53019	3313.47457570968
0.574285714285714	247.830509	3329.79265381143
0.575	248.135289	3281.05518734832
0.575714285714286	248.438091	3302.48809453058
0.576428571428571	248.735498	3362.3956396451
0.577142857142857	249.048407	3195.81731429914
0.577857142857143	249.361343	3195.54158038697
0.578571428571429	249.87146	1960.33458990777
0.579285714285714	250.173303	3312.98058924683
0.58	250.476278	3300.60235993065
0.580714285714286	250.78453	3244.09898394839
0.581428571428571	251.080194	3382.21765247018
0.582142857142857	251.364143	3521.75918915008
0.582857142857143	251.653251	3458.91500754045
0.583571428571429	251.948497	3387.00608983704
0.584285714285714	252.242742	3398.52843718682
0.585	252.530144	3479.44690711947
0.585714285714286	252.830249	3332.16707485711
0.586428571428571	253.133083	3302.13912572575
0.587142857142857	253.428459	3385.5154108661
0.587857142857143	253.719193	3439.57019130906
0.588571428571429	253.98973	3696.35207014172
0.589285714285714	254.260953	3687.00294591546
0.59	254.538088	3608.34972125515
0.590714285714286	254.834088	3378.37837837814
0.591428571428571	255.14136	3254.44557265242
0.592142857142857	255.439189	3357.63139251039
0.592857142857143	255.745093	3268.99942465612
0.593571428571429	256.053262	3244.97272600402
0.594285714285714	256.355934	3303.90653909212
0.595	256.646921	3436.57964101454
0.595714285714286	256.950656	3292.34365483112
0.596428571428571	257.250046	3340.12492067185
0.597142857142857	257.527379	3605.77356463171
0.597857142857143	257.816339	3460.68660022111
0.598571428571429	258.088867	3669.34773674678
0.599285714285714	258.372823	3521.67237177604
0.6	258.676859	3289.0841873989
0.600714285714286	258.975779	3345.37668941512
0.601428571428571	259.28201	3265.50871727525
0.602142857142857	259.589968	3247.19604621425
0.602857142857143	259.877789	3474.38164692629
0.603571428571429	260.183934	3266.42603994823
0.604285714285714	260.476992	3412.29381214671
0.605	260.775981	3344.60465100716
0.605714285714286	261.083151	3255.52625581941
0.606428571428571	261.389985	3259.09123499963
0.607142857142857	261.691949	3311.65304473383
0.607857142857143	262.006292	3181.23832883237
0.608571428571429	262.31036	3288.73804543689
0.609285714285714	262.607915	3360.72322763872
0.61	262.917011	3235.24083132737
0.610714285714286	263.221335	3285.97153034257
0.611428571428571	263.525377	3289.01928023122
0.612142857142857	263.831164	3270.25020684323
0.612857142857143	264.130602	3339.58949765885
0.613571428571429	264.434855	3286.73833947387
0.614285714285714	264.733288	3350.8358660069
0.615	265.037327	3289.05173349484
0.615714285714286	265.346223	3237.33554335435
0.616428571428571	265.782411	2292.58943391374
0.617142857142857	266.086441	3289.14909712906
0.617857142857143	266.371221	3511.48254793159
0.618571428571429	266.672045	3324.20285615472
0.619285714285714	266.965287	3410.15270663862
0.62	267.263283	3355.74974160714
0.620714285714286	267.567046	3292.04017605827
0.621428571428571	267.865885	3346.28345028609
0.622142857142857	268.165433	3338.36313378807
0.622857142857143	268.46819	3302.97895672122
0.623571428571429	268.777602	3231.93670575146
0.624285714285714	269.080836	3297.78323011299
0.625	269.382764	3312.04790546055
0.625714285714286	269.690557	3248.93678543693
0.626428571428571	269.99401	3295.40324201781
0.627142857142857	270.293024	3344.32501488225
0.627857142857143	270.591205	3353.66773872246
0.628571428571429	270.900369	3234.52924661335
0.629285714285714	271.211649	3212.54176304281
0.63	271.516377	3281.6150796781
0.630714285714286	271.823831	3252.51907602431
0.631428571428571	272.132659	3238.0483634903
0.632142857142857	272.4393	3261.14250866635
0.632857142857143	272.754338	3174.22025279475
0.633571428571429	273.20365	2225.62495548768
0.634285714285714	273.556645	2832.90131588249
0.635	273.82732	3694.46753486677
0.635714285714286	274.129404	3310.33752201335
0.636428571428571	274.461862	3007.89874209698
0.637142857142857	274.911803	2222.51361845208
0.637857142857143	275.213994	3309.1653953957
0.638571428571429	275.516325	3307.63302473138
0.639285714285714	275.830148	3186.50959298699
0.64	276.140308	3224.14237812746
0.640714285714286	276.432981	3416.78255254182
0.641428571428571	276.727453	3395.90860930703
0.642142857142857	277.015891	3466.94956975174
0.642857142857143	277.338298	3101.66962876118
0.643571428571429	277.653946	3168.08596918076
0.644285714285714	277.942012	3471.4266869403
0.645	278.245929	3290.37204236669
0.645714285714286	278.520329	3644.31486880448
0.646428571428571	278.816959	3371.20318241588
0.647142857142857	279.112403	3384.73619366135
0.647857142857143	279.395133	3536.9433735364
0.648571428571429	279.696831	3314.57285099683
0.649285714285714	279.999707	3301.68121607494
0.65	280.288001	3468.68127675211
0.650714285714286	280.587629	3337.47179836348
0.651428571428571	280.89586	3244.32000674782
0.652142857142857	281.204	3245.27812033512
0.652857142857143	281.493801	3450.64371758538
0.653571428571429	281.791418	3360.02311695902
0.654285714285714	282.100175	3238.79296663764
0.655	282.399429	3341.64288530792
0.655714285714286	282.699899	3328.11927979478
0.656428571428571	282.994352	3396.12773515665
0.657142857142857	283.287516	3411.06002101224
0.657857142857143	283.586798	3341.33025039923
0.658571428571429	283.887752	3322.76693448179
0.659285714285714	284.188871	3320.94620399213
0.66	284.489354	3327.97529311158
0.660714285714286	284.790225	3323.68357202889
0.661428571428571	285.085753	3383.77412630963
0.662142857142857	285.388354	3304.68174262498
0.662857142857143	285.684032	3382.05750850577
0.663571428571429	285.960446	3617.76176315252
0.664285714285714	286.258047	3360.20376275633
0.665	286.563752	3271.12739405587
0.665714285714286	286.857726	3401.6613714139
0.666428571428571	287.160307	3304.90017549047
0.667142857142857	287.445946	3500.92249307689
0.667857142857143	287.74451	3349.36563014966
0.668571428571429	288.032036	3477.94634224366
0.669285714285714	288.313064	3558.36429110277
0.67	288.619394	3264.45336728362
0.670714285714286	288.920701	3318.87410514848
0.671428571428571	289.226156	3273.80465207647
0.672142857142857	289.532088	3268.7002340391
0.672857142857143	289.850532	3140.2695607391
0.673571428571429	290.162077	3209.80917684419
0.674285714285714	290.451999	3449.20357889375
0.675	290.82244	2699.48520817101
0.675714285714286	291.117501	3389.12970538258
0.676428571428571	291.41827	3324.81073514887
0.677142857142857	291.710633	3420.40545486302
0.677857142857143	292.016367	3270.81711553149
0.678571428571429	292.324336	3247.08006325297
0.679285714285714	292.607598	3530.30056979077
0.68	292.897467	3449.83423546487
0.680714285714286	293.226487	3039.32891617518
0.681428571428571	293.532437	3268.50792613177
0.682142857142857	293.832078	3337.32700131148
0.682857142857143	294.133358	3319.17153478533
0.683571428571429	294.429064	3381.73726606837
0.684285714285714	294.723828	3392.54454410937
0.685	295.026428	3304.69266358246
0.685714285714286	295.327992	3316.04568184548
0.686428571428571	295.636756	3238.71953984276
0.687142857142857	295.937688	3323.00984940132
0.687857142857143	296.235308	3359.98924803446
0.688571428571429	296.537825	3305.59935474675
0.689285714285714	296.844742	3258.20987433086
0.69	297.145262	3327.56555304133
0.690714285714286	297.442625	3362.89316424686
0.691428571428571	297.74848	3269.52314005054
0.692142857142857	298.05426	3270.3250703117
0.692857142857143	298.354298	3332.91116458613
0.693571428571429	298.650952	3370.93044422069
0.694285714285714	298.960921	3226.1290645197
0.695	299.270091	3234.46647475505
0.695714285714286	299.567442	3363.02887832843
0.696428571428571	299.864937	3361.40103195046
0.697142857142857	300.166715	3313.69417253729
0.697857142857143	300.466232	3338.70865426692
0.698571428571429	300.770355	3288.1432841317
0.699285714285714	301.08653	3162.80540839738
0.7	301.379291	3415.75551388286
0.700714285714286	301.678624	3340.76095853124
0.701428571428571	301.984762	3266.50072842992
0.702142857142857	302.292118	3253.5561368573
0.702857142857143	302.610852	3137.41238775901
0.703571428571429	302.903938	3411.96781832001
0.704285714285714	303.206907	3300.66772508058
0.705	303.493809	3485.51073188757
0.705714285714286	303.798111	3286.20909491222
0.706428571428571	304.101365	3297.56573697317
0.707142857142857	304.391185	3450.41750051732
0.707857142857143	304.69163	3328.39621228547
0.708571428571429	304.978305	3488.2706898055
0.709285714285714	305.271441	3411.38584138416
0.71	305.57741	3268.30495899907
0.710714285714286	305.871253	3403.17788751092
0.711428571428571	306.18047	3233.97484614376
0.712142857142857	306.482497	3310.96226496296
0.712857142857143	306.785486	3300.44985131508
0.713571428571429	307.090487	3278.67777482692
0.714285714285714	307.384424	3402.08956340952
0.715	307.684259	3335.16767555519
0.715714285714286	307.984299	3332.88894813998
0.716428571428571	308.28318	3345.81321663143
0.717142857142857	308.584773	3315.72682389878
0.717857142857143	308.867051	3542.60693359005
0.718571428571429	309.176716	3229.29617489873
0.719285714285714	309.491645	3175.3188813986
0.72	309.786688	3389.3364695991
0.720714285714286	310.09131	3282.75699063107
0.721428571428571	310.402391	3214.59684133713
0.722142857142857	310.702	3337.68344742675
0.722857142857143	310.981347	3579.77712307594
0.723571428571429	311.284423	3299.50243503306
0.724285714285714	311.579056	3394.05294043804
0.725	311.880818	3313.86987095795
0.725714285714286	312.184776	3289.92821376613
0.726428571428571	312.486125	3318.41154276253
0.727142857142857	312.778987	3414.57751432466
0.727857142857143	313.084903	3268.87119339923
0.728571428571429	313.382887	3355.88487972525
0.729285714285714	313.678906	3378.16153692836
0.73	313.980192	3319.10543470319
0.730714285714286	314.291649	3210.71608600847
0.731428571428571	314.594425	3302.77168599895
0.732142857142857	314.89718	3303.00077620529
0.732857142857143	315.199071	3312.45383267458
0.733571428571429	315.499014	3333.96678702304
0.734285714285714	315.791774	3415.76718130907
0.735	316.093978	3309.02304403629
0.735714285714286	316.39239	3351.07167272111
0.736428571428571	316.688119	3381.47425514582
0.737142857142857	316.978426	3444.62930621672
0.737857142857143	317.280407	3311.46661544918
0.738571428571429	317.568274	3473.8264545786
0.739285714285714	317.861828	3406.52827077779
0.74	318.139772	3597.8470483264
0.740714285714286	318.425143	3504.21030868591
0.741428571428571	318.743543	3140.70351758797
0.742142857142857	319.171439	2337.01647129191
0.742857142857143	319.555092	2606.52203944723
0.743571428571429	319.857351	3308.42092377737
0.744285714285714	320.158642	3319.050353313
0.745	320.458849	3331.03491923905
0.745714285714286	320.760971	3309.92115767806
0.746428571428571	321.058308	3363.18722526934
0.747142857142857	321.344644	3492.40053643265
0.747857142857143	321.643318	3348.13207711412
0.748571428571429	321.943963	3326.18204194344
0.749285714285714	322.228795	3510.84147848563
0.75	322.519059	3445.13959705604
0.750714285714286	322.808487	3455.09073068275
0.751428571428571	323.110822	3307.58926356557
0.752142857142857	323.408176	3362.99494878112
0.752857142857143	323.703976	3380.6626098717
0.753571428571429	323.999203	3387.22406825921
0.754285714285714	324.301677	3306.0692819883
0.755	324.604795	3299.04525630239
0.755714285714286	324.905487	3325.66213933228
0.756428571428571	325.18927	3523.81925626236
0.757142857142857	325.461041	3679.56846021097
0.757857142857143	325.770529	3231.1430491652
0.758571428571429	326.08543	3175.60122070148
0.759285714285714	326.395922	3220.69489713089
0.76	326.712795	3155.83845894053
0.760714285714286	327.021869	3235.47111694983
0.761428571428571	327.3287	3259.12310033814
0.762142857142857	327.644317	3168.39713957132
0.762857142857143	327.954035	3228.7435667287
0.763571428571429	328.271031	3154.61393834605
0.764285714285714	328.58625	3172.39760293624
0.765	328.904269	3144.4662111384
0.765714285714286	329.217935	3188.1045443241
0.766428571428571	329.53349	3169.01966376741
0.767142857142857	329.844471	3215.63053691356
0.767857142857143	330.159527	3174.0389010205
0.768571428571429	330.479446	3125.79121590182
0.769285714285714	330.786642	3255.25071941066
0.77	331.10329	3158.08089739984
0.770714285714286	331.409223	3268.68954967284
0.771428571428571	331.713798	3283.2635639826
0.772142857142857	332.016541	3303.13169916375
0.772857142857143	332.314496	3356.21150844924
0.773571428571429	332.618928	3284.80580228137
0.774285714285714	332.921931	3300.29735679196
0.775	333.226255	3285.97153034257
0.775714285714286	333.528596	3307.52362398735
0.776428571428571	333.827295	3347.8518508599
0.777142857142857	334.122881	3383.11016083289
0.777857142857143	334.436989	3183.6183732986
0.778571428571429	334.750226	3192.47087668427
0.779285714285714	335.055617	3274.49073482862
0.78	335.352787	3365.07722852246
0.780714285714286	335.66204	3233.5983806138
0.781428571428571	335.965144	3299.19763513493
0.782142857142857	336.283377	3142.35167314551
0.782857142857143	336.599187	3166.46084671164
0.783571428571429	336.911137	3205.64192979619
0.784285714285714	337.231658	3119.92037963206
0.785	337.548648	3154.67364901069
0.785714285714286	337.855813	3255.57924893789
0.786428571428571	338.140481	3512.8641083647
0.787142857142857	338.443003	3305.54472071503
0.787857142857143	338.744045	3321.79562984509
0.788571428571429	339.031641	3477.09982058224
0.789285714285714	339.327143	3384.07185061354
0.79	339.627173	3333.00003332945
0.790714285714286	339.939746	3199.25265458003
0.791428571428571	340.240814	3321.50876214026
0.792142857142857	340.549586	3238.63562758306
0.792857142857143	340.867334	3147.14805443256
0.793571428571429	341.171076	3292.26777989215
0.794285714285714	341.463326	3421.72797262656
0.795	341.756532	3410.57140713358
0.795714285714286	342.051069	3395.15918203835
0.796428571428571	342.330703	3576.1030489849
0.797142857142857	342.636157	3273.81536990843
0.797857142857143	342.932304	3376.70143543621
0.798571428571429	343.217984	3500.42005040588
0.799285714285714	343.509486	3430.50819548431
0.8	343.786522	3609.6391804674
0.800714285714286	344.080103	3406.21497985204
0.801428571428571	344.371487	3431.89742744976
0.802142857142857	344.659792	3468.54893255431
0.802857142857143	344.954629	3391.70456896488
0.803571428571429	345.239334	3512.40757977588
0.804285714285714	345.523045	3524.71352890745
0.805	345.824307	3319.36985082805
0.805714285714286	346.125445	3320.73667222296
0.806428571428571	346.427329	3312.53064090873
0.807142857142857	346.732096	3281.19514251842
0.807857142857143	347.035021	3301.14714863459
0.808571428571429	347.332089	3366.23264707043
0.809285714285714	347.629894	3357.90198284132
0.81	347.945061	3172.92102282251
0.810714285714286	348.256923	3206.54648530478
0.811428571428571	348.550746	3403.40953567247
0.812142857142857	348.853972	3297.87023540203
0.812857142857143	349.176668	3098.89183627927
0.813571428571429	349.489352	3198.11694874068
0.814285714285714	349.800964	3209.1190326429
0.815	350.124905	3086.98188867735
0.815714285714286	350.403432	3590.3161991477
0.816428571428571	350.696684	3410.03641918901
0.817142857142857	350.963757	3744.29463105618
0.817857142857143	351.234427	3694.53578157911
0.818571428571429	351.522274	3474.067820752
0.819285714285714	351.823627	3318.36749592664
0.82	352.131775	3245.19386788149
0.820714285714286	352.437025	3276.00327600327
0.821428571428571	352.711459	3643.86336969929
0.822142857142857	353.009932	3350.38680215629
0.822857142857143	353.30638	3373.27288428327
0.823571428571429	353.588045	3550.31686577986
0.824285714285714	353.886257	3353.31911526053
0.825	354.186926	3325.91653945005
0.825714285714286	354.491949	3278.44129786989
0.826428571428571	354.791856	3334.36698709913
0.827142857142857	355.092015	3331.56760250392
0.827857142857143	355.391265	3341.68755221418
0.828571428571429	355.691146	3334.65608024486
0.829285714285714	355.9924	3319.45799889825
0.83	356.289287	3368.28490300994
0.830714285714286	356.591547	3308.40997816461
0.831428571428571	356.875643	3519.93692272993
0.832142857142857	357.151164	3629.48740749384
0.832857142857143	357.448521	3362.96101991844
0.833571428571429	357.745889	3362.83661994623
0.834285714285714	358.026526	3563.32201384691
0.835	358.327092	3327.05628713823
0.835714285714286	358.629077	3311.42275278571
0.836428571428571	358.932289	3298.02250570525
0.837142857142857	359.233637	3318.42255465484
0.837857142857143	359.53893	3275.54185651155
0.838571428571429	359.830057	3434.92702497515
0.839285714285714	360.130439	3329.09428660824
0.84	360.433113	3303.8847076396
0.840714285714286	360.739169	3267.37590506299
0.841428571428571	361.039598	3328.57347326647
0.842142857142857	361.337025	3362.16954076159
0.842857142857143	361.634415	3362.58784760744
0.843571428571429	361.901426	3745.16405691116
0.844285714285714	362.168419	3745.41654650183
0.845	362.45111	3537.43132961361
0.845714285714286	362.765184	3183.96301508614
0.846428571428571	363.05787	3416.63079204331
0.847142857142857	363.360909	3299.90529271796
0.847857142857143	363.637668	3613.25196289878
0.848571428571429	363.906794	3715.73166472249
0.849285714285714	364.196771	3448.54936770822
0.85	364.502841	3267.2264514656
0.850714285714286	364.804426	3315.81477858659
0.851428571428571	365.085998	3551.48949469357
0.852142857142857	365.372918	3485.29206747514
0.852857142857143	365.653163	3568.30630341335
0.853571428571429	365.956299	3298.84936134282
0.854285714285714	366.250019	3404.6030232874
0.855	366.543756	3404.4059822226
0.855714285714286	366.842635	3345.83560571336
0.856428571428571	367.129145	3490.27957139341
0.857142857142857	367.429064	3334.23357639909
0.857857142857143	367.732227	3298.55556251873
0.858571428571429	368.032002	3335.83520974115
0.859285714285714	368.320469	3466.60103235348
0.86	368.618211	3358.61249000845
0.860714285714286	368.936344	3143.33942093356
0.861428571428571	369.238941	3304.725426888
0.862142857142857	369.534892	3378.93772955656
0.862857142857143	369.826899	3424.5754382599
0.863571428571429	370.099427	3669.34773674678
0.864285714285714	370.367018	3737.04646269893
0.865	370.656745	3451.52505634582
0.865714285714286	370.954322	3360.47476787532
0.866428571428571	371.24862	3397.91639766465
0.867142857142857	371.54199	3408.66482598787
0.867857142857143	371.836656	3393.67283636381
0.868571428571429	372.129515	3414.61249270102
0.869285714285714	372.401169	3681.15323168503
0.87	372.703342	3309.36251749783
0.870714285714286	372.999732	3373.93299369104
0.871428571428571	373.291299	3429.74342089484
0.872142857142857	373.579317	3472.00522189558
0.872857142857143	373.876832	3361.17506680363
0.873571428571429	374.372827	2016.14935634434
0.874285714285714	374.6851	3202.32616972964
0.875	375.104001	2387.19888470065
0.875714285714286	375.491866	2578.21664754467
0.876428571428571	375.808155	3161.66543888675
0.877142857142857	376.13527	3057.02887363779
0.877857142857143	376.448904	3188.4298258476
0.878571428571429	376.739516	3441.01413568662
0.879285714285714	377.135899	2522.81253232344
0.88	377.544637	2446.55500589603
0.880714285714286	377.850103	3273.68676055635
0.881428571428571	378.16781	3147.55419301447
0.882142857142857	378.48247	3178.03343291168
0.882857142857143	378.80299	3119.93011356502
0.883571428571429	379.103485	3327.84239338474
0.884285714285714	379.383802	3567.38977657406
0.885	379.697356	3189.24332012976
0.885714285714286	380.002405	3278.16186907681
0.886428571428571	380.283051	3563.20774213791
0.887142857142857	380.753916	2123.75096896136
0.887857142857143	381.117181	2752.81130854876
0.888571428571429	381.47049	2830.38360188982
0.889285714285714	381.934099	2156.99004980481
0.89	382.237729	3293.48219872873
0.890714285714286	382.614734	2652.48471505685
0.891428571428571	383.036928	2368.57937346344
0.892142857142857	383.34226	3275.12347215467
0.892857142857143	383.644066	3313.38674512767
0.893571428571429	383.946523	3306.25510403127
0.894285714285714	384.248244	3314.32018321577
0.895	384.546426	3353.6564916729
0.895714285714286	384.836304	3449.72712658444
0.896428571428571	385.123793	3478.39395594274
0.897142857142857	385.427909	3288.21896907735
0.897857142857143	385.721956	3400.81687621392
0.898571428571429	385.991954	3703.73113874858
0.899285714285714	386.290413	3350.54396081226
0.9	386.581403	3436.54421114102
0.900714285714286	386.887051	3271.73742344175
0.901428571428571	387.191074	3289.22482838438
0.902142857142857	387.485434	3397.20070661794
0.902857142857143	387.785424	3333.4444481485
0.903571428571429	388.081992	3371.9079603999
0.904285714285714	388.396972	3174.80474950799
0.905	388.701885	3279.62402390191
0.905714285714286	388.988077	3494.1577682119
0.906428571428571	389.287181	3343.31871188617
0.907142857142857	389.587459	3330.24730416427
0.907857142857143	389.884072	3371.3963986746
0.908571428571429	390.193452	3232.27099360035
0.909285714285714	390.492727	3341.40840364188
0.91	390.779016	3492.97388303415
0.910714285714286	391.081743	3303.30627925486
0.911428571428571	391.388	3265.23148858681
0.912142857142857	391.69039	3306.98766493598
0.912857142857143	391.991843	3317.26670492539
0.913571428571429	392.26411	3672.86523890153
0.914285714285714	392.544324	3568.70106418665
0.915	392.832468	3470.486978733
0.915714285714286	393.134831	3307.28296782329
0.916428571428571	393.438743	3290.42617599866
0.917142857142857	393.738873	3331.88951454343
0.917857142857143	394.049592	3218.34197458147
0.918571428571429	394.363386	3186.80408165894
0.919285714285714	394.651461	3471.31823309911
0.92	394.955301	3291.20589784057
0.920714285714286	395.24683	3430.19047847764
0.921428571428571	395.544308	3361.59312621424
0.922142857142857	395.855232	3216.22004091032
0.922857142857143	396.166316	3214.56584073761
0.923571428571429	396.46264	3374.68446700203
0.924285714285714	396.770006	3253.45028402619
0.925	397.073356	3296.52216911195
0.925714285714286	397.362617	3457.08546952394
0.926428571428571	397.661198	3349.17493075566
0.927142857142857	397.975335	3183.32447308063
0.927857142857143	398.268199	3414.55419580409
0.928571428571429	398.563445	3387.00608983672
0.929285714285714	398.828619	3771.10878140388
0.93	399.109329	3562.39535463647
0.930714285714286	399.411962	3304.3323100916
0.931428571428571	399.710342	3351.43106106298
0.932142857142857	399.979861	3710.3135585988
0.932857142857143	400.25937	3577.70232801139
0.933571428571429	400.681347	2369.79740601961
0.934285714285714	401.071698	2561.79694685034
0.935	401.355493	3523.67025493757
0.935714285714286	401.638058	3539.00872365679
0.936428571428571	401.935789	3358.73657764896
0.937142857142857	402.237496	3314.47397640734
0.937857142857143	402.535075	3360.45218244584
0.938571428571429	402.838297	3297.91373976817
0.939285714285714	403.134926	3371.21454746506
0.94	403.427436	3418.68654063117
0.940714285714286	403.718744	3432.79278289628
0.941428571428571	404.02101	3308.34430600889
0.942142857142857	404.346193	3075.19150755077
0.942857142857143	404.652072	3269.26660542297
0.943571428571429	404.936896	3510.94008931814
0.944285714285714	405.205722	3719.87828558263
0.945	405.502076	3374.34284673051
0.945714285714286	405.808655	3261.80201514129
0.946428571428571	406.112101	3295.47926154892
0.947142857142857	406.414638	3305.38082945194
0.947857142857143	406.718231	3293.88358756649
0.948571428571429	407.118092	2500.86905199565
0.949285714285714	407.543278	2351.91186915846
0.95	407.846404	3298.95818900369
0.950714285714286	408.142942	3372.24908780664
0.951428571428571	408.455659	3197.77946194142
0.952142857142857	408.748403	3415.95387095927
0.952857142857143	409.036014	3476.91847669215
0.953571428571429	409.463385	2339.88735782263
0.954285714285714	409.770331	3257.90204140161
0.955	410.049183	3586.13171144513
0.955714285714286	410.367246	3144.03121394194
0.956428571428571	410.655413	3470.20998240619
0.957142857142857	410.948978	3406.4006267777
0.957857142857143	411.258463	3231.17437032495
0.958571428571429	411.533932	3630.1725421011
0.959285714285714	411.832955	3344.22435732331
0.96	412.134107	3320.58229731226
0.960714285714286	412.440076	3268.30495899907
0.961428571428571	412.736241	3376.49620988266
0.962142857142857	413.016001	3574.49242207593
0.962857142857143	413.307863	3426.27680205051
0.963571428571429	413.580433	3668.78233114389
0.964285714285714	413.881262	3324.14760545066
0.965	414.187471	3265.7433321683
0.965714285714286	414.485931	3350.53273470507
0.966428571428571	414.771139	3506.21300945261
0.967142857142857	415.058016	3485.8144779818
0.967857142857143	415.362785	3281.17361017727
0.968571428571429	415.674311	3210.00494340746
0.969285714285714	415.960309	3496.52794774781
0.97	416.389317	2330.95886323793
0.970714285714286	416.695659	3264.32549242379
0.971428571428571	417.003937	3243.82537839192
0.972142857142857	417.302413	3350.35312721968
0.972857142857143	417.589274	3486.00890326689
0.973571428571429	417.890602	3318.64280783717
0.974285714285714	418.19198	3318.09222969162
0.975	418.466851	3638.07022203118
0.975714285714286	418.764365	3361.1863643394
0.976428571428571	419.070881	3262.47243210808
0.977142857142857	419.373806	3301.14714863398
0.977857142857143	419.663365	3453.52760577295
0.978571428571429	419.939215	3625.15860068889
0.979285714285714	420.231214	3424.66926256559
0.98	420.538735	3251.81044546603
0.980714285714286	421.074884	1865.15315705141
0.981428571428571	421.375886	3322.23706154795
0.982142857142857	421.680515	3282.68155690984
0.982857142857143	421.986427	3268.91393603413
0.983571428571429	422.299771	3191.38071895395
0.984285714285714	422.58617	3491.6323031859
0.985	422.8807	3395.23987369697
0.985714285714286	423.415096	1871.27149155303
0.986428571428571	423.722448	3253.598479919
0.987142857142857	424.031183	3239.02375823913
0.987857142857143	424.341591	3221.56645447287
0.988571428571429	424.653975	3201.18828108985
0.989285714285714	425.047386	2541.87096954575
0.99	425.321079	3653.72881294031
0.990714285714286	425.627396	3264.59190968856
0.991428571428571	425.947949	3119.60892582488
0.992142857142857	426.240296	3420.59265188279
0.992857142857143	426.548875	3240.66122451616
0.993571428571429	426.841208	3420.75646608508
0.994285714285714	427.143879	3303.91745492596
0.995	427.418901	3636.07275054388
0.995714285714286	427.729246	3222.22043209993
0.996428571428571	428.00518	3624.05502765145
0.997142857142857	428.293852	3464.13923068372
0.997857142857143	428.59773	3290.79433193587