#% Complete	time_depth_infty	rate_depth_infty0.0	0.0	0.0
0.00121212121212121	7.125136	1403.4819826597
0.00242424242424242	29.087839	455.317362348341
0.00363636363636364	68.612368	253.007442542832
0.00484848484848485	122.999823	183.865930112008
0.00606060606060606	198.540917	132.378278768375
0.00727272727272727	292.318022	106.635836113729
0.00848484848484849	401.685556	91.434812821143
0.0096969696969697	516.754246	86.9046132357986
0.0109090909090909	648.94369	75.6490056800602
0.0121212121212121	796.262612	67.8799428087045
0.0133333333333333	955.233663	62.9045347382147
0.0145454545454545	1118.796669	61.1385193055207
0.0157575757575758	1301.031359	54.8742942411239
0.016969696969697	1497.804539	50.8199338954628
0.0181818181818182	1715.792922	45.8740042124171
0.0193939393939394	1959.131495	41.0950055172716
0.0206060606060606	2219.639793	38.3864931626862
0.0218181818181818	2500.723673	35.5765688163974
0.023030303030303	2799.204669	33.5029704872735
0.0242424242424242	3119.848955	31.1872078705934
0.0254545454545455	3474.342239	28.2092791354546
0.0266666666666667	3862.938793	25.7336301546308