#% Complete	time_depth_0	rate_depth_00.0	0.0	0.0
0.000714285714285714	1.270432	787.13382534445
0.00142857142857143	4.15001	347.273107378928
0.00214285714285714	8.538587	227.864294052491
0.00285714285714286	15.1663	150.881608784207
0.00357142857142857	23.143808	125.352428352313
0.00428571428571429	33.030624	101.14479727346
0.005	48.327176	65.3742098219259
0.00571428571428571	66.818639	54.079009324465
0.00642857142857143	90.193371	42.7812391603035
0.00714285714285714	115.838042	38.9944561971569
0.00785714285714286	144.986789	34.3067919866333
0.00857142857142857	176.854241	31.3799797988242
0.00928571428571429	216.044869	25.5163045613865
0.01	260.952667	22.267847557344
0.0107142857142857	309.274067	20.6947646384418
0.0114285714285714	360.192762	19.6391521817281
0.0121428571428571	414.916678	18.2735460671345
0.0128571428571429	472.030141	17.509006589217
0.0135714285714286	531.823658	16.7242211225006
0.0142857142857143	595.322754	15.7482556917031
0.015	662.318683	14.926280072928
0.0157142857142857	731.376983	14.4805186342554
0.0164285714285714	803.815953	13.8047241698771
0.0171428571428571	881.5676	12.8614638864177
0.0178571428571429	993.759142	8.9133278870523
0.0185714285714286	1127.323805	7.48701024312097
0.0192857142857143	1321.237976	5.15692068734884
0.02	1607.900116	3.48842717772218
0.0207142857142857	2024.053377	2.40296086493961
0.0214285714285714	2638.852423	1.62654774191045
0.0221428571428571	3474.914718	1.19608312201186
0.0228571428571429	4325.363976	1.17584910633199