#% Complete	time_depth_1	rate_depth_10.0	0.0	0.0
0.00130718954248366	0.044088	22681.9089094538
0.00261437908496732	0.115401	14022.6887103333
0.00392156862745098	0.187195	13928.7405632783
0.00522875816993464	0.277166	11114.6925120317
0.0065359477124183	0.382632	9481.72870877818
0.00784313725490196	0.48057	10210.5413629031
0.00915032679738562	0.556762	13124.7375052499
0.0104575163398693	0.617495	16465.512983057
0.0117647058823529	0.687262	14333.4241116861
0.0130718954248366	0.752151	15410.9325155265
0.0143790849673203	0.824469	13827.8160347355
0.0156862745098039	0.908748	11865.3519856667
0.0169934640522876	0.995378	11543.3452614568
0.0183006535947712	1.079417	11899.2372588917
0.0196078431372549	1.169324	11122.6044690625
0.0209150326797386	1.283771	8737.66896467361
0.0222222222222222	1.399281	8657.25911176522
0.0235294117647059	1.523496	8050.55750110695
0.0248366013071895	1.655161	7595.03284851706
0.0261437908496732	1.767668	8888.33583688127
0.0274509803921569	1.879911	8909.24155626632
0.0287581699346405	2.005064	7990.21997075579
0.0300653594771242	2.154183	6706.05355454368
0.0313725490196078	2.297551	6975.05719546902
0.0326797385620915	2.444649	6798.18896246039
0.0339869281045752	2.586146	7067.28764567448
0.0352941176470588	2.732646	6825.9385665529
0.0366013071895425	2.915518	5468.30570016186
0.0379084967320261	3.080195	6072.49342652588
0.0392156862745098	3.217908	7261.47858226891
0.0405228758169935	3.365018	6797.63442322072
0.0418300653594771	3.57843	4685.77212153019
0.0431372549019608	3.793118	4657.92219406767
0.0444444444444444	3.983328	5257.34714263183
0.0457516339869281	4.21521	4312.53827377719
0.0470588235294118	4.424638	4774.91070916974
0.0483660130718954	4.677407	3956.1813355277
0.0496732026143791	4.903983	4413.53011792951
0.0509803921568627	5.085133	5520.28705492687
0.0522875816993464	5.314122	4367.02199668979
0.0535947712418301	5.485209	5844.97945489722
0.0549019607843137	5.710028	4448.02263153915
0.0562091503267974	5.934274	4459.38835029388
0.057516339869281	6.20248	3728.47736441393
0.0588235294117647	6.490821	3468.11587668766
0.0601307189542484	6.851544	2772.21025551463
0.061437908496732	7.161672	3224.47505546096
0.0627450980392157	7.537563	2660.34568531835
0.0640522875816993	7.884029	2886.2861002234
0.065359477124183	8.269753	2592.52729931246
0.0666666666666667	8.609798	2940.78724874649
0.0679738562091503	9.032362	2366.50542876346
0.069281045751634	9.40753	2665.472534971
0.0705882352941176	9.771154	2750.09350317911
0.0718954248366013	10.168251	2518.276390907
0.073202614379085	10.601397	2308.69037229941
0.0745098039215686	10.939722	2955.73782605483
0.0758169934640523	11.346377	2459.0869410188
0.077124183006536	11.75958	2420.11795654921
0.0784313725490196	12.130558	2695.57763533147
0.0797385620915033	12.487812	2799.12891108288
0.0810457516339869	12.897382	2441.58507703201
0.0823529411764706	13.292508	2530.83826424989
0.0836601307189542	13.683502	2557.5840038466
0.0849673202614379	14.099297	2405.03132553302
0.0862745098039216	14.491509	2549.64152040223
0.0875816993464052	14.85299	2766.39712737323
0.0888888888888889	15.238429	2594.44425706792
0.0901960784313725	15.654383	2404.11199315309
0.0915032679738562	15.99869	2904.38474965655
0.0928104575163399	16.369559	2696.36987723429
0.0941176470588235	16.765223	2527.39698329896
0.0954248366013072	17.170164	2469.49555614274
0.0967320261437909	17.595486	2351.15982714272
0.0980392156862745	18.017408	2370.10632296966
0.0993464052287582	18.381362	2747.59997142496
0.100653594771242	18.82463	2255.97155671061
0.101960784313725	19.185812	2768.6872546251
0.103267973856209	19.601565	2405.27428545313
0.104575163398693	19.963568	2762.40804634217
0.105882352941176	20.391831	2335.01376490614
0.10718954248366	20.719238	3054.30244313652
0.108496732026144	21.10509	2591.66727138903
0.109803921568627	21.491343	2588.9766551975
0.111111111111111	21.882789	2554.63077921349
0.112418300653595	22.366166	2068.7786137942
0.113725490196078	22.765281	2505.54351502699
0.115032679738562	23.162566	2517.08471248602
0.116339869281046	23.585206	2366.0798788567
0.117647058823529	24.05528	2127.3246339938
0.118954248366013	24.4598	2472.06565806387
0.120261437908497	24.887049	2340.55550744414
0.12156862745098	25.246738	2780.17954399496
0.122875816993464	25.696619	2222.81003198625
0.124183006535948	26.138924	2260.8833271159
0.125490196078431	26.494552	2811.92706985952
0.126797385620915	26.950992	2190.86846025764
0.128104575163399	27.295035	2906.61341750886
0.129411764705882	27.662842	2718.81720576279
0.130718954248366	28.041593	2640.25705542693
0.13202614379085	28.443993	2485.08946322068
0.133333333333333	28.869544	2349.89460722685
0.134640522875817	29.282149	2423.62550138753
0.135947712418301	29.776128	2024.37755451143
0.137254901960784	30.173565	2516.1220520485
0.138562091503268	30.539618	2731.84484214034
0.139869281045752	30.998051	2181.34383868526
0.141176470588235	31.602591	1654.15026300989
0.142483660130719	32.220016	1619.62991456452
0.143790849673203	32.690137	2127.1119562836
0.145098039215686	33.194385	1983.1511478479
0.14640522875817	33.743614	1820.73415642654
0.147712418300654	34.137218	2540.62458714853
0.149019607843137	34.50861	2692.5728071687
0.150326797385621	34.788996	3566.51188005107
0.151633986928105	35.214719	2348.94520615515
0.152941176470588	35.57556	2771.30370440166
0.154248366013072	36.012562	2288.31904659475
0.155555555555556	36.367372	2818.40985316084
0.156862745098039	36.744386	2652.42139549198
0.158169934640523	37.119237	2667.72664338631
0.159477124183007	37.476485	2799.1759226084
0.16078431372549	37.854646	2644.37633706275
0.162091503267974	38.264771	2438.28101188662
0.163398692810458	38.699415	2300.73347383146
0.164705882352941	39.168416	2132.19161579613
0.166013071895425	39.585547	2397.32841721187
0.167320261437908	39.945731	2776.35874997221
0.168627450980392	40.3624	2399.98656007527
0.169934640522876	40.778872	2401.12180410689
0.171241830065359	41.242342	2157.63695600578
0.172549019607843	41.683268	2267.9542598985
0.173856209150327	42.045539	2760.36447852575
0.17516339869281	42.491221	2243.75227179915
0.176470588235294	42.875881	2599.69843498156
0.177777777777778	43.377214	1994.68217731527
0.179084967320261	43.847856	2124.7572464846
0.180392156862745	44.266883	2386.48106207953
0.181699346405229	44.667983	2493.1438544004
0.183006535947712	45.085829	2393.22621252808
0.184313725490196	45.555037	2131.25095906292
0.18562091503268	46.010361	2196.23828306874
0.186928104575163	46.382586	2686.54711532003
0.188235294117647	46.811032	2334.01642213958
0.189542483660131	47.292172	2078.39714012552
0.190849673202614	47.706744	2412.12624103895
0.192156862745098	48.18736	2080.66314895885
0.193464052287582	48.654257	2141.80001156571
0.194771241830065	49.053669	2503.68041020301
0.196078431372549	49.453177	2503.07878690791
0.197385620915033	49.888777	2295.68411386593
0.198692810457516	50.311851	2363.65269432771
0.2	50.774131	2163.19113956909
0.201307189542484	51.146525	2685.32790539053
0.202614379084967	51.570081	2360.96289510711
0.203921568627451	52.033422	2158.23766944864
0.205228758169935	52.448507	2409.14511485601
0.206535947712418	52.910716	2163.52342771343
0.207843137254902	53.39127	2080.93159145487
0.209150326797386	53.898596	1971.11916203783
0.210457516339869	54.329191	2322.36788629685
0.211764705882353	54.716543	2581.63117784341
0.213071895424837	55.160722	2251.34461557166
0.21437908496732	55.59207	2318.31375130985
0.215686274509804	56.02716	2298.37504884046
0.216993464052288	56.478484	2215.70313123167
0.218300653594771	56.931876	2205.59692275117
0.219607843137255	57.35059	2388.26502099288
0.220915032679739	57.705787	2815.33909351709
0.222222222222222	58.156813	2217.16708127692
0.223529411764706	58.598685	2263.09881594668
0.22483660130719	59.090542	2033.1112498145
0.226143790849673	59.537851	2235.59105674152
0.227450980392157	60.013191	2103.75731055667
0.228758169934641	60.526777	1947.09357342294
0.230065359477124	60.995092	2135.31490556571
0.231372549019608	61.513116	1930.41249054099
0.232679738562092	61.895463	2615.42525506933
0.233986928104575	62.353062	2185.31946092539
0.235294117647059	62.821159	2136.30935468503
0.236601307189542	63.206767	2593.30719279685
0.237908496732026	63.679203	2116.68882134299
0.23921568627451	64.035388	2807.52979490998
0.240522875816993	64.529908	2022.16290544363
0.241830065359477	65.068494	1856.71369103543
0.243137254901961	65.537823	2130.70149085182
0.244444444444444	66.035237	2010.39777730425
0.245751633986928	66.451353	2403.17603745108
0.247058823529412	66.926613	2104.11143374151
0.248366013071895	67.3949	2135.44258115214
0.249673202614379	67.917251	1914.42152881879
0.250980392156863	68.350997	2305.49676538797
0.252287581699346	68.859615	1966.11209198259
0.25359477124183	69.383469	1908.92882367988
0.254901960784314	69.874657	2035.8803553833
0.256209150326797	70.347126	2116.54097940816
0.257516339869281	70.840411	2027.2256403499
0.258823529411765	71.308447	2136.5877838457
0.260130718954248	71.744533	2293.12566787283
0.261437908496732	72.231395	2053.9701188427
0.262745098039216	72.77429	1841.97680951201
0.264052287581699	73.329157	1802.23368843344
0.265359477124183	73.733757	2471.57686604052
0.266666666666667	74.285214	1813.37801496762
0.26797385620915	74.807084	1916.18602333912
0.269281045751634	75.265596	2180.9680008375
0.270588235294118	75.706762	2266.72046349902
0.271895424836601	76.209614	1988.6567021708
0.273202614379085	76.668333	2179.98382452001
0.274509803921569	77.229188	1782.99203894058
0.275816993464052	77.668824	2274.60899471377
0.277124183006536	78.044732	2660.22537429374
0.27843137254902	78.496805	2212.03212755463
0.279738562091503	78.97798	2078.24596040938
0.281045751633987	79.414823	2289.15193788159
0.282352941176471	79.860463	2243.96373754601
0.283660130718954	80.316048	2194.98008055577
0.284967320261438	80.77337	2186.64310923155
0.286274509803922	81.163562	2562.8408578341
0.287581699346405	81.564647	2493.23709438152
0.288888888888889	82.048931	2064.90406455715
0.290196078431373	82.382156	3000.97531697803
0.291503267973856	82.839737	2185.40542548749
0.29281045751634	83.243064	2479.37777535347
0.294117647058824	83.710599	2138.8773033035
0.295424836601307	84.173084	2162.23228861476
0.296732026143791	84.551074	2645.57263419669
0.298039215686275	84.902334	2846.89403860391
0.299346405228758	85.284313	2617.94496556093
0.300653594771242	85.717455	2308.71169270122
0.301960784313725	86.199446	2074.72753640631
0.303267973856209	86.604669	2467.77700179897
0.304575163398693	87.099827	2019.55739380156
0.305882352941176	87.669097	1756.63569132401
0.30718954248366	88.148408	2086.32808343639
0.308496732026144	88.51515	2726.71251179302
0.309803921568627	88.925815	2435.07481767381
0.311111111111111	89.284412	2788.64574996442
0.312418300653595	89.719635	2297.67268733503
0.313725490196078	90.175038	2195.85729562605
0.315032679738562	90.645019	2127.74558971531
0.316339869281046	91.133364	2047.73264802549
0.317647058823529	91.557146	2359.70380997776
0.318954248366013	92.009443	2210.93661907993
0.320261437908497	92.422561	2420.61590151
0.32156862745098	92.934183	1954.56802092169
0.322875816993464	93.389603	2195.77532826846
0.324183006535948	93.890781	1995.29907537837
0.325490196078431	94.341495	2218.70188190298
0.326797385620915	94.737811	2523.23903147994
0.328104575163399	95.185108	2235.65103275896
0.329411764705882	95.592742	2453.18103985437
0.330718954248366	95.967827	2666.06235919859
0.33202614379085	96.441653	2110.47937428506
0.333333333333333	96.842994	2491.64675425634
0.334640522875817	97.320295	2095.11398467635
0.335947712418301	97.723711	2478.83078509533
0.337254901960784	98.128132	2472.6708059176
0.338562091503268	98.575645	2234.57195656886
0.339869281045752	99.019327	2253.86650799442
0.341176470588235	99.441693	2367.61481748059
0.342483660130719	99.882787	2267.09046144363
0.343790849673203	100.389291	1974.31807053841
0.345098039215686	100.887269	2008.1208406797
0.34640522875817	101.338807	2214.65303030974
0.347712418300654	101.735468	2521.04441828164
0.349019607843137	102.178652	2256.39914798367
0.350326797385621	102.666042	2051.74500913024
0.351633986928105	103.186243	1922.33386710137
0.352941176470588	103.658096	2119.304105304
0.354248366013072	104.180469	1914.34090199914
0.355555555555556	104.653615	2113.5125310158
0.356862745098039	105.131048	2094.53473052761
0.358169934640523	105.546421	2407.47472753412
0.359477124183007	105.988602	2261.51734244571
0.36078431372549	106.483554	2020.39793757779
0.362091503267974	106.909073	2350.07132466466
0.363398692810458	107.2979	2571.83786105394
0.364705882352941	107.813367	1939.98839886937
0.366013071895425	108.3064	2028.2617999201
0.367320261437909	108.759926	2204.94525120943
0.368627450980392	109.240288	2081.76333681676
0.369934640522876	109.612564	2686.17907144162
0.371241830065359	110.037745	2351.93952693091
0.372549019607843	110.475987	2281.84427781909
0.373856209150327	110.979719	1985.18259709528
0.37516339869281	111.475319	2017.75625504441
0.376470588235294	111.928656	2205.86451138996
0.377777777777778	112.412189	2068.11117338426
0.379084967320261	112.900661	2047.20024893954
0.380392156862745	113.355138	2200.33136990432
0.381699346405229	113.783252	2335.82643875225
0.383006535947712	114.272749	2042.91343971465
0.384313725490196	114.724989	2211.2152839201
0.38562091503268	115.243729	1927.74800478078
0.386928104575163	115.77693	1875.46534983996
0.388235294117647	116.273996	2011.80527334397
0.389542483660131	116.779255	1979.18295369302
0.390849673202614	117.346521	1762.84141831172
0.392156862745098	117.860056	1947.28694246739
0.393464052287582	118.420606	1783.96218000176
0.394771241830065	118.821627	2493.634996671
0.396078431372549	119.400381	1727.84982911568
0.397385620915033	119.86538	2150.54225923064
0.398692810457516	120.409055	1839.33416103373
0.4	120.863289	2201.50847360612
0.401307189542484	121.361535	2007.04069877125
0.402614379084967	121.85688	2018.79498127568
0.403921568627451	122.258138	2492.16215003814
0.405228758169935	122.684391	2346.02454410877
0.406535947712418	123.192619	1967.62083159531
0.407843137254902	123.737603	1834.9162544221
0.409150326797386	124.201979	2153.42739504201
0.410457516339869	124.658657	2189.72667831596
0.411764705882353	125.576453	1089.56674467965
0.413071895424837	126.524007	1055.34882444695
0.41437908496732	127.468562	1058.69959928219
0.415686274509804	128.384932	1091.2622630597
0.416993464052288	129.351508	1034.57979507043
0.418300653594771	130.311502	1041.67317712403
0.419607843137255	131.222337	1097.89369095388
0.420915032679739	132.157634	1069.17909498267
0.422222222222222	133.112732	1047.01297667884
0.423529411764706	134.049774	1067.1880235891
0.42483660130719	134.986062	1068.04743839503
0.426143790849673	135.943465	1044.49223576697
0.427450980392157	136.936535	1006.97836003505
0.42875816993464	137.897038	1041.12116255752
0.430065359477124	138.848062	1051.49817459918
0.431372549019608	139.806822	1043.01389294504
0.432679738562092	140.731741	1081.17575701225
0.433986928104575	141.623418	1121.48233048516
0.435294117647059	142.574824	1051.07598648735
0.436601307189542	143.493645	1088.35126754833
0.437908496732026	144.423657	1075.25494294697
0.43921568627451	145.334106	1098.35916124901
0.440522875816993	146.27471	1063.1466589553
0.441830065359477	147.232602	1043.9590266961
0.443137254901961	148.15806	1080.5460647593
0.444444444444444	149.080203	1084.43050589767
0.445751633986928	150.063001	1017.50308812187
0.447058823529412	151.00757	1058.68390768703
0.448366013071895	151.920131	1095.81715633255
0.449673202614379	152.886536	1034.76285822196
0.450980392156863	153.824226	1066.45053269204
0.452287581699346	154.777802	1048.6841111773
0.45359477124183	155.694693	1090.64218102262
0.454901960784314	156.596669	1108.67694927582
0.456209150326797	157.524717	1077.53047256174
0.457516339869281	158.48264	1043.92524242555
0.458823529411765	159.402162	1087.52156011493
0.460130718954248	160.319684	1089.89212247773
0.461437908496732	161.280173	1041.13633784458
0.462745098039216	162.153794	1144.66112879611
0.464052287581699	163.096033	1061.30185653534
0.465359477124183	164.054349	1043.49713455687
0.466666666666667	164.998174	1059.51844886499
0.46797385620915	165.911609	1094.76864801547
0.469281045751634	166.848766	1067.057067279
0.470588235294118	167.783001	1070.39449389072
0.471895424836601	168.721488	1065.54486103699
0.473202614379085	169.793862	932.510486080419
0.474509803921569	170.688387	1117.91174086804
0.475816993464052	171.586267	1113.73457477616
0.477124183006536	172.533661	1055.52705632503
0.47843137254902	173.489202	1046.52756919901
0.479738562091503	174.471023	1018.51559500154
0.481045751633987	175.456546	1014.68966224025
0.482352941176471	176.395724	1064.76088664769
0.483660130718954	177.344219	1054.30181498057
0.484967320261438	178.334497	1009.81744520227
0.486274509803922	179.257491	1083.43066152111
0.487581699346405	180.221948	1036.8528612473
0.488888888888889	181.181677	1041.96080351848
0.490196078431373	182.092855	1097.4804044874
0.491503267973856	183.034578	1061.88337759614
0.49281045751634	183.996789	1039.27309082935
0.494117647058824	184.944868	1054.76442363979
0.495424836601307	185.900171	1046.78829648814
0.496732026143791	186.841879	1061.90029181019
0.498039215686275	187.757552	1092.09291963398
0.499346405228758	188.685075	1078.14038034635
0.500653594771242	189.601288	1091.44925906967
0.501960784313725	190.56321	1039.5853302035
0.503267973856209	191.491527	1077.2182347194
0.504575163398693	192.435829	1058.98324900294
0.505882352941176	193.40305	1033.88987625373
0.50718954248366	194.327676	1081.51836526337
0.508496732026144	195.221262	1119.08646733499
0.509803921568627	196.15834	1067.14702511422
0.511111111111111	197.070913	1095.80274673919
0.512418300653595	197.937257	1154.27589964264
0.513725490196078	198.8514	1093.9207541927
0.515032679738562	199.801447	1052.5795039614
0.516339869281046	200.716524	1092.80421210456
0.517647058823529	201.612506	1116.09385009966
0.518954248366013	202.535652	1083.25226995513
0.520261437908497	203.450243	1093.38491194424
0.52156862745098	204.400821	1051.99152515627
0.522875816993464	205.29626	1116.77065662767
0.524183006535948	206.194394	1113.41960108403
0.525490196078431	207.13383	1064.46846831503
0.526797385620915	208.090177	1045.64556588767
0.528104575163399	209.047317	1044.779238147
0.529411764705882	209.979766	1072.44471279392
0.530718954248366	210.946341	1034.58086542692
0.53202614379085	211.854313	1101.35554840898
0.533333333333333	212.742154	1126.32779968484
0.534640522875817	213.655662	1094.68116316441
0.535947712418301	214.586141	1074.71528105418
0.537254901960784	215.511933	1080.15623379765
0.538562091503268	216.426055	1093.94588468499
0.539869281045752	217.387818	1039.75719589959
0.541176470588235	218.319222	1073.64795513012
0.542483660130719	219.242447	1083.1595764846
0.543790849673203	220.157319	1093.04908227599
0.545098039215686	221.106623	1053.40333549631
0.54640522875817	222.064398	1044.08655477539
0.547712418300654	223.038423	1026.66769333438
0.549019607843137	223.959752	1085.38860710993
0.550326797385621	224.889266	1075.8310256758
0.551633986928105	225.829	1064.1309136415
0.552941176470588	226.744065	1092.81854294504
0.554248366013072	227.690049	1057.10033150668
0.555555555555556	228.624673	1069.94898483239
0.556862745098039	229.593592	1032.07801684145
0.558169934640523	230.557021	1037.95920612729
0.559477124183007	231.485297	1077.26581318486
0.56078431372549	232.416495	1073.88546796708
0.562091503267974	233.344684	1077.36678629029
0.563398692810458	234.243409	1112.687418287
0.564705882352941	235.20445	1040.53833291192
0.566013071895425	236.120044	1092.18714845226
0.567320261437908	237.021752	1109.00646328969
0.568627450980392	237.927298	1104.30613132848
0.569934640522876	238.880287	1049.33005522624
0.571241830065359	239.788154	1101.48292646392
0.572549019607843	240.731931	1059.57233541397
0.573856209150327	241.688526	1045.37447927285
0.57516339869281	242.610593	1084.51988846798
0.576470588235294	243.515142	1105.52330498403
0.577777777777778	244.423153	1101.3082440631
0.579084967320261	245.375465	1050.07602550427
0.580392156862745	246.277248	1108.91422881115
0.581699346405229	247.176494	1112.04275581987
0.583006535947712	248.104041	1078.11248378788
0.584313725490196	249.036617	1072.29866520261
0.58562091503268	249.952463	1091.88662722774
0.586928104575163	250.886405	1070.73030230999
0.588235294117647	251.813269	1078.90693780318
0.589542483660131	252.750425	1067.058205891
0.590849673202614	253.690702	1063.51638931934
0.592156862745098	254.624684	1070.68444573877
0.593464052287582	255.571368	1056.31868712262
0.594771241830065	256.530754	1042.33332568956
0.596078431372549	257.483103	1050.03522868189
0.597385620915033	258.411479	1077.14977552204
0.598692810457516	259.32662	1092.72778730272
0.6	260.233548	1102.62336150169
0.601307189542484	261.158042	1081.67278532901
0.602614379084967	262.112412	1047.81164537865
0.603921568627451	263.052216	1064.05165332348
0.605228758169935	264.025467	1027.484174175
0.606535947712418	264.956689	1073.85779116044
0.607843137254902	265.874358	1089.71753431794
0.609150326797386	266.796045	1084.96702242733
0.610457516339869	267.73019	1070.49762081904
0.611764705882353	268.670357	1063.64082125832
0.613071895424837	269.586327	1091.73881240657
0.61437908496732	270.553721	1033.70498473216
0.615686274509804	271.478109	1081.7968212482
0.616993464052288	272.440289	1039.3065746534
0.618300653594771	273.402997	1038.73656394252
0.619607843137255	274.36443	1040.11407971226
0.620915032679739	275.287325	1083.54688236475
0.622222222222222	276.192395	1104.88691482431
0.623529411764706	277.114123	1084.91876128312
0.62483660130719	278.056045	1061.65903333824
0.626143790849673	278.997593	1062.08074362644
0.627450980392157	279.909745	1096.30850998519
0.628758169934641	280.815542	1104.00012364801
0.630065359477124	281.75593	1063.39085568937
0.631372549019608	282.661933	1103.74910458354
0.632679738562091	283.550658	1125.20746012543
0.633986928104575	284.528627	1022.52729892259
0.635294117647059	285.431753	1107.2652099485
0.636601307189542	286.352707	1085.83056265569
0.637908496732026	287.264264	1097.02410271654
0.63921568627451	288.182634	1088.88574321899
0.640522875816993	289.110343	1077.92421977151
0.641830065359477	290.080801	1030.44129678975
0.643137254901961	291.02208	1062.38426651396
0.644444444444444	291.918433	1115.63189948606
0.645751633986928	292.829645	1097.43945426527
0.647058823529412	293.765192	1068.89338536708
0.648366013071895	294.679538	1093.67788561446
0.649673202614379	295.608508	1076.46102672854
0.650980392156863	296.522136	1094.53738282975
0.652287581699346	297.401853	1136.72919813982
0.65359477124183	298.354335	1049.88860681884
0.654901960784314	299.292053	1066.41868877422
0.656209150326797	300.256687	1036.66260986033
0.657516339869281	301.17971	1083.39662175265
0.658823529411765	302.114265	1070.02798123172
0.660130718954248	303.072855	1043.19886499962
0.661437908496732	303.970486	1114.04352122421
0.662745098039216	304.874368	1106.3391017854
0.664052287581699	305.771391	1114.79861720381
0.665359477124183	306.721849	1052.12434426347
0.666666666666667	307.648782	1078.82662500962
0.66797385620915	308.581555	1072.07219763008
0.669281045751634	309.420749	1191.61957783299
0.670588235294118	310.317439	1115.21261528513
0.671895424836601	311.245279	1077.77202966028
0.673202614379085	312.155075	1099.14750119804
0.674509803921569	313.118536	1037.92473177431
0.675816993464052	314.02112	1107.93012063144
0.677124183006536	314.928568	1101.99151907328
0.67843137254902	315.862899	1070.28451373224
0.679738562091503	316.768675	1104.02571938322
0.681045751633987	317.646043	1139.77259257227
0.682352941176471	318.562765	1090.84324364421
0.683660130718954	319.510768	1054.84898254545
0.684967320261438	320.455297	1058.72874205028
0.686274509803922	321.392842	1066.61546912415
0.687581699346405	322.355186	1039.12945890448
0.688888888888889	323.233532	1138.50350545227
0.690196078431373	324.152183	1088.55267125388
0.691503267973856	325.062185	1098.89868373913
0.69281045751634	325.945526	1132.06564622273
0.694117647058824	326.863317	1089.57268049041
0.695424836601307	327.751614	1125.74960852054
0.696732026143791	328.696263	1058.59425035122
0.698039215686274	329.613719	1089.97052719693
0.699346405228758	330.501017	1127.01707881683
0.700653594771242	331.467834	1034.32190373153
0.701960784313725	332.384129	1091.35158436967
0.703267973856209	333.280287	1115.87465603162
0.704575163398693	334.203837	1082.77840939848
0.705882352941177	335.124802	1085.81759350251
0.70718954248366	336.044246	1087.61381878614
0.708496732026144	336.986725	1061.03159858205
0.709803921568627	337.912794	1079.83314418251
0.711111111111111	338.842365	1075.76505721462
0.712418300653595	339.742588	1110.83587066755
0.713725490196078	340.671225	1076.84703495555
0.715032679738562	341.509544	1192.86333722603
0.716339869281046	342.411168	1109.10978412291
0.717647058823529	343.346777	1068.82255301093
0.718954248366013	344.293297	1056.50171153275
0.720261437908497	345.228354	1069.45351994581
0.72156862745098	346.127382	1112.31240851232
0.722875816993464	347.080821	1048.83479698229
0.724183006535948	348.016813	1068.3851998735
0.725490196078431	348.961065	1059.03932424818
0.726797385620915	349.865146	1106.09558214368
0.728104575163399	350.76029	1117.13869500324
0.729411764705882	351.695309	1069.49698348375
0.730718954248366	352.887433	838.83891273057
0.73202614379085	353.800294	1095.45703015024
0.733333333333333	354.701457	1109.67716162337
0.734640522875817	355.660646	1042.54740202402
0.735947712418301	356.533473	1145.70241296381
0.737254901960784	357.441894	1100.81118776429
0.738562091503268	358.289262	1180.12480999988
0.739869281045752	359.242	1049.60650252219
0.741176470588235	360.179616	1066.53470077303
0.742483660130719	361.103626	1082.23936970378
0.743790849673203	362.05382	1052.41666438648
0.745098039215686	362.982769	1076.48536141376
0.74640522875817	363.826659	1184.98856486037
0.747712418300654	364.690979	1156.9788967049
0.749019607843137	365.628796	1066.30611302632
0.750326797385621	366.463732	1197.69658991831
0.751633986928105	367.351452	1126.48132293966
0.752941176470588	368.202986	1174.35122966315
0.754248366013072	369.125405	1084.10602990616
0.755555555555556	370.041001	1092.18476271195
0.756862745098039	370.941286	1110.75937064374
0.758169934640523	371.872359	1074.02964107
0.759477124183007	372.795789	1082.91911677117
0.76078431372549	373.695424	1111.56191121956
0.762091503267974	374.610387	1092.94037026634
0.763398692810457	375.551699	1062.34702202885
0.764705882352941	376.409312	1166.02710080186
0.766013071895425	377.326748	1089.99428842992
0.767320261437909	378.278337	1050.87385415341
0.768627450980392	379.222852	1058.7444349746
0.769934640522876	380.154541	1073.31953044417
0.77124183006536	381.085294	1074.39890067507
0.772549019607843	382.017312	1072.94065136078
0.773856209150327	383.011649	1005.69525221331
0.77516339869281	383.951314	1064.20905322636
0.776470588235294	384.896729	1057.73654955764
0.777777777777778	385.815986	1087.83506679849
0.779084967320261	386.735766	1087.21650829546
0.780392156862745	387.679207	1059.94969478748
0.781699346405229	388.58069	1109.28325880801
0.783006535947712	389.493367	1095.67787946889
0.784313725490196	390.362707	1150.29792716311
0.78562091503268	391.264803	1108.52946914744
0.786928104575163	392.221863	1044.86657053893
0.788235294117647	393.124594	1107.74970616937
0.789542483660131	394.063648	1064.90148596353
0.790849673202614	394.986245	1083.89686938068
0.792156862745098	395.933393	1055.80120530263
0.793464052287582	396.863916	1074.66446288808
0.794771241830065	397.766806	1107.55463013218
0.796078431372549	398.707251	1063.32640398959
0.797385620915033	399.616368	1099.96843090599
0.798692810457516	400.537931	1085.11300909434
0.8	401.508312	1030.52306259091
0.801307189542484	402.367363	1164.07524116726
0.802614379084967	403.22456	1166.59297687698
0.803921568627451	404.109447	1130.08779652092
0.805228758169935	405.01366	1105.93411065752
0.806535947712418	405.94008	1079.42401934327
0.807843137254902	406.865099	1081.05887554746
0.809150326797386	407.818583	1048.78529686916
0.810457516339869	408.739646	1085.70206381105
0.811764705882353	409.689231	1053.09161370492
0.813071895424837	410.594842	1104.22687003578
0.81437908496732	411.549985	1046.9636483752
0.815686274509804	412.472999	1083.40718558979
0.816993464052288	413.410759	1066.3709264631
0.818300653594771	414.338747	1077.60014138111
0.819607843137255	415.279994	1062.42038487244
0.820915032679739	416.16782	1126.34682922102
0.822222222222222	417.127825	1041.66124134774
0.823529411764706	418.062426	1069.97531566942
0.824836601307189	418.950324	1126.25549331116
0.826143790849673	419.903797	1048.79739646537
0.827450980392157	420.820709	1090.61720208698
0.828758169934641	421.761456	1062.98505336718
0.830065359477124	422.602011	1189.69014520169
0.831372549019608	423.511485	1099.53665525349
0.832679738562092	424.452133	1063.09692892558
0.833986928104575	425.39079	1065.35188039936
0.835294117647059	426.324857	1070.58701356538
0.836601307189543	427.243992	1087.97945894784
0.837908496732026	428.194308	1052.28155687162
0.83921568627451	429.143642	1053.37004679067
0.840522875816993	430.017164	1144.79085815815
0.841830065359477	430.967309	1052.47093864618
0.843137254901961	431.836146	1150.96387469688
0.844444444444444	432.765013	1076.58039310254
0.845751633986928	433.659292	1118.21925819573
0.847058823529412	434.583079	1082.5006197316
0.848366013071895	435.547146	1037.27230576298
0.849673202614379	436.435997	1125.0479551691
0.850980392156863	437.352445	1091.16938440588
0.852287581699346	438.254835	1108.16830860268
0.85359477124183	439.130745	1141.66980625866
0.854901960784314	440.047255	1091.09556906087
0.856209150326797	440.994052	1056.19261573494
0.857516339869281	441.930873	1067.43977771633
0.858823529411765	442.841292	1098.39535422702
0.860130718954248	443.790773	1053.2069625406
0.861437908496732	444.704478	1094.44514367329
0.862745098039216	445.653509	1053.706359434
0.864052287581699	446.583004	1075.85301696079
0.865359477124183	447.460134	1140.08185787744
0.866666666666667	448.380512	1086.5101078035
0.86797385620915	449.315118	1069.96959146424
0.869281045751634	450.177825	1159.14209575209
0.870588235294118	451.003833	1210.64202768012
0.871895424836601	451.930018	1079.69790052739
0.873202614379085	452.852283	1084.28705415474
0.874509803921569	453.714801	1159.39609376265
0.875816993464052	454.572663	1165.68865388612
0.877124183006536	455.56311	1009.64514002262
0.87843137254902	456.427291	1157.16499205602
0.879738562091503	457.244022	1224.39334370811
0.881045751633987	458.203	1042.77678945711
0.882352941176471	459.081441	1138.38038069715
0.883660130718954	460.004929	1082.85110364182
0.884967320261438	460.934989	1075.19944949792
0.886274509803922	461.797505	1159.39878216748
0.887581699346405	462.75011	1049.75304559602
0.888888888888889	463.669567	1087.59844125395
0.890196078431372	464.598046	1077.03028286042
0.891503267973856	465.543082	1058.16074731543
0.89281045751634	466.458799	1092.04044480995
0.894117647058824	467.313387	1170.15450720116
0.895424836601307	468.19385	1135.76606853437
0.896732026143791	469.11467	1085.9885754002
0.898039215686275	470.041351	1079.119999223
0.899346405228758	470.995004	1048.59943816045
0.900653594771242	471.89156	1115.37929588332
0.901960784313726	472.835508	1059.38038959776
0.903267973856209	473.749068	1094.61885371511
0.904575163398693	474.628162	1137.53478012596
0.905882352941176	475.519713	1121.64082593138
0.90718954248366	476.444761	1081.02498464944
0.908496732026144	477.402194	1044.45950787159
0.909803921568627	478.326708	1081.649385515
0.911111111111111	479.204032	1139.82975502781
0.912418300653595	480.052347	1178.80740055284
0.913725490196078	480.972275	1087.04159455954
0.915032679738562	481.861725	1124.29029175339
0.916339869281046	482.796003	1070.3452291502
0.917647058823529	483.668045	1146.73375823639
0.918954248366013	484.642261	1026.46640991319
0.920261437908497	485.543688	1109.3521716124
0.92156862745098	486.43743	1118.89113413039
0.922875816993464	487.271119	1199.48805849664
0.924183006535948	488.052511	1279.76738947932
0.925490196078431	488.939664	1127.20128320593
0.926797385620915	489.876609	1067.29850738306
0.928104575163399	490.783579	1102.57230117865
0.929411764705882	491.662259	1138.07074247731
0.930718954248366	492.631581	1031.648925744
0.93202614379085	493.553142	1085.11536403993
0.933333333333333	494.423339	1149.16507411538
0.934640522875817	495.395292	1028.85633358816
0.935947712418301	496.255439	1162.59197555761
0.937254901960784	497.215862	1041.20788444259
0.938562091503268	498.083117	1153.06340119111
0.939869281045752	498.926753	1185.34533851092
0.941176470588235	499.859879	1071.66663451672
0.942483660130719	500.792491	1072.25727312108
0.943790849673203	501.720908	1077.10220730553
0.945098039215686	502.624407	1106.80808722532
0.94640522875817	503.488814	1156.86245021157
0.947712418300654	504.375422	1127.89417645676
0.949019607843137	505.328608	1049.11318462508
0.950326797385621	506.263233	1069.94784004275
0.951633986928105	507.124554	1161.00733640539
0.952941176470588	507.990358	1154.9958189151
0.954248366013072	508.919759	1075.96182917817
0.955555555555556	509.865863	1056.96625318148
0.956862745098039	510.762575	1115.18525457444
0.958169934640523	511.701908	1064.58518970378
0.959477124183007	512.63599	1070.5698214932
0.96078431372549	513.527209	1122.05866347107
0.962091503267974	514.388743	1160.72029658724
0.963398692810458	515.347126	1043.42418427703
0.964705882352941	516.259086	1096.53932190006
0.966013071895425	517.175026	1091.77457038673
0.967320261437909	518.165553	1009.56359594434
0.968627450980392	519.122367	1045.135209142
0.969934640522876	520.075346	1049.34106627753
0.971241830065359	521.015831	1063.28117939139
0.972549019607843	521.899782	1131.28442639931
0.973856209150327	522.778619	1137.8674316169
0.97516339869281	523.683357	1105.29236088244
0.976470588235294	524.584756	1109.3866312255
0.977777777777778	525.525695	1062.76814968869
0.979084967320261	526.414423	1125.20366186278
0.980392156862745	527.330875	1091.16462182424
0.981699346405229	528.268057	1067.02860276872
0.983006535947712	529.136855	1151.01554101187
0.984313725490196	530.085891	1053.7008079778
0.98562091503268	531.043108	1044.69519450656
0.986928104575163	531.988503	1057.75892616305
0.988235294117647	532.904079	1092.20862058422
0.989542483660131	533.818443	1093.65635567457
0.990849673202614	534.706723	1125.77115323996
0.992156862745098	535.606865	1110.93583012463
0.993464052287582	536.525846	1088.161779188
0.994771241830065	537.476687	1051.70054719983
0.996078431372549	538.337243	1162.03942567367
0.997385620915033	539.298222	1040.6054658842
0.998692810457516	540.155336	1166.70594576681
1.0	541.019244	1157.53066298736