#% Complete	time_depth_infty	time_depth_1_nohash	time_depth_0	rate_depth_infty	rate_depth_1_nohash	rate_depth_0
0.0	0.0	0.0	0.0	0	0	0
0.000714285714285714	0.070671	1.372763	1.270432	14150.075702905	728.457861990744	787.13382534445
0.00142857142857143	0.15898	4.343151	4.15001	11323.8741238152	336.65635600467	347.273107378928
0.00214285714285714	0.249009	8.824098	8.538587	11107.532017461	223.167111773471	227.864294052491
0.00285714285714286	0.338298	15.88797	15.1663	11199.5878551669	141.565419078941	150.881608784207
0.00357142857142857	0.422351	24.738525	23.143808	11897.2553032016	112.987264640466	125.352428352313
0.00428571428571429	0.50315	35.735482	33.030624	12376.3907969158	90.9342466284082	101.14479727346
0.005	0.584247	52.222857	48.327176	12330.9123642058	60.6524689345636	65.3742098219259
0.00571428571428571	0.663893	72.395435	66.818639	12555.5583456796	49.5722460460929	54.079009324465
0.00642857142857143	0.744644	95.271623	90.193371	12383.7475696895	43.7135767550083	42.7812391603035
0.00714285714285714	0.825618	121.532785	115.838042	12349.6430953145	38.0790461594959	38.9944561971569
0.00785714285714286	0.89534	151.188255	144.986789	14342.6751957775	33.7205918503399	34.3067919866333
0.00857142857142857	0.949256	183.931026	176.854241	18547.3699829364	30.5410925666615	31.3799797988242
0.00928571428571429	1.002605	224.278733	216.044869	18744.4938049448	24.7845559104511	25.5163045613865
0.01	1.055761	269.554096	260.952667	18812.5517345173	22.0870675294199	22.267847557344
0.0107142857142857	1.109757	318.536543	309.274067	18519.890362249	20.4154765889912	20.6947646384418
0.0114285714285714	1.163339	370.590722	360.192762	18662.9838378561	19.2107534728384	19.6391521817281
0.0121428571428571	1.217629	425.671967	414.916678	18419.5984527537	18.1549999459889	18.2735460671345
0.0128571428571429	1.2713	483.376165	472.030141	18632.0359225653	17.3297616925548	17.509006589217
0.0135714285714286	1.327356	544.202505	531.823658	17839.3035535893	16.4402461170605	16.7242211225006
0.0142857142857143	1.38699	609.675871	595.322754	16768.9573062347	15.2733861277271	15.7482556917031
0.015	1.478383	678.078075	662.318683	10941.7570273434	14.6194119709944	14.926280072928
0.0157142857142857	1.570774	750.621095	731.376983	10823.5650658614	13.7849237597222	14.4805186342554
0.0164285714285714	1.661958	825.36196	803.815953	10966.8362870679	13.3795615022652	13.8047241698771
0.0171428571428571	1.763539	907.102346	881.5676	9844.36065799705	12.2338546333755	12.8614638864177
0.0178571428571429	1.886805	1023.392815	993.759142	8112.53711485731	8.59915699540261	8.9133278870523
0.0185714285714286	1.966209	1163.087855	1127.323805	12593.8239887159	7.15845029286652	7.48701024312097
0.0192857142857143	2.10221	1359.846224	1321.237976	7352.88711112419	5.08237593695443	5.15692068734884
0.02	2.260401	1633.890997	1607.900116	6321.472144433	3.64903876491744	3.48842717772218
0.0207142857142857	2.49486	2026.530617	2024.053377	4265.1380411927	2.54686473056387	2.40296086493961
0.0214285714285714	2.863764	2635.340743	2638.852423	2710.73233144667	1.64254823843058	1.62654774191045
0.0221428571428571	3.169658	3481.783624	3474.914718	3269.10629172197	1.18141462636981	1.19608312201186
0.0228571428571429	3.494364	4351.877585	4325.363976	3079.70902909093	1.14930116150984	1.17584910633199