#% Complete	time_depth_1	rate_depth_10.0	0.0	0.0
0.0123456790123457	0.034133	29297.1611050889
0.0246913580246914	0.069277	28454.3592078306
0.037037037037037	0.103685	29063.0086026505
0.0493827160493827	0.137557	29522.9097779877
0.0617283950617284	0.171826	29180.8923516881
0.0740740740740741	0.207559	27985.3356841015
0.0864197530864197	0.242286	28796.0376652173
0.0987654320987654	0.277608	28310.9676688749
0.111111111111111	0.312429	28718.3021739754
0.123456790123457	0.349099	27270.2481592583
0.135802469135802	0.385216	27687.7924523078
0.148148148148148	0.42147	27583.1632371601
0.160493827160494	0.459113	26565.3640783147
0.172839506172839	0.498593	25329.2806484295
0.185185185185185	0.533635	28537.1839506877
0.197530864197531	0.569152	28155.5311540952
0.209876543209877	0.604107	28608.2105564298
0.222222222222222	0.640858	27210.1439416614
0.234567901234568	0.6658	40093.0157966484
0.246913580246914	0.682919	58414.6270226061
0.259259259259259	0.700191	57897.1746178788
0.271604938271605	0.717722	57041.8116479381
0.283950617283951	0.734722	58823.5294117647
0.296296296296296	0.751969	57981.0981619991
0.308641975308642	0.769955	55598.7990659403
0.320987654320988	0.791337	46768.309793284
0.333333333333333	0.808749	57431.6563289686
0.345679012345679	0.826734	55601.8904642757
0.358024691358025	0.843742	58795.8607714016
0.37037037037037	0.861916	55023.6601738747
0.382716049382716	0.878915	58826.9898229308
0.395061728395062	0.896886	55645.206165489
0.407407407407407	0.914136	57971.0144927533
0.419753086419753	0.931695	56950.8514152287
0.432098765432099	0.949072	57547.3326811303
0.444444444444444	0.966362	57836.8999421634
0.45679012345679	0.984256	55884.654073991
0.469135802469136	1.001674	57411.8727752901
0.481481481481481	1.01975	55321.9738880284
0.493827160493827	1.038542	53214.1336739034
0.506172839506173	1.056072	57045.065601826
0.518518518518518	1.073679	56795.5926620089
0.530864197530864	1.09143	56334.8543744019
0.54320987654321	1.109389	55682.3876607827
0.555555555555556	1.127108	56436.593487217
0.567901234567901	1.144862	56325.3351357439
0.580246913580247	1.162576	56452.5234277972
0.592592592592593	1.18019	56773.021460202
0.604938271604938	1.198132	55735.1465834358
0.617283950617284	1.215844	56458.8979223127
0.62962962962963	1.242852	37026.0663507107
0.641975308641975	1.260854	55549.3834018447
0.654320987654321	1.278392	57019.0443608163
0.666666666666667	1.295798	57451.453521774
0.679012345679012	1.313383	56866.6477111176
0.691358024691358	1.331383	55555.5555555555
0.703703703703704	1.349332	55713.4102178395
0.716049382716049	1.367202	55959.709009513
0.728395061728395	1.385107	55850.3211393464
0.740740740740741	1.402717	56785.9170925614
0.753086419753086	1.420963	54806.5329387263
0.765432098765432	1.438286	57726.721699474
0.777777777777778	1.456483	54954.1133153823
0.790123456790123	1.47394	57283.6111588473
0.802469135802469	1.492559	53708.5772597886
0.814814814814815	1.510482	55794.230876527
0.827160493827161	1.528135	56647.5953095794
0.839506172839506	1.545817	56554.6883836671
0.851851851851852	1.563685	55965.9726886053
0.864197530864197	1.581916	54851.626350721
0.876543209876543	1.598769	59336.6166261207
0.888888888888889	1.616856	55288.3286338248
0.901234567901235	1.634749	55887.7773430953
0.91358024691358	1.651987	58011.3702285645
0.925925925925926	1.671175	52115.9057744424
0.938271604938272	1.688611	57352.6038082129
0.950617283950617	1.706418	56157.6907957548
0.962962962962963	1.723632	58092.2504937839
0.975308641975309	1.741242	56785.9170925614
0.987654320987654	1.759274	55456.9653948534