#% Complete	time_depth_infty	rate_depth_infty0.0	0.0	0.0
0.00161290322580645	0.083866	11923.7831779267
0.0032258064516129	0.217878	7462.01832671701
0.00483870967741936	0.409501	5218.58023306179
0.00645161290322581	0.631	4514.69306859173
0.00806451612903226	0.932631	3315.3091028442
0.00967741935483871	1.136205	4912.21865267667
0.0112903225806452	1.383465	4044.32581088732
0.0129032258064516	1.727007	2910.85223931863
0.0145161290322581	2.085902	2786.33026372616
0.0161290322580645	2.349375	3795.45532179768
0.017741935483871	2.657932	3240.89228246321
0.0193548387096774	3.092226	2302.58764799882
0.0209677419354839	3.558616	2144.12830463775
0.0225806451612903	3.982661	2358.24028110224
0.0241935483870968	4.389394	2458.61535700324
0.0258064516129032	4.966279	1733.44774088423
0.0274193548387097	5.523544	1794.47838999399
0.0290322580645161	6.042833	1925.70996111992
0.0306451612903226	6.561388	1928.43574934192
0.032258064516129	7.168468	1647.22936021612
0.0338709677419355	7.759377	1692.30795266276
0.0354838709677419	8.413396	1529.00756705845
0.0370967741935484	9.189581	1288.35264788678
0.0387096774193548	9.855402	1501.90516670397
0.0403225806451613	10.531729	1478.57471311954
0.0419354838709677	11.306394	1290.88057418368
0.0435483870967742	12.150725	1184.36963702624
0.0451612903225806	12.968823	1222.34744492713
0.0467741935483871	13.851712	1132.64521361123
0.0483870967741935	14.564629	1402.68783042065
0.05	15.423804	1163.90723659324
0.0516129032258065	16.370307	1056.52068720332
0.0532258064516129	17.448342	927.613667459776
0.0548387096774194	18.392088	1059.60714005675
0.0564516129032258	19.506782	897.107188161056
0.0580645161290323	20.635254	886.154020658024
0.0596774193548387	21.914793	781.531473444733
0.0612903225806452	23.016603	907.597498661293
0.0629032258064516	24.020823	995.797733564358
0.0645161290322581	25.311554	774.754770746189
0.0661290322580645	27.835671	396.178148635741
0.067741935483871	30.404854	389.228793744938
0.0693548387096774	33.009623	383.91120287442
0.0709677419354839	35.842414	353.008746497712
0.0725806451612903	38.687909	351.432703273069
0.0741935483870968	41.484663	357.557368291956
0.0758064516129032	44.47763	334.116614048869
0.0774193548387097	47.523741	328.287445861296
0.0790322580645161	50.87735	298.186222663405
0.0806451612903226	54.248336	296.649110972279
0.082258064516129	57.817164	280.204033368938
0.0838709677419355	61.503296	271.287083587891
0.0854838709677419	65.353241	259.743970368408
0.0870967741935484	69.27901	254.727163009336
0.0887096774193548	73.346455	245.854584388971
0.0903225806451613	77.600189	235.087572471622
0.0919354838709677	81.929835	230.965764868537
0.0935483870967742	86.292635	229.210598698083
0.0951612903225806	90.752131	224.240586828646
0.0967741935483871	95.388364	215.692351959015
0.0983870967741935	100.145681	210.202515409421
0.1	104.963356	207.569003720674
0.101612903225806	109.761797	208.401020248035
0.103225806451613	114.709458	202.115706795595
0.104838709677419	119.715919	199.741893525187
0.106451612903226	124.849798	194.784489466931
0.108064516129032	129.969663	195.317649977099
0.109677419354839	135.29751	187.693077522684
0.111290322580645	140.818655	181.12185063062
0.112903225806452	146.39056	179.471832344594
0.114516129032258	152.064367	176.248504751747
0.116129032258065	157.827712	173.510348590966
0.117741935483871	163.715106	169.8544381436
0.119354838709677	169.686912	167.453530807933
0.120967741935484	175.921352	160.399330172397
0.12258064516129	182.068558	162.6755309648
0.124193548387097	188.437247	157.018186945539
0.125806451612903	195.020127	151.909194759741
0.12741935483871	201.530772	153.594613129728
0.129032258064516	208.136188	151.390919209328
0.130645161290323	215.073648	144.144975250308
0.132258064516129	222.179507	140.728939316133
0.133870967741935	229.396344	138.564858815573
0.135483870967742	236.741758	136.139365323724
0.137096774193548	244.243163	133.308360233849
0.138709677419355	251.822542	131.93693045301
0.140322580645161	259.512826	130.034209399809
0.141935483870968	267.388116	126.979450915458
0.143548387096774	275.425291	124.421827321167
0.145161290322581	283.439702	124.775233014628
0.146774193548387	291.594336	122.629660632225
0.148387096774194	300.013871	118.771404834115
0.15	308.55292	117.109059802796
0.151612903225806	317.236157	115.164425432589
0.153225806451613	325.778438	117.064751206381
0.154838709677419	334.472983	115.014644239578
0.156451612903226	343.32852	112.923699601729
0.158064516129032	352.407264	110.147394837877
0.159677419354839	361.673455	107.91920865866
0.161290322580645	371.175337	105.242308839449
0.162903225806452	380.831821	103.557361043626
0.164516129032258	390.591791	102.459331329912
0.166129032258065	400.645237	99.4683812893608
0.167741935483871	410.781225	98.6583646310552
0.169354838709677	420.954698	98.2948497528818
0.170967741935484	431.261772	97.0207451697737
0.17258064516129	441.693301	95.863223885971
0.174193548387097	452.360579	93.7446272610505
0.175806451612903	463.072767	93.3516103339484
0.17741935483871	473.973424	91.7375897617912
0.179032258064516	485.043963	90.3298385019917
0.180645161290323	496.240268	89.3151803206505
0.182258064516129	507.597226	88.051747659893
0.183870967741935	519.288646	85.5328095304078
0.185483870967742	530.774596	87.0628898785037
0.187096774193548	542.625622	84.3808797651778
0.188709677419355	554.620329	83.3701064978081
0.190322580645161	566.684618	82.889261024831
0.191935483870968	578.945583	81.5596488530875
0.193548387096774	591.43347	80.0775983959496
0.195161290322581	604.304208	77.6956224266241
0.196774193548387	616.837826	79.7854218949393
0.198387096774194	629.757702	77.4001236544373
0.2	643.814425	71.1403361935778
0.201612903225806	658.059811	70.1981680243697
0.203225806451613	671.780551	72.8823664029784
0.204838709677419	686.007201	70.2906165541428
0.206451612903226	700.281405	70.0564458795744
0.208064516129032	715.11685	67.4061344300759
0.209677419354839	730.680674	64.2515618269651
0.211290322580645	746.484702	63.2750081181835
0.212903225806452	761.569094	66.2936895302112
0.214516129032258	776.78589	65.7168565577141
0.216129032258065	792.677403	62.926670355428
0.217741935483871	808.194894	64.4434077648251
0.219354838709677	823.966641	63.4045169504684
0.220967741935484	839.83178	63.0312788309009
0.22258064516129	856.163217	61.231598909514
0.224193548387097	872.523916	61.1220828645526
0.225806451612903	889.262902	59.7407752178057
0.22741935483871	905.764849	60.5989099346884
0.229032258064516	922.356224	60.2722800250131
0.230645161290323	939.827788	57.2358605102552
0.232258064516129	957.552891	56.4171615815152
0.233870967741935	975.302518	56.3392120859782
0.235483870967742	993.482063	55.0068772348261
0.237096774193548	1011.770481	54.6794151358527
0.238709677419355	1031.692854	50.1948236788864
0.240322580645161	1051.417102	50.6990177775086
0.241935483870968	1070.647389	52.0013039846991
0.243548387096774	1089.904422	51.9290796250905
0.245161290322581	1109.1313	52.0105240174719
0.246774193548387	1128.977251	50.3881119126012
0.248387096774194	1149.018582	49.896885591082
0.25	1168.953761	50.1625794280551
0.251612903225806	1189.565748	48.5154585048011
0.253225806451613	1210.470302	47.8364666378437
0.254838709677419	1231.090897	48.495205885184
0.256451612903226	1251.669078	48.5951600872792
0.258064516129032	1272.830371	47.2560915819272
0.259677419354839	1294.023246	47.1856697121085
0.261290322580645	1315.500722	46.5604058875446
0.262903225806452	1336.740215	47.0821031368309
0.264516129032258	1358.051213	46.9241280957374
0.266129032258065	1379.861283	45.8503801225764
0.267741935483871	1401.91137	45.3512949858201
0.269354838709677	1424.54381	44.1843654506543
0.270967741935484	1447.393116	43.7650053791567
0.27258064516129	1470.095528	44.0481830741155
0.274193548387097	1493.088883	43.4908259364502
0.275806451612903	1516.385763	42.9242027258584
0.27741935483871	1539.664265	42.9580906881381
0.279032258064516	1563.387653	42.1524952506782
0.280645161290323	1587.45434	41.551211431802
0.282258064516129	1611.74441	41.1690867914337
0.283870967741935	1636.157655	40.9613715833353
0.285483870967742	1660.831548	40.5286672840802
0.287096774193548	1685.877642	39.9263853277883
0.288709677419355	1710.885473	39.9874743235427
0.290322580645161	1735.977579	39.8531713519781
0.291935483870968	1761.273908	39.5314276628838
0.293548387096774	1786.528787	39.5963092913649
0.295161290322581	1812.710694	38.1943148755358
0.296774193548387	1838.536373	38.7211503713032
0.298387096774194	1865.080558	37.6730346024936
0.3	1891.549549	37.7800574264429
0.301612903225806	1918.432737	37.1979692289471
0.303225806451613	1945.401365	37.0801213914184
0.304838709677419	1972.750628	36.5640565890202
0.306451612903226	2000.134705	36.5175718721505
0.308064516129032	2028.087831	35.7741742372569
0.309677419354839	2055.69225	36.2260839469217
0.311290322580645	2083.857445	35.5048136538731
0.312903225806452	2112.472927	34.9461176296108
0.314516129032258	2141.384384	34.5883640523546
0.316129032258064	2170.791745	34.0050914463218
0.317741935483871	2200.38795	33.7881157398391
0.319354838709677	2230.704345	32.9854522610617
0.320967741935484	2260.383352	33.6938496628276
0.32258064516129	2290.416985	33.2960051819239
0.324193548387097	2320.70536	33.0159673472082
0.325806451612903	2351.088091	32.9134336212237
0.32741935483871	2381.817392	32.5422306221676
0.329032258064516	2412.787931	32.2887502861995
0.330645161290323	2442.534147	33.6177213263025
0.332258064516129	2473.302489	32.5009387896166
0.333870967741935	2503.913421	32.6680677347556
0.335483870967742	2534.161617	33.0598228072841
0.337096774193548	2564.359242	33.115187038716
0.338709677419355	2595.454692	32.1590457767939
0.340322580645161	2626.360154	32.3567400480858
0.341935483870968	2657.757299	31.8500296762652
0.343548387096774	2689.438617	31.564343377381
0.345161290322581	2721.153934	31.530506221962
0.346774193548387	2752.918722	31.4814000962324
0.348387096774194	2785.025764	31.1458153012039
0.35	2817.120187	31.1580613242369
0.351612903225806	2849.502511	30.8810448564468
0.353225806451613	2882.434368	30.365733702779
0.354838709677419	2915.568705	30.180172308865
0.356451612903226	2949.190743	29.7423969362
0.358064516129032	2982.376512	30.133398445581
0.359677419354839	3015.951448	29.7841222988482
0.361290322580645	3050.053423	29.3238148230417
0.362903225806452	3084.429245	29.0902134645682
0.364516129032258	3119.268729	28.7030657514904
0.366129032258065	3154.493959	28.3887429549786
0.367741935483871	3188.857937	29.1002397917957
0.369354838709677	3223.646627	28.7449743005558
0.370967741935484	3258.452745	28.7305812156357
0.37258064516129	3293.418445	28.5994560383464
0.374193548387097	3329.168541	27.971952858532
0.375806451612903	3365.559235	27.4795528768975
0.37741935483871	3402.036937	27.4140076038784
0.379032258064516	3438.640939	27.3194171500701
0.380645161290323	3474.769613	27.6788458939843
0.382258064516129	3511.515994	27.2135642418774
0.383870967741935	3547.578771	27.7294230558006
0.385483870967742	3583.980911	27.4709124243793
0.387096774193548	3621.668967	26.5336052355686