#% Complete	time_depth_infty	rate_depth_infty0.0	0.0	0.0
0.00127226463104326	0.052678	18983.256767531
0.00254452926208651	0.140389	11401.0785420301
0.00381679389312977	0.25452	8761.86136982941
0.00508905852417303	0.407744	6526.39273220905
0.00636132315521628	0.631296	4473.232178643
0.00763358778625954	0.889532	3872.42677240973
0.0089058524173028	1.008271	8421.83275924507
0.0101781170483461	1.195001	5355.32587157928
0.0114503816793893	1.345314	6652.78452296208
0.0127226463104326	1.720597	2664.6557398017
0.0139949109414758	1.889626	5916.14456690863
0.0152671755725191	2.174329	3512.4322539629
0.0165394402035623	2.416595	4127.69435248859
0.0178117048346056	3.12178	1418.06759928246
0.0190839694656489	3.306647	5409.29424937929
0.0203562340966921	3.572678	3758.96042190572
0.0216284987277354	3.974503	2488.64555465688
0.0229007633587786	4.379633	2468.34349468072
0.0241730279898219	5.847319	681.344647288317
0.0254452926208651	6.394498	1827.5555165677
0.0267175572519084	6.701547	3256.80917378008
0.0279898218829517	7.489585	1268.97433880092
0.0292620865139949	7.929395	2273.70910165753
0.0305343511450382	8.320779	2555.03546389224
0.0318066157760814	9.400837	925.876202944657
0.0330788804071247	10.042036	1559.57822766411
0.0343511450381679	12.775933	365.77822792885
0.0356234096692112	13.299923	1908.43336704899
0.0368956743002544	13.895837	1678.09449014455
0.0381679389312977	14.398428	1989.68942937697
0.039440203562341	15.998944	624.798502482949
0.0407124681933842	16.675568	1477.92570171913
0.0419847328244275	17.580566	1104.9748176239
0.0432569974554707	18.342626	1312.23263260111
0.044529262086514	19.305777	1038.25879846462
0.0458015267175573	20.647346	745.395876022776
0.0470737913486005	26.137072	182.158453809899
0.0483460559796438	27.168148	969.860611632897
0.049618320610687	30.196717	330.188944019436
0.0508905852417303	31.403006	828.9887415039
0.0521628498727735	32.495884	915.015216703058
0.0534351145038168	34.512286	495.93285465894
0.0547073791348601	35.894312	723.575388596164
0.0559796437659033	37.36146	681.594494897583
0.0572519083969466	39.039141	596.060872120505
0.0585241730279898	40.62222	631.680415190904
0.0597964376590331	42.336103	583.470400254859
0.0610687022900763	44.108375	564.247474428304
0.0623409669211196	50.012055	169.385874573148
0.0636132315521628	52.507126	400.790197954286
0.0648854961832061	54.478983	507.13616656786
0.0661577608142494	67.911888	74.44406105753
0.0674300254452926	70.40788	400.642309750993
0.0687022900763359	72.847226	409.945944527754
0.0699745547073791	75.427115	387.613575622828
0.0712468193384224	84.200553	113.980403121331
0.0725190839694656	86.981914	359.536212667107
0.0737913486005089	90.169706	313.696753113126
0.0750636132315522	93.314984	317.936920043317
0.0763358778625954	96.608623	303.615544994458
0.0776081424936387	107.971219	88.0080573136631
0.0788804071246819	111.416574	290.245852749572
0.0801526717557252	114.666111	307.736148257428
0.0814249363867685	120.675184	166.415019421465
0.0826972010178117	140.194127	51.2322824038166
0.083969465648855	143.95627	265.80595155474
0.0852417302798982	147.446408	286.521621781144
0.0865139949109415	151.788727	230.291694368838
0.0877862595419847	156.338751	219.779060506054
0.089058524173028	169.372155	76.7259267034154
0.0903307888040712	182.9771	73.5026859719021
0.0916030534351145	200.216679	58.006056876447
0.0928753180661578	205.948908	174.452206986148
0.094147582697201	212.458565	153.617924876841
0.0954198473282443	230.368362	55.8353620646845
0.0966921119592875	253.999002	42.3179397595664
0.0979643765903308	260.778338	147.507071489007
0.099236641221374	267.142317	157.134396577991
0.100508905852417	310.305481	23.1679030758728
0.101781170483461	317.036917	148.556712119078
0.103053435114504	336.424271	51.5800144774786
0.104325699745547	342.156206	174.461154915399
0.10559796437659	361.597508	51.436884216911
0.106870229007634	368.615595	142.488971709812
0.108142493638677	376.034159	134.79697688124
0.10941475826972	385.869242	101.676823672968
0.110687022900763	393.71664	127.430773869249
0.111959287531807	414.343978	48.47935298292
0.11323155216285	438.275084	41.7866186376844
0.114503816793893	448.021085	102.606186886293
0.115776081424936	456.567792	117.004128022641
0.11704834605598	465.329417	114.134079009316
0.118320610687023	473.165337	127.617433562363
0.119592875318066	482.324879	109.175764465079
0.120865139949109	491.422876	109.914303115291
0.122137404580153	499.169355	129.090906978512
0.123409669211196	509.079525	100.906442573639
0.124681933842239	517.044377	125.55161100294
0.125954198473282	525.217926	122.345874478761
0.127226463104326	549.68111	40.8777532801945
0.128498727735369	559.355292	103.367912656595
0.129770992366412	568.655922	107.519598134749
0.131043256997455	592.495937	41.9462823324566
0.132315521628499	604.354993	84.3237438123236
0.133587786259542	613.856557	105.245831107385
0.134860050890585	622.951231	109.954463458503
0.136132315521628	633.954459	90.8824210495317
0.137404580152672	645.136486	89.4292242363576
0.138676844783715	656.064597	91.507123234747
0.139949109414758	667.02722	91.2190449311264
0.141221374045802	679.907941	77.6354056578044
0.142493638676845	693.832558	71.8152606998101
0.143765903307888	705.554081	85.3131457405318
0.145038167938931	719.020757	74.2573742770673
0.146310432569975	727.888534	112.76783347168
0.147582697201018	741.935166	71.1914429024698
0.148854961832061	753.294438	88.0338106174407
0.150127226463104	767.676112	69.5329347612803
0.151399491094148	779.175401	86.9618982530139
0.152671755725191	791.557055	80.7646538984208
0.153944020356234	821.002912	33.9606349375397
0.155216284987277	905.862239	11.7842084700955
0.156488549618321	919.451	73.5902265114532
0.157760814249364	932.860538	74.5737847195034
0.159033078880407	947.652265	67.6053580491309
0.16030534351145	985.935474	26.1211122609915
0.161577608142494	1003.81766	55.9215746889109
0.162849872773537	1019.066375	65.5792963538241
0.16412213740458	1036.808949	56.3616079606037
0.165394402035623	1053.399485	60.2753280545007
0.166666666666667	1073.559883	49.6021953534846
0.16793893129771	1117.696909	22.656714568852
0.169211195928753	1135.898643	54.9398205687437
0.170483460559796	1219.903492	11.9040747278767
0.17175572519084	1237.030158	58.3884802798159
0.173027989821883	1259.001473	45.5138893598312
0.174300254452926	1280.005674	47.6095234472381
0.175572519083969	1298.20213	54.9557562197829
0.176844783715013	1314.718282	60.5467908021185
0.178117048346056	1332.304526	56.8626251290502
0.179389312977099	1351.186101	52.9616835459962
0.180661577608142	1370.477676	51.8360994371896
0.181933842239186	1386.032526	64.2886302343
0.183206106870229	1405.875662	50.3952601040482
0.184478371501272	1425.777709	50.2460877516769
0.185750636132316	1442.926826	58.3120402059187
0.187022900763359	1464.288194	46.8134812339732
0.188295165394402	1484.191541	50.242805895913
0.189567430025445	1502.429074	54.8319775487178
0.190839694656489	1520.912088	54.1037300518191
0.192111959287532	1541.639301	48.2457530590343
0.193384223918575	1562.025159	49.0536135393465
0.194656488549618	1585.07437	43.3854330198114
0.195928753180662	1604.12925	52.4799946260488
0.197201017811705	1624.221694	49.7699533217559
0.198473282442748	1647.510516	42.9390546245749
0.199745547073791	1667.65389	49.6441162240248
0.201017811704835	1690.36837	44.024780668543
0.202290076335878	1783.86829	10.6951963167455
0.203562340966921	1841.796458	17.2627589396578
0.204834605597964	1864.58214	43.8872095204349
0.206106870229008	1884.532459	50.1245117935206
0.207379134860051	1905.937373	46.7182442312079
0.208651399491094	1927.438903	46.5083182452598
0.209923664122137	1949.977229	44.368867501517
0.211195928753181	1972.612232	44.1793623795855
0.212468193384224	2029.656279	17.530313022847
0.213740458015267	2051.586834	45.5984812057877
0.21501272264631	2071.874923	49.2900045933363
0.216284987277354	2096.441351	40.7059585544954
0.217557251908397	2119.718198	42.9611450382432
0.21882951653944	2173.022597	18.7601777481817
0.220101781170483	2197.934901	40.1408075302871
0.221374045801527	2254.961534	17.5356661860082
0.22264631043257	2282.514111	36.2942457251822
0.223918575063613	2307.993947	39.2467204263011
0.225190839694656	2335.108694	36.8802998604411
0.2264631043257	2356.467296	46.8195437135825
0.227735368956743	2381.885738	39.3415143225535
0.229007633587786	2408.705286	37.2862361438754
0.23027989821883	2432.636971	41.7856076577976
0.231552162849873	2514.770093	12.1753560031481
0.232824427480916	2535.055432	49.29668663659
0.234096692111959	2636.814124	9.82717034137979
0.235368956743003	2666.603598	33.5689042377853
0.236641221374046	2693.990266	36.5141170148925
0.237913486005089	2722.207021	35.439936307346
0.239185750636132	2745.453303	43.0176318088207
0.240458015267176	2771.592224	38.257126221851
0.241730279898219	2797.673194	38.3421322136409
0.243002544529262	2942.015401	6.92798053170961
0.244274809160305	2971.149505	34.3240348150061
0.245547073791349	3000.500644	34.0702280753053
0.246819338422392	3102.036584	9.8487294252656
0.248091603053435	3162.490311	16.5415773290537
0.249363867684478	3191.107623	34.943882919542
0.250636132315522	3218.98559	35.870621412243
0.251908396946565	3248.046598	34.4103686974655
0.253180661577608	3276.123641	35.6162862307114
0.254452926208651	3305.998657	33.472785420433
0.255725190839695	3339.167535	30.1487436505993
0.256997455470738	3373.617726	29.0274152616455
0.258269720101781	3399.913327	38.0291745375962
0.259541984732824	3431.499633	31.6592893135402
0.260814249363868	3463.726983	31.0295447810632
0.262086513994911	4087.43671	1.60330993202548