#% Complete	time_depth_infty_basictcm	rate_depth_infty_basictcm0.0	0.0	0.0
0.00130718954248366	0.060612	16498.3831584505
0.00261437908496732	0.121766	16352.1601203519
0.00392156862745098	0.18043	17046.2293740625
0.00522875816993464	0.240834	16555.1950201973
0.0065359477124183	0.303862	15865.9643333122
0.00784313725490196	0.363615	16735.561394407
0.00915032679738562	0.419664	17841.5315170654
0.0104575163398693	0.473402	18608.805686851
0.0117647058823529	0.527229	18578.0370446059
0.0130718954248366	0.582474	18101.1856276586
0.0143790849673203	0.634877	19082.8769345266
0.0156862745098039	0.688221	18746.25074985
0.0169934640522876	0.741141	18896.4474678761
0.0183006535947712	0.792498	19471.5423408688
0.0196078431372549	0.844072	19389.6149222476
0.0209150326797386	0.892791	20525.8728627435
0.0222222222222222	0.922703	33431.3987697245
0.0235294117647059	0.953219	32769.6945864465
0.0248366013071895	0.987044	29563.9320029564
0.0261437908496732	1.014762	36077.6390792988
0.0274509803921569	1.043391	34929.6168221034
0.0287581699346405	1.072212	34696.9223829846
0.0300653594771242	1.101521	34119.2125285748
0.0313725490196078	1.130014	35096.3394517951
0.0326797385620915	1.15934	34099.4339493965
0.0339869281045752	1.187978	34918.6395698024
0.0352941176470588	1.216172	35468.5394055472
0.0366013071895425	1.244747	34995.6255468066
0.0379084967320261	1.272963	35440.8846044797
0.0392156862745098	1.300029	36946.7228256856
0.0405228758169935	1.329392	34056.4656199979
0.0418300653594771	1.359211	33535.6651799188
0.0431372549019608	1.388118	34593.6970284014
0.0444444444444444	1.417156	34437.6334458297
0.0457516339869281	1.446101	34548.2812230089
0.0470588235294118	1.474097	35719.3884840693
0.0483660130718954	1.515829	23962.4269145979
0.0496732026143791	1.54436	35049.5951771759
0.0509803921568627	1.571896	36316.095293434
0.0522875816993464	1.600132	35415.781272135
0.0535947712418301	1.626661	37694.5983640544
0.0549019607843137	1.654727	35630.3000071262
0.0562091503267974	1.683235	35077.8728777887
0.057516339869281	1.712089	34657.2398974144
0.0588235294117647	1.7424	32991.3232819769
0.0601307189542484	1.773913	31732.9356138737
0.061437908496732	1.804776	32401.2571687781
0.0627450980392157	1.836985	31047.2228259183
0.0640522875816993	1.869977	30310.3782735207
0.065359477124183	1.902405	30837.5477981992
0.0666666666666667	1.934678	30985.6536423636
0.0679738562091503	1.967444	30519.4408838429
0.069281045751634	1.999417	31276.3894536014
0.0705882352941176	2.031704	30972.2179205253
0.0718954248366013	2.064119	30849.9151627334
0.073202614379085	2.096521	30862.292451083
0.0745098039215686	2.127964	31803.5810832301
0.0758169934640523	2.16058	30659.7988717194
0.077124183006536	2.192973	30870.8671626587
0.0784313725490196	2.224893	31328.3208020051
0.0797385620915033	2.256749	31391.2606730283
0.0810457516339869	2.289149	30864.1975308642
0.0823529411764706	2.32179	30636.3162893294
0.0836601307189542	2.381652	16705.0883699175
0.0849673202614379	2.415227	29784.0655249442
0.0862745098039216	2.447614	30876.5862846204
0.0875816993464052	2.479583	31280.3027933309
0.0888888888888889	2.511868	30974.1365959425
0.0901960784313725	2.544537	30610.0584652114
0.0915032679738562	2.576167	31615.5548529878
0.0928104575163399	2.608422	31002.9452798014
0.0941176470588235	2.640847	30840.4009252121
0.0954248366013072	2.673402	30717.2477346031
0.0967320261437909	2.706321	30377.5934870438
0.0980392156862745	2.739524	30117.7604433336
0.0993464052287582	2.771738	31042.4039237597
0.100653594771242	2.804965	30096.0062599692
0.101960784313725	2.837379	30850.8669093604
0.103267973856209	2.870168	30498.0328768793
0.104575163398693	2.904108	29463.759575722
0.105882352941176	2.937734	29738.8925236425
0.10718954248366	2.969472	31507.9715167935
0.108496732026144	3.002619	30168.6427127643
0.109803921568627	3.036205	29774.310724707
0.111111111111111	3.069431	30096.912056823
0.112418300653595	3.105166	27983.7694137398
0.113725490196078	3.137911	30539.0135898612
0.115032679738562	3.171441	29824.0381747686
0.116339869281046	3.205094	29715.0328351115
0.117647058823529	3.239057	29443.8064953037
0.118954248366013	3.272589	29822.2593343671
0.120261437908497	3.3057	30201.4436290056
0.12156862745098	3.337512	31434.6787375833
0.122875816993464	3.370082	30703.1010132021
0.124183006535948	3.403632	29806.2593144561
0.125490196078431	3.435462	31416.9022934341
0.126797385620915	3.468571	30203.2679935969
0.128104575163399	3.500429	31389.2899742606
0.129411764705882	3.533067	30639.1322997733
0.130718954248366	3.564901	31412.9547025194
0.13202614379085	3.597034	31120.6547785766
0.133333333333333	3.630048	30290.1799236687
0.134640522875817	3.663107	30248.9488490273
0.135947712418301	3.696421	30017.4100978569
0.137254901960784	3.728467	31205.1426075015
0.138562091503268	3.760952	30783.4385100817
0.139869281045752	3.793895	30355.4624654707
0.141176470588235	3.826717	30467.369447322
0.142483660130719	3.859438	30561.4131597445
0.143790849673203	3.892428	30312.2158229768
0.145098039215686	3.925769	29993.101586635
0.14640522875817	3.95959	29567.4285207415
0.147712418300654	4.066374	9364.69883128561
0.149019607843137	4.098435	31190.5430273536
0.150326797385621	4.129237	32465.4243230964
0.151633986928105	4.162116	30414.5503208732
0.152941176470588	4.194697	30692.7350296189
0.154248366013072	4.228549	29540.3521209969
0.155555555555556	4.261426	30416.400523162
0.156862745098039	4.295371	29459.4196494328
0.158169934640523	4.329031	29708.8532382656
0.159477124183007	4.362326	30034.5397206781
0.16078431372549	4.397125	28736.4579441941
0.162091503267974	4.429863	30545.543405217
0.163398692810458	4.463715	29540.3521209977
0.164705882352941	4.497187	29875.7170172079
0.166013071895425	4.530591	29936.5345467609
0.167320261437908	4.562531	31308.7038196622
0.168627450980392	4.595068	30734.2410179184
0.169934640522876	4.62781	30541.8117402718
0.171241830065359	4.66122	29931.1583358277
0.172549019607843	4.696368	28451.1209741668
0.173856209150327	4.729241	30420.101603139
0.17516339869281	4.7628	29798.2657409336
0.176470588235294	4.794956	31098.3953228017
0.177777777777778	4.828377	29921.3069626884
0.179084967320261	4.862059	29689.4483700487
0.180392156862745	4.894367	30952.0861706083
0.181699346405229	4.928461	29330.6740188885
0.183006535947712	4.961831	29967.0362601142
0.184313725490196	4.995541	29664.7878967664
0.18562091503268	5.028763	30100.5357895376
0.186928104575163	5.061797	30271.8411333771
0.188235294117647	5.095128	30002.1001470107
0.189542483660131	5.12838	30073.3790448694
0.190849673202614	5.162081	29672.7100086053
0.192156862745098	5.195794	29662.1481327673
0.193464052287582	5.22869	30398.8326848249
0.194771241830065	5.261774	30226.0911618912
0.196078431372549	5.294156	30881.3538385522
0.197385620915033	5.327193	30269.0922299238
0.198692810457516	5.360232	30267.2599049612
0.2	5.396015	27946.2314506886
0.201307189542484	5.432634	27308.2279690871
0.202614379084967	5.470458	26438.2402707278
0.203921568627451	5.508399	26356.7117366437
0.205228758169935	5.543222	28716.6527869509
0.206535947712418	5.578177	28608.2105564296
0.207843137254902	5.613976	27933.7411659544
0.209150326797386	5.64834	29100.2211616808
0.210457516339869	5.681963	29741.5459655597
0.211764705882353	5.715588	29739.7769516723
0.213071895424837	5.748811	30099.6297745542
0.21437908496732	5.781577	30519.4408838425
0.215686274509804	5.814058	30787.2294572214
0.216993464052288	5.847644	29774.310724707
0.218300653594771	5.880531	30407.1517620948
0.219607843137255	5.913098	30705.9293149505
0.220915032679739	5.94516	31189.5702077227
0.222222222222222	5.977969	30479.4416166293
0.223529411764706	6.010586	30658.8588772725
0.22483660130719	6.043579	30309.4595823354
0.226143790849673	6.076736	30159.5439876948
0.227450980392157	6.109704	30332.4435816555
0.228758169934641	6.14379	29337.5579416767
0.230065359477124	6.176235	30821.390044691
0.231372549019608	6.210019	29599.8105612126
0.232679738562092	6.242465	30820.4401158847
0.233986928104575	6.275005	30731.4074984634
0.235294117647059	6.30785	30446.0344040189
0.236601307189542	6.340021	31083.8954337758
0.237908496732026	6.373264	30081.5209216981
0.23921568627451	6.405053	31457.4223788104
0.240522875816993	6.437836	30503.6146783392
0.241830065359477	6.471872	29380.6557762366
0.243137254901961	6.504759	30407.1517620948
0.244444444444444	6.538376	29746.8542701613
0.245751633986928	6.572824	29029.2614955873
0.247058823529412	6.605342	30752.1987822125
0.248366013071895	6.638004	30616.6187006305
0.249673202614379	6.67221	29234.637198153
0.250980392156863	6.704535	30935.808197989
0.252287581699346	6.738054	29833.8255914555
0.25359477124183	6.771668	29749.5091330993
0.254901960784314	6.804861	30126.8339710182
0.256209150326797	6.838442	29778.743932581
0.257516339869281	6.871058	30659.7988717194
0.258823529411765	6.904916	29535.1172544152
0.260130718954248	6.937699	30503.6146783392
0.261437908496732	6.971138	29905.2005143698
0.262745098039216	7.005381	29203.0487982945
0.264052287581699	7.039082	29672.7100086053
0.265359477124183	7.07143	30913.8122913311
0.266666666666667	7.105371	29462.891488171
0.26797385620915	7.138927	29800.9297890095
0.269281045751634	7.172221	30035.4418213486
0.270588235294118	7.205396	30143.1801055012
0.271895424836601	7.238967	29787.6143099705
0.273202614379085	7.272647	29691.2114014248
0.274509803921569	7.530821	3873.35672840798
0.275816993464052	7.564336	29837.3862449646
0.277124183006536	7.596963	30649.4621019404
0.27843137254902	7.630651	29684.1605319396
0.279738562091503	7.662446	31451.4860827176
0.281045751633987	7.692428	33353.3453405382
0.282352941176471	7.722438	33322.2259246909
0.283660130718954	7.75416	31523.8635647191
0.284967320261438	7.785352	32059.5024365223
0.286274509803922	7.815733	32915.3089101739
0.287581699346405	7.847046	31935.6177945263
0.288888888888889	7.882116	28514.3997718847
0.290196078431373	7.915331	30106.8794219477
0.291503267973856	7.948371	30266.3438256661
0.29281045751634	7.98087	30770.177543924
0.294117647058824	8.014226	29979.6138625731
0.295424836601307	8.047207	30320.4875534403
0.296732026143791	8.078871	31581.6068721584
0.298039215686275	8.11074	31378.4555524173
0.299346405228758	8.142985	31012.5600868355
0.300653594771242	8.175868	30410.850591491
0.301960784313725	8.209948	29342.7230046938
0.303267973856209	8.242968	30284.6759539685
0.304575163398693	8.277212	29202.1960051387
0.305882352941176	8.31199	28753.8098798096
0.30718954248366	8.346056	29354.7818939696
0.308496732026144	8.378662	30669.2019873648
0.309803921568627	8.411443	30505.4757328941
0.311111111111111	8.443987	30727.6302851527
0.312418300653595	8.478207	29222.6767971951
0.313725490196078	8.512459	29195.375452528
0.315032679738562	8.545922	29883.7522039257
0.316339869281046	8.579795	29522.0382015176
0.317647058823529	8.613352	29800.0417200584
0.318954248366013	8.646233	30412.7003436638
0.320261437908497	8.679732	29851.6373623102
0.32156862745098	8.713816	29339.2794272973
0.322875816993464	8.747392	29783.1784608053
0.324183006535948	8.781369	29431.6743679547
0.325490196078431	8.814954	29775.1972606815
0.326797385620915	8.848242	30040.8555635675
0.328104575163399	8.883112	28677.946659018
0.329411764705882	8.91695	29552.5740291985
0.330718954248366	8.950137	30132.2807123272
0.33202614379085	8.983967	29559.5625184747
0.333333333333333	9.017951	29425.6120527305
0.334640522875817	9.051686	29642.8042092781
0.335947712418301	9.083709	31227.5551947032
0.337254901960784	9.117009	30030.0300300311
0.338562091503268	9.151847	28704.2884206896
0.339869281045752	9.185326	29869.4704142897
0.341176470588235	9.218402	30233.4018623781
0.342483660130719	9.253372	28595.9393766075
0.343790849673203	9.286643	30056.2051035444
0.345098039215686	9.320258	29748.6241261332
0.34640522875817	9.352839	30692.7350296198
0.347712418300654	9.38538	30730.4631080789
0.349019607843137	9.418084	30577.2994129152
0.350326797385621	9.452311	29216.7002658723
0.351633986928105	9.486165	29538.606959296
0.352941176470588	9.519948	29600.6867359326
0.354248366013072	9.555584	28061.510831743
0.355555555555556	9.589844	29188.5580852308
0.356862745098039	9.623076	30091.478093404
0.358169934640523	9.656988	29488.0868129269
0.359477124183007	9.690501	29839.1668904611
0.36078431372549	9.72436	29534.2449570264
0.362091503267974	9.756854	30774.9122915002
0.363398692810458	9.788946	31160.4138102967
0.364705882352941	9.824353	28243.0027960564
0.366013071895425	9.857221	30424.7292199111
0.367320261437909	9.891084	29530.7562826682
0.368627450980392	9.924479	29944.6024854016
0.369934640522876	9.956257	31468.3114104088
0.371241830065359	9.988743	30782.4909191664
0.372549019607843	10.021607	30428.4323271665
0.373856209150327	10.055796	29249.1737108415
0.37516339869281	10.088852	30251.6940948708
0.376470588235294	10.1224	29808.0362465708
0.377777777777778	10.155777	29960.7514156457
0.379084967320261	10.189466	29683.27940871
0.380392156862745	10.222568	30209.6550057387
0.381699346405229	10.255655	30223.3505606431
0.383006535947712	10.288432	30509.1985233554
0.384313725490196	10.321335	30392.3654378027
0.38562091503268	10.354505	30147.7238468494
0.386928104575163	10.388211	29668.3083130596
0.388235294117647	10.42175	29816.0350636578
0.389542483660131	10.454967	30105.0666827223
0.390849673202614	10.489466	28986.3474303601
0.392156862745098	10.523131	29704.4408139024
0.393464052287582	10.556921	29594.5546019534
0.394771241830065	10.589611	30590.39461609
0.396078431372549	10.624171	28935.1851851845
0.397385620915033	10.657016	30446.0344040189
0.398692810457516	10.691493	29004.8438089169
0.4	10.724959	29881.0733281534
0.401307189542484	10.758918	29447.2746547312
0.402614379084967	10.793067	29283.4343611809
0.403921568627451	10.825645	30695.5614218192
0.405228758169935	10.857978	30928.1538984943
0.406535947712418	10.891999	29393.6098292223
0.407843137254902	10.925027	30277.340438416
0.409150326797386	10.95936	29126.4963737511
0.410457516339869	10.995072	28001.7921146952
0.411764705882353	11.033148	26263.2629477885
0.413071895424837	11.071886	25814.4457638504
0.41437908496732	11.111694	25120.5787781346
0.415686274509804	11.150594	25706.940874036
0.416993464052288	11.188393	26455.7263419669
0.418300653594771	11.226643	26143.7908496734
0.419607843137255	11.26632	25203.5184111695
0.420915032679739	11.305432	25567.6007363473
0.422222222222222	11.345853	24739.6155463742
0.423529411764706	11.384968	25565.6397801351
0.42483660130719	11.425553	24639.6451891092
0.426143790849673	11.46334	26464.127874666
0.427450980392157	11.501813	25992.2543082163
0.42875816993464	11.539411	26597.1594233742
0.430065359477124	11.577965	25937.6458992573
0.431372549019608	11.617967	24998.7500624972
0.432679738562092	11.6556	26572.4231392664
0.433986928104575	11.694376	25789.1479265523
0.435294117647059	11.73239	26306.097753459
0.436601307189542	11.771319	25687.7905931314
0.437908496732026	11.809892	25924.8697275299
0.43921568627451	11.847577	26535.7569324667
0.440522875816993	11.887545	25020.0160128102
0.441830065359477	11.926574	25621.9734043909
0.443137254901961	11.964682	26241.2091949201
0.444444444444444	12.002696	26306.097753459
0.445751633986928	12.036858	29272.2908494817
0.447058823529412	12.073895	27000.0270000272
0.448366013071895	12.111523	26575.9540767515
0.449673202614379	12.147959	27445.3836864638
0.450980392156863	12.186901	25679.2152431819
0.452287581699346	12.224256	26770.178021684
0.45359477124183	12.262343	26255.6777903228
0.454901960784314	12.301564	25496.5452181221
0.456209150326797	12.341347	25136.3647789257
0.457516339869281	12.379469	26231.5723204452
0.458823529411765	12.418773	25442.7030327705
0.460130718954248	12.456755	26328.2607550949
0.461437908496732	12.494622	26408.2182375153
0.462745098039216	12.53302	26043.0230741179
0.464052287581699	12.571561	25946.3947484506
0.465359477124183	12.609582	26301.2545698426
0.466666666666667	12.648173	25912.7775906298
0.46797385620915	12.686678	25970.6531619266
0.469281045751634	12.724627	26351.155498169
0.470588235294118	12.762632	26312.3273253519
0.471895424836601	12.80094	26104.2079983289
0.473202614379085	12.838913	26334.5008295374
0.474509803921569	12.877884	25660.1062328397
0.475816993464052	12.916324	26014.5681581689
0.477124183006536	12.955065	25812.4467618286
0.47843137254902	12.993308	26148.5762100244
0.479738562091503	13.031158	26420.0792602386
0.481045751633987	13.069721	25931.592459093
0.482352941176471	13.108218	25976.0500818237
0.483660130718954	13.145031	27164.3169532512
0.484967320261438	13.179883	28692.7579478933
0.486274509803922	13.216753	27122.3216707347
0.487581699346405	13.25442	26548.4376244465
0.488888888888889	13.292969	25941.0101429352
0.490196078431373	13.330856	26394.2777205892
0.491503267973856	13.368472	26584.4321565292
0.49281045751634	13.407484	25633.1385214808
0.494117647058824	13.445355	26405.428956194
0.495424836601307	13.48284	26677.3376017072
0.496732026143791	13.518153	28318.1831053717
0.498039215686275	13.552164	29402.2522125199
0.499346405228758	13.585786	29742.4305514236
0.500653594771242	13.619906	29308.3235638924
0.501960784313725	13.653574	29701.7939883565
0.503267973856209	13.687462	29508.9707271017
0.504575163398693	13.721217	29625.2407050813
0.505882352941176	13.753545	30932.9373917333
0.50718954248366	13.784845	31948.8817891375
0.508496732026144	13.816147	31946.8404574786
0.509803921568627	13.848057	31338.1385145724
0.511111111111111	13.880049	31257.8144536145
0.512418300653595	13.911801	31494.0791131258
0.513725490196078	13.946697	28656.579550665
0.515032679738562	13.982013	28315.7775512516
0.516339869281046	14.016783	28760.4256542997
0.517647058823529	14.053621	27145.8819697056
0.518954248366013	14.091895	26127.3971886924
0.520261437908497	14.12975	26416.58961828
0.52156862745098	14.167622	26404.7317279256
0.522875816993464	14.20572	26248.0970129667
0.524183006535948	14.243426	26520.9780936721
0.525490196078431	14.281935	25967.9555428593
0.526797385620915	14.319634	26525.9025438341
0.528104575163399	14.357172	26639.6717992437
0.529411764705882	14.395351	26192.4094397447
0.530718954248366	14.432893	26636.8334132437
0.53202614379085	14.470399	26662.4006825571
0.533333333333333	14.507949	26631.1584553931
0.534640522875817	14.545385	26712.2555828617
0.535947712418301	14.583447	26272.9231254269
0.537254901960784	14.620776	26788.8237027514
0.538562091503268	14.658082	26805.3396236523
0.539869281045752	14.695519	26711.5420573225
0.541176470588235	14.729837	29139.2272276948
0.542483660130719	14.763651	29573.5494174015
0.543790849673203	14.79791	29189.4100820218
0.545098039215686	14.832141	29213.2862025648
0.54640522875817	14.866452	29145.1721022407
0.547712418300654	14.900516	29356.5054015979
0.549019607843137	14.935326	28727.3771904623
0.550326797385621	14.97042	28494.8994130044
0.551633986928105	15.008769	26076.2992516113
0.552941176470588	15.047205	26017.2754709121
0.554248366013072	15.085417	26169.7895948919
0.555555555555556	15.123058	26566.7755904461
0.556862745098039	15.161415	26070.8605991087
0.558169934640523	15.199028	26586.5525217343
0.559477124183007	15.235844	27162.1034332899
0.56078431372549	15.268971	30186.8566426175
0.562091503267974	15.303958	28582.0447594827
0.563398692810458	15.338536	28920.1226213201
0.564705882352941	15.373768	28383.2879200722
0.566013071895425	15.408945	28427.6658043615
0.567320261437908	15.444391	28211.9280031595
0.568627450980392	15.48114	27211.6248061169
0.569934640522876	15.516163	28552.6653913137
0.571241830065359	15.55147	28322.9954399981
0.572549019607843	15.586619	28450.3115309108
0.573856209150327	15.622516	27857.4811265577
0.57516339869281	15.657868	28286.9427472268
0.576470588235294	15.693925	27733.8658235575
0.577777777777778	15.731727	26453.6267922338
0.579084967320261	15.769186	26695.8541338529
0.580392156862745	15.806713	26647.48048072
0.581699346405229	15.845813	25575.4475703328
0.583006535947712	15.883926	26237.7666413028
0.584313725490196	15.921865	26358.1011623925
0.58562091503268	15.959074	26875.21836115
0.586928104575163	15.996502	26717.9651597733
0.588235294117647	16.034346	26424.2680477752
0.589542483660131	16.072474	26227.4443978176
0.590849673202614	16.110022	26632.5769681467
0.592156862745098	16.147369	26775.9123892143
0.593464052287582	16.184879	26659.5574513481
0.594771241830065	16.222392	26657.425425852
0.596078431372549	16.253421	32227.9158206837
0.597385620915033	16.281731	35323.2073472257
0.598692810457516	16.311778	33281.1927979502
0.6	16.342185	32887.1641398359
0.601307189542484	16.374254	31182.762169073
0.602614379084967	16.426906	18992.6308592272
0.603921568627451	16.49785	14095.6247180874
0.605228758169935	16.579613	12230.4709954382
0.606535947712418	16.662852	12013.5993945142
0.607843137254902	16.742744	12516.8978120467
0.609150326797386	16.823109	12443.2277732843
0.610457516339869	16.894972	13915.3667394903
0.611764705882353	16.933832	25733.4019557388
0.613071895424837	16.971237	26734.3937976209
0.61437908496732	17.008835	26597.1594233717
0.615686274509804	17.046477	26566.0698156328
0.616993464052288	17.084557	26260.5042016801
0.618300653594771	17.123523	25663.3988605461
0.619607843137255	17.16298	25344.0454165279
0.620915032679739	17.201205	26160.8894702416
0.622222222222222	17.239425	26164.3118785983
0.623529411764706	17.276717	26815.402767349
0.62483660130719	17.314523	26450.8279109138
0.626143790849673	17.350425	27853.6014706701
0.627450980392157	17.388555	26226.0687123008
0.628758169934641	17.425059	27394.2581634884
0.630065359477124	17.461044	27789.3566763928
0.631372549019608	17.496991	27818.7331348929
0.632679738562091	17.532731	27979.8545047589
0.633986928104575	17.570351	26581.6055289736
0.635294117647059	17.607674	26793.1302414056
0.636601307189542	17.645231	26626.1948504942
0.637908496732026	17.683363	26224.6931710892
0.63921568627451	17.721149	26464.8282432643
0.640522875816993	17.759248	26247.4080684539
0.641830065359477	17.797108	26413.100898044
0.643137254901961	17.836496	25388.4431806649
0.644444444444444	17.876558	24961.3099695479
0.645751633986928	17.916118	25278.058645095
0.647058823529412	17.954251	26224.0054545942
0.648366013071895	17.986752	30768.2840527985
0.649673202614379	18.017822	32185.3878339237
0.650980392156863	18.050266	30822.3400320536
0.652287581699346	18.082827	30711.5874819558
0.65359477124183	18.116198	29966.1382637629
0.654901960784314	18.150149	29454.213425232
0.656209150326797	18.185852	28008.8507968506
0.657516339869281	18.219862	29403.1167303747
0.658823529411765	18.256485	27305.2453376276
0.660130718954248	18.293031	27362.7756799667
0.661437908496732	18.328241	28401.0224368083
0.662745098039216	18.363473	28383.2879200722
0.664052287581699	18.398165	28825.0893577772
0.665359477124183	18.434818	27282.8963522759
0.666666666666667	18.468666	29543.8430631065
0.66797385620915	18.503435	28761.2528401731
0.669281045751634	18.536995	29797.3778307497
0.670588235294118	18.572839	27898.6720232138
0.671895424836601	18.606244	29935.6383774867
0.673202614379085	18.640694	29027.5761973878
0.674509803921569	18.674402	29666.548000474
0.675816993464052	18.708229	29562.184054159
0.677124183006536	18.7427	29009.8923732994
0.67843137254902	18.776941	29204.7545340368
0.679738562091503	18.816573	25232.1356479629
0.681045751633987	18.855184	25899.3551060558
0.682352941176471	18.893812	25887.9569224402
0.683660130718954	18.933939	24920.8762180089
0.684967320261438	18.97164	26524.4953714742
0.686274509803922	19.00954	26385.224274406
0.687581699346405	19.047681	26218.505020844
0.688888888888889	19.086255	25924.1976460825
0.690196078431373	19.123818	26621.9418044362
0.691503267973856	19.162556	25814.4457638504
0.69281045751634	19.200697	26218.5050208416
0.694117647058824	19.239548	25739.3632081559
0.695424836601307	19.277765	26166.3657534608
0.696732026143791	19.316494	25820.4446280565
0.698039215686274	19.354383	26392.8844783447
0.699346405228758	19.391989	26591.5013561664
0.700653594771242	19.428951	27054.8130512399
0.701960784313725	19.465446	27401.013837513
0.703267973856209	19.497082	31609.5587305612
0.704575163398693	19.528196	32139.8727261016
0.705882352941177	19.559196	32258.0645161303
0.70718954248366	19.591158	31287.153494775
0.708496732026144	19.623792	30642.8877857434
0.709803921568627	19.656664	30421.0270138742
0.711111111111111	19.688971	30953.0442319008
0.712418300653595	19.720926	31294.0071976217
0.713725490196078	19.75777	27141.4612962746
0.715032679738562	19.798436	24590.5670584775
0.716339869281046	19.837653	25499.1457786159
0.717647058823529	19.876763	25568.908207619
0.718954248366013	19.918025	24235.3739518203
0.720261437908497	19.959789	23944.0666602812
0.72156862745098	19.99864	25739.3632081535
0.722875816993464	20.038218	25266.5622315436
0.724183006535948	20.077527	25439.4667887765
0.725490196078431	20.117237	25182.5736590283
0.726797385620915	20.156818	25264.647179201
0.728104575163399	20.196131	25436.8783862845
0.729411764705882	20.235397	25467.3254214857
0.730718954248366	20.275905	24686.481682629
0.73202614379085	20.314428	25958.5182877776
0.733333333333333	20.353453	25624.5996156318
0.734640522875817	20.391931	25988.8767607455
0.735947712418301	20.429947	26304.7138047145
0.737254901960784	20.467199	26844.1962847616
0.738562091503268	20.501868	28844.2124087794
0.739869281045752	20.538864	27029.9491836966
0.741176470588235	20.577209	26079.0194288697
0.742483660130719	20.615687	25988.8767607455
0.743790849673203	20.653981	26113.7515015404
0.745098039215686	20.694624	24604.4829367915
0.74640522875817	20.732456	26432.6496087981
0.747712418300654	20.771478	25626.5696273902
0.749019607843137	20.807074	28093.0441622641
0.750326797385621	20.84282	27975.1580596433
0.751633986928105	20.878195	28268.5512367476
0.752941176470588	20.913631	28219.8893780359
0.754248366013072	20.948681	28530.6704707546
0.755555555555556	20.988326	25223.8617732374
0.756862745098039	21.026724	26043.0230741179
0.758169934640523	21.06476	26290.882322012
0.759477124183007	21.103255	25977.3996622931
0.76078431372549	21.140989	26501.2985636294
0.762091503267974	21.178736	26492.1715633034
0.763398692810457	21.217737	25640.368195688
0.764705882352941	21.255501	26480.245736681
0.766013071895425	21.292683	26894.7340110796
0.767320261437909	21.325421	30545.5434052187
0.768627450980392	21.357263	31405.0624960733
0.769934640522876	21.390734	29876.6096023435
0.77124183006536	21.423099	30897.5745403965
0.772549019607843	21.455717	30657.9189404629
0.773856209150327	21.488077	30902.3485784914
0.77516339869281	21.520576	30770.1775439265
0.776470588235294	21.553074	30771.1243768844
0.777777777777778	21.586174	30211.4803625368
0.779084967320261	21.61896	30500.8235222337
0.780392156862745	21.653019	29360.8150562267
0.781699346405229	21.688671	28048.9173117926
0.783006535947712	21.727522	25739.3632081535
0.784313725490196	21.766467	25677.2371292861
0.78562091503268	21.806038	25271.0318162276
0.786928104575163	21.844828	25779.8401649918
0.788235294117647	21.883215	26050.4858415608
0.789542483660131	21.922377	25534.9573566205
0.790849673202614	21.960788	26034.2089505611
0.792156862745098	22.000689	25062.0285205882
0.793464052287582	22.039225	25949.7612621984
0.794771241830065	22.077088	26411.0081081784
0.796078431372549	22.115531	26012.5380433363
0.797385620915033	22.153355	26438.2402707272
0.798692810457516	22.193522	24896.0589538674
0.8	22.23175	26158.8364549544
0.801307189542484	22.269777	26297.104688774
0.802614379084967	22.308356	25920.8377614774
0.803921568627451	22.347346	25647.6019492165
0.805228758169935	22.386685	25420.0666005756
0.806535947712418	22.425472	25781.8341196798
0.807843137254902	22.463545	26265.3323877809
0.809150326797386	22.501612	26269.4722463014
0.810457516339869	22.53972	26241.2091949214
0.811764705882353	22.578968	25479.0052996327
0.813071895424837	22.617137	26199.2716602479
0.81437908496732	22.655625	25982.124298482
0.815686274509804	22.693475	26420.0792602386
0.816993464052288	22.732004	25954.4758493599
0.818300653594771	22.770805	25772.531635783
0.819607843137255	22.810011	25506.3000561138
0.820915032679739	22.848909	25708.2626356113
0.822222222222222	22.887194	26119.8902964595
0.823529411764706	22.927196	24998.7500624983
0.824836601307189	22.965069	26404.0345364764
0.826143790849673	23.003606	25949.0878895596
0.827450980392157	23.042236	25886.6166192094
0.828758169934641	23.080687	26007.1259525096
0.830065359477124	23.119649	25666.0335711733
0.831372549019608	23.157876	26159.5207575779
0.832679738562092	23.196494	25894.6605210008
0.833986928104575	23.237194	24570.0245700261
0.835294117647059	23.275763	25927.5584018236
0.836601307189543	23.314023	26136.9576581303
0.837908496732026	23.352883	25733.4019557388
0.83921568627451	23.39187	25649.575499524
0.840522875816993	23.430661	25779.175581965
0.841830065359477	23.469441	25786.4878803513
0.843137254901961	23.507972	25953.1286496594
0.844444444444444	23.546863	25712.889871693
0.845751633986928	23.585895	25620.0040991991
0.847058823529412	23.624907	25633.1385214808
0.848366013071895	23.663492	25916.8070493707
0.849673202614379	23.702343	25739.3632081559
0.850980392156863	23.740749	26037.5982919322
0.852287581699346	23.779573	25757.2635483218
0.85359477124183	23.818481	25701.6551865945
0.854901960784314	23.855623	26923.698239188
0.856209150326797	23.890604	28586.9471999098
0.857516339869281	23.92548	28673.0129602014
0.858823529411765	23.959154	29696.5017520924
0.860130718954248	23.993095	29462.8914881718
0.861437908496732	24.02722	29304.0293040297
0.862745098039216	24.061399	29257.7313555092
0.864052287581699	24.094569	30147.723846851
0.865359477124183	24.128342	29609.4513368667
0.866666666666667	24.164842	27397.2602739725
0.86797385620915	24.202057	26870.8853956739
0.869281045751634	24.240474	26030.1429054852
0.870588235294118	24.279064	25913.4490800731
0.871895424836601	24.319062	25001.2500625027
0.873202614379085	24.357826	25797.1313589926
0.874509803921569	24.396496	25859.8396689942
0.875816993464052	24.434565	26268.0921484672
0.877124183006536	24.472703	26220.5674130788
0.87843137254902	24.51079	26255.6777903216
0.879738562091503	24.548842	26279.8276043306
0.881045751633987	24.587066	26161.5738802849
0.882352941176471	24.625134	26268.7821792588
0.883660130718954	24.664333	25510.8548687467
0.884967320261438	24.70286	25955.8231889311
0.886274509803922	24.740884	26299.1794656006
0.887581699346405	24.779118	26154.7313909092
0.888888888888889	24.817749	25885.9465196353
0.890196078431372	24.856506	25801.7906442705
0.891503267973856	24.894966	26001.0400416013
0.89281045751634	24.934856	25068.9395838558
0.894117647058824	24.973478	25891.9786650095
0.895424836601307	25.011455	26331.7270979793
0.896732026143791	25.049705	26143.7908496746
0.898039215686275	25.087867	26204.0773544365
0.899346405228758	25.126013	26215.0684213278
0.900653594771242	25.16408	26269.4722463039
0.901960784313726	25.204671	24636.0030548627
0.903267973856209	25.24293	26137.6408165399
0.904575163398693	25.281094	26202.7041190662
0.905882352941176	25.319636	25945.7215505166
0.90718954248366	25.357926	26116.4794985636
0.908496732026144	25.396567	25879.2474314834
0.909803921568627	25.434808	26149.9437776214
0.911111111111111	25.473081	26128.0798474119
0.912418300653595	25.511986	25703.6370646448
0.913725490196078	25.550194	26172.5293132322
0.915032679738562	25.588198	26313.0196821406
0.916339869281046	25.626071	26404.0345364764
0.917647058823529	25.663719	26561.8359541006
0.918954248366013	25.700821	26952.7249204888
0.920261437908497	25.738041	26867.2756582498
0.92156862745098	25.773898	27888.5573249296
0.922875816993464	25.807224	30006.6014523173
0.924183006535948	25.840509	30043.5631665922
0.925490196078431	25.874388	29516.8098231953
0.926797385620915	25.908443	29364.2636910891
0.928104575163399	25.941908	29881.9662333753
0.929411764705882	25.977044	28460.8378870691
0.930718954248366	26.015479	26017.9523871473
0.93202614379085	26.053786	26104.8894457934
0.933333333333333	26.092105	26096.7144236532
0.934640522875817	26.130402	26111.705877745
0.935947712418301	26.169027	25889.9676375407
0.937254901960784	26.207412	26051.843167903
0.938562091503268	26.242751	28297.3485384444
0.939869281045752	26.277502	28776.1503266093
0.941176470588235	26.312937	28220.6857626615
0.942483660130719	26.350119	26894.7340110822
0.943790849673203	26.388778	25867.1978064622
0.945098039215686	26.42726	25986.17535471
0.94640522875817	26.465619	26069.5012904404
0.947712418300654	26.504026	26036.920353061
0.949019607843137	26.542238	26169.7895948907
0.950326797385621	26.578722	27409.2752987626
0.951633986928105	26.612709	29423.0146820845
0.952941176470588	26.645667	30341.6469445955
0.954248366013072	26.677638	31278.3460010613
0.955555555555556	26.709501	31384.3643097031
0.956862745098039	26.747586	26257.0565839578
0.958169934640523	26.785784	26179.3811194295
0.959477124183007	26.824542	25801.124929046
0.96078431372549	26.863215	25857.8336306989
0.962091503267974	26.90175	25950.434669781
0.963398692810458	26.941727	25014.3832703802
0.964705882352941	26.980507	25786.4878803513
0.966013071895425	27.018917	26034.8867482434
0.967320261437909	27.057406	25981.4492452376
0.968627450980392	27.095607	26177.3252009104
0.969934640522876	27.134002	26045.0579502555
0.971241830065359	27.172458	26003.7445392136
0.972549019607843	27.210643	26188.2938326553
0.973856209150327	27.248909	26132.8594574817
0.97516339869281	27.287895	25650.2334171256
0.976470588235294	27.326034	26219.8799129493
0.977777777777778	27.364998	25664.7161482394
0.979084967320261	27.404015	25629.8536535349
0.980392156862745	27.442543	25955.1495016615
0.981699346405229	27.480851	26104.2079983289
0.983006535947712	27.519442	25912.7775906298
0.984313725490196	27.557759	26098.0765717572
0.98562091503268	27.594759	27027.0270270277
0.986928104575163	27.631742	27039.4505583651
0.988235294117647	27.668556	27163.5790731789
0.989542483660131	27.705856	26809.6514745295
0.990849673202614	27.743391	26641.8009857478
0.992156862745098	27.780817	26719.3929353925
0.993464052287582	27.818446	26575.247814184
0.994771241830065	27.856529	26258.4355224138
0.996078431372549	27.894135	26591.5013561664
0.997385620915033	27.931729	26599.9893600028
0.998692810457516	27.968938	26875.2183611487
1.0	28.004373	28220.6857626643