#% Complete	time_depth_infty_optsoff	rate_depth_infty_optsoff0.0	0.0	0.0
0.00130718954248366	0.058515	17089.6351362898
0.00261437908496732	0.118858	16571.9304641798
0.00392156862745098	0.174858	17857.1428571429
0.00522875816993464	0.235326	16537.672818681
0.0065359477124183	0.298551	15816.5282720443
0.00784313725490196	0.35659	17229.7937593687
0.00915032679738562	0.416461	16702.5772076631
0.0104575163398693	0.476008	16793.457269048
0.0117647058823529	0.536324	16579.3487631806
0.0130718954248366	0.566744	32873.1097961867
0.0143790849673203	0.595325	34988.2789265596
0.0156862745098039	0.624305	34506.5562456867
0.0169934640522876	0.652488	35482.3829968421
0.0183006535947712	0.680012	36331.9284987646
0.0196078431372549	0.708823	34708.9653257437
0.0209150326797386	0.737988	34287.6735813474
0.0222222222222222	0.767898	33433.6342360416
0.0235294117647059	0.796898	34482.7586206896
0.0248366013071895	0.831081	29254.3076968084
0.0261437908496732	0.859657	34994.4008958566
0.0274509803921569	0.887793	35541.6548194483
0.0287581699346405	0.917861	33257.9486497273
0.0300653594771242	0.946096	35417.0355941208
0.0313725490196078	0.978757	30617.5561066716
0.0326797385620915	1.007735	34508.937814894
0.0339869281045752	1.037226	33908.6500966397
0.0352941176470588	1.065488	35383.2000566131
0.0366013071895425	1.09634	32412.809542331
0.0379084967320261	1.124859	35064.3430695326
0.0392156862745098	1.152958	35588.455105164
0.0405228758169935	1.181941	34502.98450816
0.0418300653594771	1.212521	32701.1118378024
0.0431372549019608	1.242149	33751.8563520994
0.0444444444444444	1.271502	34068.0679998638
0.0457516339869281	1.302414	32349.8964803312
0.0470588235294118	1.332019	33778.0780273601
0.0483660130718954	1.374534	23521.1101964013
0.0496732026143791	1.404307	33587.4785879823
0.0509803921568627	1.432041	36056.8255570781
0.0522875816993464	1.461164	34337.1218624455
0.0535947712418301	1.489876	34828.6430760657
0.0549019607843137	1.518565	34856.5652340619
0.0562091503267974	1.546966	35210.0278159218
0.057516339869281	1.577477	32775.0647307529
0.0588235294117647	1.607065	33797.4854670813
0.0601307189542484	1.640177	30200.5315293549
0.061437908496732	1.671489	31936.6377107818
0.0627450980392157	1.705187	29675.3516529171
0.0640522875816993	1.737671	30784.38615934
0.065359477124183	1.770861	30129.5570955106
0.0666666666666667	1.804104	30081.5209216979
0.0679738562091503	1.838067	29443.8064953036
0.069281045751634	1.870305	31019.2940008686
0.0705882352941176	1.903451	30169.5528872263
0.0718954248366013	1.936762	30020.1134760289
0.073202614379085	1.970596	29556.0678607319
0.0745098039215686	2.003687	30219.6971986339
0.0758169934640523	2.037495	29578.797917653
0.077124183006536	2.070239	30539.9462496945
0.0784313725490196	2.103182	30355.4624654707
0.0797385620915033	2.136167	30316.8106715173
0.0810457516339869	2.170657	28993.9112786316
0.0823529411764706	2.203875	30104.1603949664
0.0836601307189542	2.265486	16230.8678645047
0.0849673202614379	2.298924	29906.094862133
0.0862745098039216	2.332321	29942.8092343625
0.0875816993464052	2.365334	30291.0974464605
0.0888888888888889	2.398387	30254.4398390462
0.0901960784313725	2.431869	29866.7940983217
0.0915032679738562	2.464322	30813.7922534124
0.0928104575163399	2.497202	30413.6253041362
0.0941176470588235	2.530532	30003.0003000301
0.0954248366013072	2.563922	29949.0865528603
0.0967320261437909	2.597255	30000.3000029998
0.0980392156862745	2.631579	29134.1335508684
0.0993464052287582	2.666508	28629.5055684388
0.100653594771242	2.702344	27904.9001004575
0.101960784313725	2.736499	29278.2901478552
0.103267973856209	2.771796	28331.0196333967
0.104575163398693	2.804424	30648.522741204
0.105882352941176	2.838253	29560.4363120401
0.10718954248366	2.870547	30965.5044280669
0.108496732026144	2.903691	30171.3734009176
0.109803921568627	2.937389	29675.3516529169
0.111111111111111	2.970277	30406.2271953298
0.112418300653595	3.004731	29024.2061879606
0.113725490196078	3.038334	29759.2476862186
0.115032679738562	3.073556	28391.3463176423
0.116339869281046	3.108859	28326.2045718495
0.117647058823529	3.145174	27536.8305108081
0.118954248366013	3.180291	28476.2365805735
0.120261437908497	3.214984	28824.2584959503
0.12156862745098	3.249451	29013.2590593899
0.122875816993464	3.285092	28057.5741421396
0.124183006535948	3.318047	30344.409042634
0.125490196078431	3.349404	31890.8058806647
0.126797385620915	3.381346	31306.7434725441
0.128104575163399	3.412486	32113.0378933845
0.129411764705882	3.442182	33674.5689655173
0.130718954248366	3.471721	33853.5495446695
0.13202614379085	3.504228	30762.6049773896
0.133333333333333	3.538107	29516.8098231941
0.134640522875817	3.599471	16296.1997262239
0.135947712418301	3.662896	15766.6535277887
0.137254901960784	3.723429	16519.9147572399
0.138562091503268	3.783428	16666.9444490742
0.139869281045752	3.845405	16135.0178291947
0.141176470588235	3.906858	16272.5985712658
0.142483660130719	3.967834	16399.8950406718
0.143790849673203	4.029189	16298.5901719502
0.145098039215686	4.067039	26420.0792602374
0.14640522875817	4.102622	28103.3077593233
0.147712418300654	4.207506	9534.34270241408
0.149019607843137	4.2412	29678.8745770763
0.150326797385621	4.272188	32270.5563443916
0.151633986928105	4.306581	29075.6840054665
0.152941176470588	4.339607	30279.1739841333
0.154248366013072	4.3739	29160.4700667776
0.155555555555556	4.40753	29735.3553374958
0.156862745098039	4.440496	30334.2838075601
0.158169934640523	4.47385	29981.4115248545
0.159477124183007	4.507485	29730.9350379067
0.16078431372549	4.541755	29180.040852057
0.162091503267974	4.573942	31068.4437816514
0.163398692810458	4.607665	29653.3523114787
0.164705882352941	4.642576	28644.2668499899
0.166013071895425	4.67669	29313.4783373397
0.167320261437908	4.710858	29267.1505502223
0.168627450980392	4.745468	28893.3834151981
0.169934640522876	4.77906	29768.9926172894
0.171241830065359	4.813802	28783.6048586728
0.172549019607843	4.848641	28703.4645081663
0.173856209150327	4.882971	29129.041654529
0.17516339869281	4.916841	29524.6530853268
0.176470588235294	4.950399	29799.1537040346
0.177777777777778	4.985071	28841.7166589759
0.179084967320261	5.018994	29478.5248946138
0.180392156862745	5.052873	29516.8098231945
0.181699346405229	5.086556	29688.5669328742
0.183006535947712	5.11995	29945.4991914712
0.184313725490196	5.153857	29492.4351903736
0.18562091503268	5.188158	29153.6689892429
0.186928104575163	5.221308	30165.9125188537
0.188235294117647	5.255006	29675.3516529169
0.189542483660131	5.288666	29708.8532382648
0.190849673202614	5.321477	30477.5837371616
0.192156862745098	5.355969	28992.2300823378
0.193464052287582	5.389021	30255.3551978704
0.194771241830065	5.422585	29793.8267191037
0.196078431372549	5.455226	30636.3162893294
0.197385620915033	5.489157	29471.5746662337
0.198692810457516	5.52276	29759.247686219
0.2	5.557307	28946.0734651346
0.201307189542484	5.590992	29686.804215526
0.202614379084967	5.623804	30476.6548823603
0.203921568627451	5.657677	29522.0382015176
0.205228758169935	5.691753	29346.1673905382
0.206535947712418	5.7255	29632.2636086171
0.207843137254902	5.758611	30201.4436290056
0.209150326797386	5.793522	28644.2668499899
0.210457516339869	5.828082	28935.1851851852
0.211764705882353	5.863541	28201.5849290734
0.213071895424837	5.899776	27597.6266041117
0.21437908496732	5.935391	28078.0569984557
0.215686274509804	5.970667	28347.8852477608
0.216993464052288	6.005627	28604.1189931351
0.218300653594771	6.041575	27817.9592745074
0.219607843137255	6.077216	28057.5741421396
0.220915032679739	6.110759	29812.4795039204
0.222222222222222	6.144833	29347.8898867168
0.223529411764706	6.179231	29071.4576428866
0.22483660130719	6.212995	29617.3439165971
0.226143790849673	6.246053	30249.8638756129
0.227450980392157	6.28101	28606.5737906568
0.228758169934641	6.315633	28882.5347312481
0.230065359477124	6.348986	29982.3104368423
0.231372549019608	6.383943	28606.5737906568
0.232679738562092	6.416702	30525.9623309629
0.233986928104575	6.450796	29330.6740188885
0.235294117647059	6.484769	29435.1396697381
0.236601307189542	6.519247	29004.0025523522
0.237908496732026	6.555869	27305.9909344107
0.23921568627451	6.589383	29838.2765411475
0.240522875816993	6.625619	27596.864996136
0.241830065359477	6.659896	29174.0817457775
0.243137254901961	6.694254	29105.302986204
0.244444444444444	6.729098	28699.3456549186
0.245751633986928	6.761859	30524.0987759838
0.247058823529412	6.795519	29708.8532382656
0.248366013071895	6.829533	29399.658963956
0.249673202614379	6.863585	29366.8506989311
0.250980392156863	6.897332	29632.2636086171
0.252287581699346	6.931459	29302.3119524125
0.25359477124183	6.966352	28659.0433611331
0.254901960784314	6.999648	30033.6376741951
0.256209150326797	7.033876	29215.8466752361
0.257516339869281	7.067848	29436.0061226898
0.258823529411765	7.102522	28840.053065697
0.260130718954248	7.136303	29602.439240994
0.261437908496732	7.170353	29368.5756240817
0.262745098039216	7.20467	29140.0763470003
0.264052287581699	7.239957	28339.0483747553
0.265359477124183	7.273771	29573.5494174015
0.266666666666667	7.308153	29084.9863300565
0.26797385620915	7.342869	28805.1618850094
0.269281045751634	7.377312	29033.4755973641
0.270588235294118	7.41158	29181.7439010156
0.271895424836601	7.444898	30013.8063509211
0.273202614379085	7.478165	30059.8190398898
0.274509803921569	7.710755	4299.41098069564
0.275816993464052	7.744674	29482.001238244
0.277124183006536	7.779613	28621.3114284892
0.27843137254902	7.814386	28757.944382136
0.279738562091503	7.847883	29853.4197092272
0.281045751633987	7.883017	28462.458017875
0.282352941176471	7.916936	29482.001238244
0.283660130718954	7.950859	29478.5248946138
0.284967320261438	7.986882	27760.0421952647
0.286274509803922	8.020793	29488.9563858337
0.287581699346405	8.054518	29651.5937731649
0.288888888888889	8.089697	28426.0496318831
0.290196078431373	8.122888	30128.64933265
0.291503267973856	8.157551	28849.2052043965
0.29281045751634	8.19144	29508.0999734425
0.294117647058824	8.225819	29087.5243608021
0.295424836601307	8.259523	29670.0688345595
0.296732026143791	8.292499	30325.084910238
0.298039215686275	8.325828	30003.9005070658
0.299346405228758	8.358913	30225.1775729184
0.300653594771242	8.393159	29200.4905682404
0.301960784313725	8.428327	28434.940855324
0.303267973856209	8.462939	28891.7138564652
0.304575163398693	8.497182	29203.0487982945
0.305882352941176	8.533045	27883.8914758951
0.30718954248366	8.568075	28546.9597487861
0.308496732026144	8.601417	29992.2020274735
0.309803921568627	8.634644	30096.0062599692
0.311111111111111	8.669023	29087.5243608021
0.312418300653595	8.704702	28027.6913590627
0.313725490196078	8.740223	28152.3605754334
0.315032679738562	8.775966	27977.5060851075
0.316339869281046	8.812157	27631.1790224098
0.317647058823529	8.847091	28625.4079120615
0.318954248366013	8.882694	28087.5207145465
0.320261437908497	8.916446	29627.8739037689
0.32156862745098	8.950951	28981.3070569488
0.322875816993464	8.98534	29079.0659804
0.324183006535948	9.02076	28232.6369282903
0.325490196078431	9.055823	28520.0924050986
0.326797385620915	9.089041	30104.1603949668
0.328104575163399	9.123015	29434.2732677925
0.329411764705882	9.156354	29994.9008668528
0.330718954248366	9.188903	30722.9100740427
0.33202614379085	9.222593	29682.3983377857
0.333333333333333	9.256258	29704.4408139008
0.334640522875817	9.291034	28755.463538073
0.335947712418301	9.324394	29976.0191846522
0.337254901960784	9.358312	29482.8704522673
0.338562091503268	9.392552	29205.6074766351
0.339869281045752	9.427052	28985.5072463772
0.341176470588235	9.460149	30214.2188113729
0.342483660130719	9.494263	29313.478337339
0.343790849673203	9.528719	29022.5214766655
0.345098039215686	9.562957	29207.313511303
0.34640522875817	9.597292	29124.7997670027
0.347712418300654	9.629802	30759.7662257764
0.349019607843137	9.664384	28916.7775143135
0.350326797385621	9.69866	29174.9328976542
0.351633986928105	9.732977	29140.0763470003
0.352941176470588	9.76724	29186.0023932528
0.354248366013072	9.802103	28683.7047873092
0.355555555555556	9.836226	29305.7468569593
0.356862745098039	9.871212	28582.8617161151
0.358169934640523	9.904901	29683.2794087084
0.359477124183007	9.938284	29955.3665039102
0.36078431372549	9.973083	28736.4579441927
0.362091503267974	10.006735	29715.9158445263
0.363398692810458	10.04038	29722.0983801457
0.364705882352941	10.075365	28583.6787194521
0.366013071895425	10.111858	27402.5155509275
0.367320261437909	10.146512	28856.6976395224
0.368627450980392	10.181852	28296.5478211661
0.369934640522876	10.216234	29084.9863300557
0.371241830065359	10.25057	29123.9515377449
0.372549019607843	10.284559	29421.28335638
0.373856209150327	10.321477	27087.0578037814
0.37516339869281	10.356781	28325.4022207115
0.376470588235294	10.391085	29151.1194029846
0.377777777777778	10.424843	29622.6079744071
0.379084967320261	10.459106	29186.0023932513
0.380392156862745	10.493579	29008.2093232383
0.381699346405229	10.528536	28606.5737906568
0.383006535947712	10.562325	29595.4304655372
0.384313725490196	10.596359	29382.3823235587
0.38562091503268	10.631555	28412.3195817699
0.386928104575163	10.666335	28752.1564117312
0.388235294117647	10.700685	29112.0815138283
0.389542483660131	10.736457	27954.8250027957
0.390849673202614	10.77174	28342.2611455944
0.392156862745098	10.806306	28930.1625875138
0.393464052287582	10.841091	28748.0235733784
0.394771241830065	10.874339	30076.9971126079
0.396078431372549	10.910042	28008.8507968519
0.397385620915033	10.943665	29741.5459655605
0.398692810457516	10.978159	28990.5490809992
0.4	11.011695	29818.7022900765
0.401307189542484	11.046798	28487.5936529631
0.402614379084967	11.081608	28727.3771904638
0.403921568627451	11.115859	29196.2278473611
0.405228758169935	11.149329	29877.5022408132
0.406535947712418	11.183101	29610.3280824345
0.407843137254902	11.217506	29065.5427990121
0.409150326797386	11.251449	29461.1554665183
0.410457516339869	11.284814	29971.5270493017
0.411764705882353	11.322694	26399.1552270331
0.413071895424837	11.360486	26460.6265876379
0.41437908496732	11.398397	26377.5685157347
0.415686274509804	11.436841	26011.8614088023
0.416993464052288	11.474923	26259.1250459527
0.418300653594771	11.514987	24960.0638977641
0.419607843137255	11.555235	24845.9550785132
0.420915032679739	11.595367	24917.7713545302
0.422222222222222	11.634698	25425.2370903354
0.423529411764706	11.674379	25200.9777979387
0.42483660130719	11.71358	25509.5533277211
0.426143790849673	11.75131	26504.1081367613
0.427450980392157	11.789214	26382.4398480377
0.42875816993464	11.826466	26844.1962847629
0.430065359477124	11.864871	26038.2762661106
0.431372549019608	11.903521	25873.2212160422
0.432679738562092	11.941473	26349.0725126471
0.433986928104575	11.979932	26001.7161132638
0.435294117647059	12.01786	26365.7456232856
0.436601307189542	12.056104	26147.8924798669
0.437908496732026	12.09429	26187.6080238821
0.43921568627451	12.132676	26051.1644870532
0.440522875816993	12.170804	26227.4443978176
0.441830065359477	12.209152	26076.9792427251
0.443137254901961	12.246615	26693.003763713
0.444444444444444	12.284938	26093.9905539753
0.445751633986928	12.323494	25936.3004461045
0.447058823529412	12.361755	26136.2745354275
0.448366013071895	12.39962	26409.6130991681
0.449673202614379	12.438339	25827.113303547
0.450980392156863	12.476583	26147.8924798657
0.452287581699346	12.515105	25959.19214994
0.45359477124183	12.553536	26020.6604043616
0.454901960784314	12.59192	26052.5218841179
0.456209150326797	12.630296	26057.9528872215
0.457516339869281	12.668241	26353.9333245483
0.458823529411765	12.706979	25814.4457638492
0.460130718954248	12.744696	26513.2433650616
0.461437908496732	12.783797	25574.7934835423
0.462745098039216	12.821764	26338.662522717
0.464052287581699	12.860522	25801.1249290472
0.465359477124183	12.899449	25689.1103861066
0.466666666666667	12.937858	26035.5645812182
0.46797385620915	12.976524	25862.5148709466
0.469281045751634	13.015085	25932.9374238222
0.470588235294118	13.053665	25920.1658890608
0.471895424836601	13.092066	26040.9885159238
0.473202614379085	13.129924	26414.4962755561
0.474509803921569	13.168534	25900.0259000269
0.475816993464052	13.206709	26195.1538965286
0.477124183006536	13.244858	26213.0068940204
0.47843137254902	13.282858	26315.7894736853
0.479738562091503	13.321043	26188.2938326566
0.481045751633987	13.359021	26331.0337563848
0.482352941176471	13.397165	26216.4429530208
0.483660130718954	13.434507	26779.4976166242
0.484967320261438	13.472467	26343.5194942044
0.486274509803922	13.510724	26139.0072405052
0.487581699346405	13.54798	26841.3141507401
0.488888888888889	13.58627	26116.4794985636
0.490196078431373	13.623771	26665.9555745188
0.491503267973856	13.661956	26188.2938326566
0.49281045751634	13.699541	26606.3589197818
0.494117647058824	13.736969	26717.9651597733
0.495424836601307	13.774859	26392.1879123786
0.496732026143791	13.812493	26571.7170643563
0.498039215686275	13.849703	26874.4961031981
0.499346405228758	13.887646	26355.3224573701
0.500653594771242	13.925552	26381.0478552211
0.501960784313725	13.963387	26430.5537200996
0.503267973856209	14.001496	26240.5206119299
0.504575163398693	14.038817	26794.5660620024
0.505882352941176	14.077063	26146.52512681
0.50718954248366	14.115164	26246.0302879195
0.508496732026144	14.152958	26459.2263322221
0.509803921568627	14.190681	26509.0263234633
0.511111111111111	14.228858	26193.7815962484
0.512418300653595	14.269037	24888.6234102391
0.513725490196078	14.306774	26499.1917746509
0.515032679738562	14.345402	25887.9569224402
0.516339869281046	14.383695	26114.4334473667
0.517647058823529	14.421248	26629.0309695624
0.518954248366013	14.45938	26224.6931710905
0.520261437908497	14.497735	26072.2200495365
0.52156862745098	14.535681	26353.2388130503
0.522875816993464	14.573344	26551.2572020284
0.524183006535948	14.611782	26015.9217441079
0.525490196078431	14.650191	26035.5645812182
0.526797385620915	14.688323	26224.6931710892
0.528104575163399	14.725949	26577.3667145063
0.529411764705882	14.763597	26561.8359541006
0.530718954248366	14.801765	26199.9580800678
0.53202614379085	14.839512	26492.1715633034
0.533333333333333	14.877884	26060.6692379855
0.534640522875817	14.91543	26633.9956320242
0.535947712418301	14.953216	26464.8282432656
0.537254901960784	14.990576	26766.5952890782
0.538562091503268	15.028159	26607.7747917944
0.539869281045752	15.067085	25689.7703334532
0.541176470588235	15.106004	25694.3909144634
0.542483660130719	15.144688	25850.4808189433
0.543790849673203	15.183223	25950.434669781
0.545098039215686	15.220899	26542.095763882
0.54640522875817	15.259379	25987.5259875261
0.547712418300654	15.298025	25875.8991874968
0.549019607843137	15.335705	26539.2781316336
0.550326797385621	15.373345	26567.4814027632
0.551633986928105	15.411514	26199.2716602479
0.552941176470588	15.449735	26163.6273252923
0.554248366013072	15.487669	26361.575367744
0.555555555555556	15.526319	25873.2212160411
0.556862745098039	15.564595	26126.0319782633
0.558169934640523	15.601858	26836.2719051074
0.559477124183007	15.640589	25819.1113061886
0.56078431372549	15.677763	26900.5218701241
0.562091503267974	15.715888	26229.5081967219
0.563398692810458	15.753166	26825.4734696063
0.564705882352941	15.790869	26523.0883484069
0.566013071895425	15.828354	26677.3376017085
0.567320261437908	15.86636	26311.6350049985
0.568627450980392	15.904904	25944.3752594438
0.569934640522876	15.942756	26418.6832928253
0.571241830065359	15.981164	26036.2424494894
0.572549019607843	16.019475	26102.1638693846
0.573856209150327	16.081404	16147.523777229
0.57516339869281	16.159076	12874.6523843857
0.576470588235294	16.236437	12926.4099481651
0.577777777777778	16.31452	12806.8849813655
0.579084967320261	16.394067	12571.1843312762
0.580392156862745	16.472081	12818.2121157742
0.581699346405229	16.543973	13909.7535191673
0.583006535947712	16.58089	27087.7915323571
0.584313725490196	16.618629	26497.7874347503
0.58562091503268	16.65632	26531.532726644
0.586928104575163	16.693584	26835.5517389435
0.588235294117647	16.730869	26820.437173128
0.589542483660131	16.768672	26452.9270163742
0.590849673202614	16.806226	26628.3218831549
0.592156862745098	16.844052	26436.8423835439
0.593464052287582	16.881686	26571.7170643588
0.594771241830065	16.919217	26644.6404305765
0.596078431372549	16.956983	26478.8434041192
0.597385620915033	16.994404	26722.9630421433
0.598692810457516	17.032231	26436.1434953869
0.6	17.069821	26602.8198989082
0.601307189542484	17.107974	26210.2586952549
0.602614379084967	17.146266	26115.1154288088
0.603921568627451	17.183622	26769.4613984373
0.605228758169935	17.221733	26239.1435543539
0.606535947712418	17.259197	26692.2912662823
0.607843137254902	17.296674	26683.0322597866
0.609150326797386	17.334587	26376.1770369005
0.610457516339869	17.374571	25010.0040016004
0.611764705882353	17.411858	26818.9985785937
0.613071895424837	17.449164	26805.3396236523
0.61437908496732	17.486905	26496.3832436869
0.615686274509804	17.524636	26503.4056876303
0.616993464052288	17.563768	25554.5333742215
0.618300653594771	17.602703	25683.8320277371
0.619607843137255	17.640236	26643.2206325102
0.620915032679739	17.678198	26342.1316052918
0.622222222222222	17.716106	26379.6560092845
0.623529411764706	17.752913	27168.7450756653
0.62483660130719	17.791558	25876.5687669822
0.626143790849673	17.829408	26420.0792602361
0.627450980392157	17.866858	26702.2696929241
0.628758169934641	17.9045	26566.0698156328
0.630065359477124	17.942215	26514.6493437609
0.631372549019608	17.980858	25877.9080299146
0.632679738562091	18.017799	27070.1930104771
0.633986928104575	18.055691	26390.7948907425
0.635294117647059	18.09366	26337.2751455132
0.636601307189542	18.131214	26628.3218831549
0.637908496732026	18.1693	26256.3671690386
0.63921568627451	18.206858	26625.4859151175
0.640522875816993	18.244287	26717.2513291836
0.641830065359477	18.281908	26580.898966002
0.643137254901961	18.319274	26762.2972755991
0.644444444444444	18.357176	26383.8319877586
0.645751633986928	18.394832	26556.1929041839
0.647058823529412	18.432873	26287.4267237982
0.648366013071895	18.470451	26611.3151311939
0.649673202614379	18.508312	26412.4032645734
0.650980392156863	18.546407	26250.1640635265
0.652287581699346	18.584009	26594.3300888228
0.65359477124183	18.621983	26333.8073418666
0.654901960784314	18.659324	26780.2147773215
0.656209150326797	18.697689	26065.4242147799
0.657516339869281	18.735209	26652.4520255859
0.658823529411765	18.772425	26870.1633705953
0.660130718954248	18.812359	25041.3181749873
0.661437908496732	18.851837	25330.5638583521
0.662745098039216	18.891474	25228.9527461721
0.664052287581699	18.929928	26005.0969990108
0.665359477124183	18.9674	26686.5926558489
0.666666666666667	19.004754	26770.8946833025
0.66797385620915	19.042539	26465.5286489326
0.669281045751634	19.08004	26665.9555745188
0.670588235294118	19.118262	26162.9428078063
0.671895424836601	19.156613	26074.9393757668
0.673202614379085	19.194336	26509.0263234633
0.674509803921569	19.232324	26324.1023481109
0.675816993464052	19.270094	26476.0391845367
0.677124183006536	19.308464	26062.027625749
0.67843137254902	19.345414	27063.5994587273
0.679738562091503	19.38286	26705.1220424083
0.681045751633987	19.420832	26335.1943537344
0.682352941176471	19.45873	26386.6167080068
0.683660130718954	19.496044	26799.5926461903
0.684967320261438	19.533951	26380.3519138966
0.686274509803922	19.571624	26544.2093807225
0.687581699346405	19.60974	26235.7015426601
0.688888888888889	19.64719	26702.2696929241
0.690196078431373	19.684553	26764.4461097858
0.691503267973856	19.722717	26202.7041190662
0.69281045751634	19.760277	26624.0681576151
0.694117647058824	19.798703	26024.0462187053
0.695424836601307	19.836951	26145.1579167542
0.696732026143791	19.87491	26344.2134935056
0.698039215686274	19.915656	24542.2863593981
0.699346405228758	19.953945	26117.1615868771
0.700653594771242	19.991632	26534.348714412
0.701960784313725	20.029832	26178.0104712043
0.703267973856209	20.068332	25974.0259740242
0.704575163398693	20.106944	25898.6843468372
0.705882352941177	20.146267	25430.409683898
0.70718954248366	20.184706	26015.2449335332
0.708496732026144	20.22347	25797.1313589926
0.709803921568627	20.26154	26267.4021539262
0.711111111111111	20.300343	25771.2032574791
0.712418300653595	20.340243	25062.6566416044
0.713725490196078	20.378461	26165.6810926785
0.715032679738562	20.416364	26383.135899533
0.716339869281046	20.454631	26132.1765489864
0.717647058823529	20.492704	26265.3323877809
0.718954248366013	20.531824	25562.3721881387
0.720261437908497	20.570794	25660.7646907884
0.72156862745098	20.609011	26166.3657534608
0.722875816993464	20.647415	26038.9542755964
0.724183006535948	20.685817	26040.310400499
0.725490196078431	20.724953	25551.9215044977
0.726797385620915	20.763363	26034.8867482434
0.728104575163399	20.802207	25744.0016476154
0.729411764705882	20.840483	26126.0319782633
0.730718954248366	20.878622	26219.8799129493
0.73202614379085	20.916498	26401.9431830178
0.733333333333333	20.953968	26688.0170803316
0.734640522875817	20.991967	26316.4820126851
0.735947712418301	21.029633	26549.1424626974
0.737254901960784	21.068003	26062.027625749
0.738562091503268	21.106254	26143.1073697427
0.739869281045752	21.14521	25669.9866516077
0.741176470588235	21.183417	26173.2143324523
0.742483660130719	21.221542	26229.5081967207
0.743790849673203	21.259418	26401.9431830178
0.745098039215686	21.297729	26102.1638693846
0.74640522875817	21.335428	26525.9025438341
0.747712418300654	21.373521	26251.5422781089
0.749019607843137	21.411743	26162.9428078063
0.750326797385621	21.449483	26497.0853206151
0.751633986928105	21.487029	26633.9956320254
0.752941176470588	21.524547	26653.87280772
0.754248366013072	21.562872	26092.6288323546
0.755555555555556	21.600498	26577.3667145038
0.756862745098039	21.638371	26404.0345364788
0.758169934640523	21.677047	25855.8279036079
0.759477124183007	21.71454	26671.6453738047
0.76078431372549	21.752584	26285.3538008626
0.762091503267974	21.790218	26571.7170643563
0.763398692810457	21.828447	26158.1521881286
0.764705882352941	21.866208	26482.3495140491
0.766013071895425	21.903759	26630.4492556785
0.767320261437909	21.941787	26296.4131692433
0.768627450980392	21.979875	26254.9884478062
0.769934640522876	22.018542	25861.8460185687
0.77124183006536	22.056632	26253.609871357
0.772549019607843	22.093594	27054.8130512425
0.773856209150327	22.131742	26213.6940337635
0.77516339869281	22.169737	26319.2525332265
0.776470588235294	22.207811	26264.6425382163
0.777777777777778	22.245441	26574.5415891576
0.779084967320261	22.285581	24912.8051818629
0.780392156862745	22.322876	26813.245743397
0.781699346405229	22.360956	26260.5042016801
0.783006535947712	22.398384	26717.9651597745
0.784313725490196	22.436621	26152.6793419994
0.78562091503268	22.474792	26197.8989285046
0.786928104575163	22.512906	26237.0782389672
0.788235294117647	22.550395	26674.4911840801
0.789542483660131	22.588209	26445.2319246858
0.790849673202614	22.625571	26765.162464535
0.792156862745098	22.663171	26595.7446808527
0.793464052287582	22.700822	26559.7195293615
0.794771241830065	22.738412	26602.8198989082
0.796078431372549	22.776343	26363.6603306
0.797385620915033	22.814701	26070.1809270565
0.798692810457516	22.852771	26267.4021539262
0.8	22.890496	26507.6209410218
0.801307189542484	22.928199	26523.0883484069
0.802614379084967	22.96651	26102.1638693846
0.803921568627451	23.00418	26546.3233342167
0.805228758169935	23.041951	26475.3382224463
0.806535947712418	23.079458	26661.6898179021
0.807843137254902	23.117021	26621.9418044336
0.809150326797386	23.154677	26556.1929041864
0.810457516339869	23.192535	26414.4962755561
0.811764705882353	23.230567	26293.6474547741
0.813071895424837	23.268401	26431.2523127345
0.81437908496732	23.306489	26254.9884478062
0.815686274509804	23.344542	26279.1369931401
0.816993464052288	23.38293	26049.8072314257
0.818300653594771	23.421198	26131.4936761795
0.819607843137255	23.45964	26013.2147130743
0.820915032679739	23.497743	26244.6526520225
0.822222222222222	23.536308	25930.247633866
0.823529411764706	23.574638	26089.2251500117
0.824836601307189	23.612239	26595.0373660284
0.826143790849673	23.651054	25763.2358624246
0.827450980392157	23.688976	26369.9171984588
0.828758169934641	23.727585	25900.6967287413
0.830065359477124	23.765564	26330.340451302
0.831372549019608	23.802904	26780.9319764325
0.832679738562092	23.840871	26338.6625227183
0.833986928104575	23.878917	26283.9720338528
0.835294117647059	23.91689	26334.5008295386
0.836601307189543	23.955808	25695.0511331501
0.837908496732026	23.993566	26484.4536257216
0.83921568627451	24.031182	26584.4321565292
0.840522875816993	24.069534	26074.2594910306
0.841830065359477	24.107348	26445.2319246833
0.843137254901961	24.144934	26605.6510402828
0.844444444444444	24.182584	26560.4249668
0.845751633986928	24.220726	26217.8176288602
0.847058823529412	24.258925	26178.6957773748
0.848366013071895	24.29702	26250.1640635265
0.849673202614379	24.334674	26557.6034418655
0.850980392156863	24.372686	26307.4818478362
0.852287581699346	24.411002	26098.7576991347
0.85359477124183	24.449214	26169.7895948907
0.854901960784314	24.487962	25807.7836275432
0.856209150326797	24.52601	26282.5904121111
0.857516339869281	24.565027	25629.8536535349
0.858823529411765	24.60297	26355.3224573713
0.860130718954248	24.641577	25902.0384904275
0.861437908496732	24.679202	26578.0730897021
0.862745098039216	24.717492	26116.4794985636
0.864052287581699	24.755192	26525.1989389914
0.865359477124183	24.79304	26421.4753751847
0.866666666666667	24.831068	26296.4131692457
0.86797385620915	24.869603	25950.4346697786
0.869281045751634	24.907561	26344.9075293748
0.870588235294118	24.945478	26373.3945196085
0.871895424836601	24.983937	26001.7161132638
0.873202614379085	25.021411	26685.1683834128
0.874509803921569	25.059691	26123.3019853707
0.875816993464052	25.097452	26482.3495140491
0.877124183006536	25.134967	26656.0042649613
0.87843137254902	25.172597	26574.5415891576
0.879738562091503	25.210422	26437.5413086572
0.881045751633987	25.248292	26406.1262212847
0.882352941176471	25.285991	26525.9025438341
0.883660130718954	25.324413	26026.7555046584
0.884967320261438	25.362504	26252.9206374199
0.886274509803922	25.400556	26279.8276043306
0.887581699346405	25.439093	25949.087889562
0.888888888888889	25.477269	26194.4677284158
0.890196078431372	25.515013	26494.277236117
0.891503267973856	25.553651	25881.2567938307
0.89281045751634	25.591817	26201.331027616
0.894117647058824	25.63056	25811.1142658027
0.895424836601307	25.668606	26283.9720338528
0.896732026143791	25.707373	25795.1350375319
0.898039215686275	25.745727	26072.8998279201
0.899346405228758	25.783746	26302.6381546055
0.900653594771242	25.821752	26311.6350049997
0.901960784313726	25.860434	25851.817382761
0.903267973856209	25.901575	24306.6527308526
0.904575163398693	25.942553	24403.3383766905
0.905882352941176	25.983945	24159.2578276005
0.90718954248366	26.02463	24579.0832001967
0.908496732026144	26.06593	24213.0750605308
0.909803921568627	26.105851	25049.4727085997
0.911111111111111	26.143903	26279.8276043306
0.912418300653595	26.181676	26473.9364096063
0.913725490196078	26.220208	25952.4551022527
0.915032679738562	26.258061	26417.9853644348
0.916339869281046	26.29596	26385.9204728361
0.917647058823529	26.333883	26369.2218442639
0.918954248366013	26.371909	26297.7962446757
0.920261437908497	26.409814	26381.7438332659
0.92156862745098	26.447302	26675.2027315409
0.922875816993464	26.485953	25872.5518097863
0.924183006535948	26.524106	26210.2586952525
0.925490196078431	26.562349	26148.5762100244
0.926797385620915	26.600798	26008.4787640771
0.928104575163399	26.639243	26011.1848094685
0.929411764705882	26.677509	26132.8594574817
0.930718954248366	26.715973	25998.3361064884
0.93202614379085	26.754002	26295.721686083
0.933333333333333	26.792586	25917.4787476673
0.934640522875817	26.830968	26053.879422647
0.935947712418301	26.86905	26259.1250459515
0.937254901960784	26.907642	25912.1061359883
0.938562091503268	26.946056	26032.1757692511
0.939869281045752	26.984429	26059.9900972038
0.941176470588235	27.022848	26028.7878393496
0.942483660130719	27.061042	26182.1228465199
0.943790849673203	27.099519	25989.5522000154
0.945098039215686	27.138153	25883.9364290533
0.94640522875817	27.176973	25759.917568263
0.947712418300654	27.217093	24925.2243270201
0.949019607843137	27.254826	26502.000901066
0.950326797385621	27.293797	25660.1062328397
0.951633986928105	27.331731	26361.575367744
0.952941176470588	27.37018	26008.4787640771
0.954248366013072	27.409971	25131.3111005017
0.955555555555556	27.448238	26132.176548984
0.956862745098039	27.487025	25781.8341196798
0.958169934640523	27.525508	25985.5000909497
0.959477124183007	27.564344	25749.3047687713
0.96078431372549	27.603979	25230.2258105207
0.962091503267974	27.641973	26319.945254513
0.963398692810458	27.680859	25716.1960602778
0.964705882352941	27.718867	26310.250473586
0.966013071895425	27.756978	26239.1435543539
0.967320261437909	27.796535	25279.9757312243
0.968627450980392	27.834858	26093.9905539741
0.969934640522876	27.873291	26019.3063252949
0.971241830065359	27.911859	25928.2306575389
0.972549019607843	27.950044	26188.2938326578
0.973856209150327	27.98963	25261.456070328
0.97516339869281	28.027897	26132.176548984
0.976470588235294	28.066799	25705.6192483676
0.977777777777778	28.105154	26072.2200495377
0.979084967320261	28.142812	26554.7825163309
0.980392156862745	28.18191	25576.7558442892
0.981699346405229	28.21966	26490.0662251637
0.983006535947712	28.257572	26376.8727579668
0.984313725490196	28.296269	25841.7965216948
0.98562091503268	28.334405	26221.942521501
0.986928104575163	28.372533	26227.4443978176
0.988235294117647	28.410434	26384.5281127161
0.989542483660131	28.448648	26168.4199508034
0.990849673202614	28.486905	26139.007240504
0.992156862745098	28.52541	25970.6531619266
0.993464052287582	28.564043	25884.6064245588
0.994771241830065	28.601365	26793.848132469
0.996078431372549	28.640255	25713.5510413998
0.997385620915033	28.677977	26509.7290705698
0.998692810457516	28.717203	25493.2952633439
1.0	28.755813	25900.0259000269