#% Complete	time_depth_1	rate_depth_10.0	0.0	0.0
0.000393700787401575	0.015549	64312.8175445366
0.00078740157480315	0.0328	57967.6540490406
0.00118110236220472	0.060631	35931.1559052855
0.0015748031496063	0.08483	41324.0216537873
0.00196850393700787	0.107466	44177.4165046828
0.00236220472440945	0.131745	41187.8578195148
0.00275590551181102	0.155565	41981.5281276239
0.0031496062992126	0.181019	39286.5561404886
0.00354330708661417	0.20806	36980.8808845827
0.00393700787401575	0.23662	35014.0056022409
0.00433070866141732	0.264728	35577.0599117689
0.0047244094488189	0.29417	33965.0838937573
0.00511811023622047	0.325692	31723.8753886175
0.00551181102362205	0.358874	30136.8211681031
0.00590551181102362	0.392813	29464.6277144288
0.0062992125984252	0.42679	29431.6743679549
0.00669291338582677	0.462659	27879.2271878223
0.00708661417322835	0.500617	26344.9075293745
0.00748031496062992	0.540989	24769.6423263649
0.0078740157480315	0.581152	24898.5384557926
0.00826771653543307	0.616976	27914.2474318893
0.00866141732283465	0.643895	37148.4824844905
0.00905511811023622	0.671387	36374.217954314
0.0094488188976378	0.699828	35160.5077177314
0.00984251968503937	0.731602	31472.2729275507
0.0102362204724409	0.782496	19648.6815734665
0.0106299212598425	0.833435	19631.3237401598
0.0110236220472441	0.890158	17629.532993671
0.0114173228346457	0.941746	19384.3529502985
0.0118110236220472	1.007928	15109.848599317
0.0122047244094488	1.068649	16468.7669834159
0.0125984251968504	1.125839	17485.5744011191
0.012992125984252	1.190852	15381.5390768
0.0133858267716535	1.248144	17454.4439014173
0.0137795275590551	1.314617	15043.7019541768
0.0141732283464567	1.379262	15469.1004718076
0.0145669291338583	1.454902	13220.5182443151
0.0149606299212598	1.549809	10536.6305962679
0.0153543307086614	1.650601	9921.42233510596
0.015748031496063	1.762283	8953.99437689153
0.0161417322834646	1.886558	8046.67069000202
0.0165354330708661	2.009146	8157.40529252456
0.0169291338582677	2.131135	8197.46042675978
0.0173228346456693	2.259645	7781.49560345499
0.0177165354330709	2.388763	7744.85354481946
0.0181102362204724	2.519017	7677.30741474351
0.018503937007874	2.650937	7580.35172832019
0.0188976377952756	2.789075	7239.13767392028
0.0192913385826772	2.907418	8450.01394252302
0.0196850393700787	3.025049	8501.16040839573
0.0200787401574803	3.15659	7602.19247230902
0.0204724409448819	3.282484	7943.19030295327
0.0208661417322835	3.398115	8648.19987719559
0.021259842519685	3.527515	7727.97527047911
0.0216535433070866	3.661092	7486.31875247985
0.0220472440944882	3.787334	7921.29402259153
0.0224409448818898	3.920564	7505.81700818133
0.0228346456692913	4.05611	7377.56923848729
0.0232283464566929	4.235664	5569.35518005727
0.0236220472440945	4.464902	4362.27850530888
0.0240157480314961	4.662483	5061.21540026623
0.0244094488188976	4.82748	6060.71625544705
0.0248031496062992	4.987387	6253.63492530035
0.0251968503937008	5.140153	6545.95917939857
0.0255905511811024	5.281926	7053.52923335188
0.0259842519685039	5.426761	6904.4084648048
0.0263779527559055	5.601458	5724.19675209076
0.0267716535433071	5.843834	4125.82103838664
0.0271653543307087	6.096798	3953.1316709097
0.0275590551181102	6.277957	5520.01280642971
0.0279527559055118	6.462014	5433.09952895027
0.0283464566929134	6.645043	5463.61505553764
0.028740157480315	6.839287	5148.1641646589
0.0291338582677165	7.032253	5182.26008726925
0.0295275590551181	7.230335	5048.41429307054
0.0299212598425197	7.432257	4952.40736522024
0.0303149606299213	7.64177	4772.97351476996
0.0307086614173228	7.851714	4763.17494188926
0.0311023622047244	8.055118	4916.32416275
0.031496062992126	8.323706	3723.17452752916
0.0318897637795276	8.607087	3528.81809295612
0.0322834645669291	8.817957	4742.25826338503
0.0326771653543307	9.040595	4491.5962234659
0.0330708661417323	9.252874	4710.78156576956
0.0334645669291339	9.469398	4618.42567105726
0.0338582677165354	9.689293	4547.62500284228
0.034251968503937	9.918667	4359.69203135491
0.0346456692913386	10.154506	4240.18080130936
0.0350393700787402	10.476667	3104.03804309024
0.0354330708661417	10.741756	3772.31797622686
0.0358267716535433	10.964976	4479.88531493595
0.0362204724409449	11.177573	4703.73523615101
0.0366141732283465	11.383169	4863.90785812954
0.037007874015748	11.609471	4418.87389417683
0.0374015748031496	11.838615	4364.06800963583
0.0377952755905512	12.075187	4227.04292984801
0.0381889763779528	12.297799	4492.12082008158
0.0385826771653543	12.521592	4468.41500851232
0.0389763779527559	12.749664	4384.58030797294
0.0393700787401575	12.974875	4440.28044811307
0.0397637795275591	13.23002	3919.33998314686
0.0401574803149606	13.475653	4071.11422325177
0.0405511811023622	13.700736	4442.8055428442
0.0409448818897638	13.949845	4014.30699011275
0.0413385826771654	14.253369	3294.6323849185
0.0417322834645669	14.621172	2718.84677395236
0.0421259842519685	14.886826	3764.29490992043
0.0425196850393701	15.15302	3756.65867750587
0.0429133858267717	15.426589	3655.38493031008
0.0433070866141732	15.704689	3595.82883854728
0.0437007874015748	15.970088	3767.9117102928
0.0440944881889764	16.228269	3873.25171100894
0.044488188976378	16.481802	3944.25972161413
0.0448818897637795	16.750066	3727.67124921721
0.0452755905511811	17.039707	3452.54988071441
0.0456692913385827	17.402502	2756.37756859936
0.0460629921259843	17.747844	2895.68022424146
0.0464566929133858	18.034632	3486.89624391539
0.0468503937007874	18.328808	3399.32557380615
0.047244094488189	18.629066	3330.4691298816
0.0476377952755906	18.926671	3360.15859948593
0.0480314960629921	19.282008	2814.22987192438
0.0484251968503937	19.658705	2654.65347480867
0.0488188976377953	19.964579	3269.32004681667
0.0492125984251969	20.270961	3263.89931523393
0.0496062992125984	20.584873	3185.60615713956
0.05	20.964356	2635.16415755122
0.0503937007874016	21.299111	2987.2593389195
0.0507874015748032	21.607746	3240.07322565491
0.0511811023622047	21.926505	3137.16632314695
0.0515748031496063	22.23202	3273.16171055431
0.0519685039370079	22.552412	3121.17655871556
0.0523622047244095	22.876061	3089.76700067048
0.052755905511811	23.181558	3273.3545664933
0.0531496062992126	23.50854	3058.27232080052
0.0535433070866142	23.854107	2893.79483573374
0.0539370078740158	24.219085	2739.89117152266
0.0543307086614173	24.652499	2307.26280184766
0.0547244094488189	24.99602	2911.03018447196
0.0551181102362205	25.393655	2514.86916393176
0.055511811023622	25.774303	2627.09905214266
0.0559055118110236	26.09133	3154.30546925026
0.0562992125984252	26.440935	2860.37099011742
0.0566929133858268	26.793992	2832.40383280887
0.0570866141732283	27.179178	2596.14835430155
0.0574803149606299	27.659019	2084.02366617275
0.0578740157480315	28.028633	2705.52522361167
0.0582677165354331	28.387957	2783.00364016875
0.0586614173228346	28.753514	2735.55150086034
0.0590551181102362	29.129191	2661.86112005792
0.0594488188976378	29.620048	2037.25321223899
0.0598425196850394	29.984156	2746.43787008252
0.0602362204724409	30.362914	2640.20825962751
0.0606299212598425	30.736634	2675.80006421921
0.0610236220472441	31.110927	2671.7037187444
0.0614173228346457	31.628929	1930.4944768553
0.0618110236220472	32.012545	2606.77344010675
0.0622047244094488	32.506508	2024.44312630706
0.0625984251968504	32.924386	2393.04294554869
0.062992125984252	33.332427	2450.73411740484
0.0633858267716535	33.779108	2238.73413017344
0.0637795275590551	34.250264	2122.43927701228
0.0641732283464567	34.829483	1726.462702363
0.0645669291338583	35.307362	2092.57992085865
0.0649606299212598	35.695263	2577.97737051465
0.0653543307086614	36.070789	2662.93146147004
0.065748031496063	36.572944	1991.41699276119
0.0661417322834646	36.949512	2655.56287310659
0.0665354330708661	37.429812	2082.03206329378
0.0669291338582677	37.883489	2204.21136623634
0.0673228346456693	38.349147	2147.49880813814
0.0677165354330709	38.825467	2099.42895532415
0.0681102362204724	39.262085	2290.33159420823
0.068503937007874	39.755311	2027.46813833821
0.0688976377952756	40.159682	2472.9765487634
0.0692913385826772	40.57346	2416.75487821972
0.0696850393700787	40.998616	2352.07782555109
0.0700787401574803	41.418892	2379.38878260952
0.0704724409448819	41.853722	2299.74932732333
0.0708661417322835	42.298739	2247.10516676891
0.071259842519685	42.745367	2238.999794012
0.0716535433070866	43.189533	2251.41050868371
0.0720472440944882	43.642209	2209.08552695524
0.0724409448818898	44.207258	1769.75802098578
0.0728346456692913	44.639649	2312.72158763714
0.0732283464566929	45.204258	1771.13719405818
0.0736220472440945	45.638859	2300.96111145629
0.0740157480314961	46.079462	2269.61686597684
0.0744094488188976	46.49926	2382.0980566844
0.0748031496062992	46.943963	2248.69182353168
0.0751968503937008	47.390752	2238.19297252169
0.0755905511811024	47.939417	1822.60577948293
0.0759842519685039	48.444709	1979.05369568485
0.0763779527559055	48.907176	2162.31644636267
0.0767716535433071	49.380659	2112.00824528018
0.0771653543307087	49.822917	2261.12359753811
0.0775590551181102	50.299792	2096.98558322412
0.0779527559055118	50.782022	2073.69927213155
0.0783464566929134	51.237091	2197.46895525733
0.078740157480315	51.6885	2215.28591587674
0.0791338582677165	52.143103	2199.72151525617
0.0795275590551181	52.599562	2190.77726586615
0.0799212598425197	53.05752	2183.60635691484
0.0803149606299213	53.542895	2060.26268349212
0.0807086614173228	54.028348	2059.93165146781
0.0811023622047244	54.522906	2022.00752995605
0.081496062992126	55.020049	2011.49367485813
0.0818897637795276	55.517069	2011.99146915617
0.0822834645669291	56.011412	2022.88694287165
0.0826771653543307	56.517631	1975.42960655368
0.0830708661417323	57.034792	1933.63382002896
0.0834645669291339	57.539702	1980.55098928524
0.0838582677165354	58.028086	2047.56912593368
0.084251968503937	58.513804	2058.80778558753
0.0846456692913386	59.024486	1958.16574698148
0.0850393700787402	59.535292	1957.6903951794
0.0854330708661417	60.025556	2039.71737676026
0.0858267716535433	60.524059	2006.00598190984
0.0862204724409449	61.038918	1942.27934249959
0.0866141732283465	61.56441	1902.97854201396
0.087007874015748	62.058015	2025.9114068942
0.0874015748031496	62.565121	1971.97430123091
0.0877952755905512	63.096533	1881.77910924103
0.0881889763779528	63.627368	1883.8245405823
0.0885826771653543	64.310591	1463.6509602282
0.0889763779527559	64.845848	1868.26141461017
0.0893700787401575	65.381647	1866.37153111522
0.0897637795275591	65.906364	1905.78921590116
0.0901574803149606	66.424193	1931.13943019798
0.0905511811023622	66.967445	1840.76634784595
0.0909448818897638	67.50161	1872.08072412082
0.0913385826771654	68.046428	1835.47533304698
0.0917322834645669	68.610111	1774.04676032452
0.0921259842519685	69.177953	1761.0532507282
0.0925196850393701	69.755913	1730.22354488199
0.0929133858267717	70.305539	1819.41902311757
0.0933070866141732	70.854257	1822.42973622149
0.0937007874015748	71.379585	1903.57262510279
0.0940944881889764	71.944905	1768.90964409538
0.094488188976378	72.518798	1742.48509739621
0.0948818897637795	73.083685	1770.26555753629
0.0952755905511811	73.652615	1757.68547976027
0.0956692913385827	74.227004	1740.98041571131
0.0960629921259843	74.79905	1748.11116588526
0.0964566929133858	75.381194	1717.78803869833
0.0968503937007874	75.977298	1677.55962046888
0.097244094488189	76.567978	1692.96404144378
0.0976377952755905	77.152998	1709.34327031554
0.0980314960629921	77.718256	1769.10366593662
0.0984251968503937	78.277129	1789.31528272074
0.0988188976377953	78.830612	1806.7402250837
0.0992125984251968	79.404085	1743.76125815864
0.0996062992125984	79.983113	1727.03219878829
0.1	80.584814	1661.95502417316
0.100393700787402	81.2004	1624.46839271846
0.100787401574803	81.813603	1630.78132363997
0.101181102362205	82.440838	1594.29878753577
0.101574803149606	83.05761	1621.3446784225
0.101968503937008	83.686468	1590.18411151641
0.102362204724409	84.305344	1615.83257389202
0.102755905511811	84.928094	1605.78081091932
0.103149606299213	85.555259	1594.47673259827
0.103543307086614	86.183417	1591.95616389507
0.103937007874016	86.77436	1692.21058545411
0.104330708661417	87.379885	1651.45947731308
0.104724409448819	88.000166	1612.17254760345
0.10511811023622	88.611736	1635.13579802803
0.105511811023622	89.234651	1605.35546583401
0.105905511811024	89.837272	1659.41777667888
0.106299212598425	90.488709	1535.06785767465
0.106692913385827	91.151035	1509.83050642736
0.107086614173228	91.797298	1547.35765470094
0.10748031496063	92.480364	1463.98737457289
0.107874015748032	93.158584	1474.44781929165
0.108267716535433	93.84042	1466.62833877943
0.108661417322835	94.534877	1439.97396527071
0.109055118110236	95.212896	1474.88492210394
0.109448818897638	95.869363	1523.30581735257
0.109842519685039	96.55261	1463.59954745503
0.110236220472441	97.24196	1450.64190904474
0.110629921259843	97.930995	1451.3050860987
0.111023622047244	98.610102	1472.52200316003
0.111417322834646	99.315837	1416.96245757968
0.111811023622047	100.01874	1422.67140700781
0.112204724409449	100.722507	1420.92482313038
0.11259842519685	101.435085	1403.35514147222
0.112992125984252	102.136164	1426.37277681975
0.113385826771654	102.809746	1484.6002416929
0.113779527559055	103.534575	1379.63574856966
0.114173228346457	104.244863	1407.87962066093
0.114566929133858	104.980066	1360.16855208698
0.11496062992126	105.720642	1350.30030678822
0.115354330708661	106.44992	1371.21920584467
0.115748031496063	107.188159	1354.57487344886
0.116141732283465	107.934996	1338.98025941404
0.116535433070866	108.695872	1314.27459927768
0.116929133858268	109.446377	1332.43615965249
0.117322834645669	110.198738	1329.14917174068
0.117716535433071	110.951873	1327.78319955918
0.118110236220472	111.729392	1286.14220359889
0.118503937007874	112.486995	1319.95253450688
0.118897637795276	113.252523	1306.28794766487
0.119291338582677	114.036068	1276.25088539905
0.119685039370079	114.794264	1318.92017367541
0.12007874015748	115.570335	1288.54189887265
0.120472440944882	116.355692	1273.30627981923
0.120866141732283	117.135597	1282.20744834307
0.121259842519685	117.930363	1258.23198274713
0.121653543307087	118.757485	1209.01148802716
0.122047244094488	119.537331	1282.30445498215
0.12244094488189	120.32464	1270.14933145689
0.122834645669291	121.064838	1350.98987027797
0.123228346456693	121.871137	1240.23470201499
0.123622047244094	122.685821	1227.46979196842
0.124015748031496	123.49784	1231.49827774967
0.124409448818898	124.288994	1263.97641925591
0.124803149606299	125.100801	1231.8198783701
0.125196850393701	125.932344	1202.58363067214
0.125590551181102	126.75565	1214.61522204381
0.125984251968504	127.563004	1238.61404043331
0.126377952755906	128.379593	1224.60625847275
0.126771653543307	129.243904	1156.9909442319
0.127165354330709	130.124425	1135.69125551802
0.12755905511811	130.947898	1214.36889855526
0.127952755905512	131.788691	1189.3533842456
0.128346456692913	132.671203	1133.12906793337
0.128740157480315	133.557656	1128.09139345231
0.129133858267717	134.417469	1163.04359203687
0.129527559055118	135.247819	1204.3114349371
0.12992125984252	136.095438	1179.77534717838
0.130314960629921	136.963564	1151.90652048206
0.130708661417323	137.845196	1134.26009945193
0.131102362204724	138.725656	1135.76993844127
0.131496062992126	139.59764	1146.81003321158
0.131889763779528	140.505868	1101.04511202035
0.132283464566929	141.403248	1114.3551226905
0.132677165354331	142.299831	1115.34570697858
0.133070866141732	143.209115	1099.76640961462
0.133464566929134	144.111096	1108.67080348698
0.133858267716535	145.015604	1105.57341670832
0.134251968503937	145.912835	1114.54017973074
0.134645669291339	146.949749	964.400133472982
0.13503937007874	147.97032	979.843636552489
0.135433070866142	148.851293	1135.10856745892
0.135826771653543	149.72644	1142.66517510773
0.136220472440945	150.633611	1102.32800651696
0.136614173228346	151.566275	1072.19749020013
0.137007874015748	152.530664	1036.92597074416
0.13740157480315	153.5135	1017.46374776668
0.137795275590551	154.580527	937.18340773008
0.138188976377953	155.678504	910.765890360169
0.138582677165354	156.676824	1001.6828271496
0.138976377952756	157.662269	1014.76997701546
0.139370078740157	158.805332	874.842419009288
0.139763779527559	159.774707	1031.59252095421
0.140157480314961	160.782842	991.930644209375
0.140551181102362	161.774324	1008.5911796684
0.140944881889764	162.76643	1007.95681106655
0.141338582677165	163.727337	1040.68343762717
0.141732283464567	164.695594	1032.78365144792
0.142125984251969	165.63786	1061.27144564275
0.14251968503937	166.635315	1002.55149355109
0.142913385826772	167.574828	1064.38122729541
0.143307086614173	168.520866	1057.03999205104
0.143700787401575	169.509828	1011.16119729576
0.144094488188976	170.498208	1011.75661182945
0.144488188976378	171.516597	981.943049267043
0.14488188976378	172.494401	1022.69984577684
0.145275590551181	173.493022	1001.380904267
0.145669291338583	174.505681	987.499247031811
0.146062992125984	175.50413	1001.55340933789
0.146456692913386	176.575976	932.969848280449
0.146850393700787	177.630112	948.644197712629
0.147244094488189	178.660437	970.567539368641
0.147637795275591	179.717757	945.787462641391
0.148031496062992	180.769589	950.722168559246
0.148425196850394	181.787164	982.72854580744
0.148818897637795	182.785878	1001.28765592551
0.149212598425197	183.881941	912.356315284784
0.149606299212598	184.949085	937.080656406272
0.15	186.053502	905.455095312721
0.150393700787402	187.180271	887.493354893508
0.150787401574803	188.316557	880.060125707801
0.151181102362205	189.465307	870.511425462454
0.151574803149606	190.564938	909.395970102684
0.151968503937008	191.673979	901.679919858696
0.152362204724409	192.825422	868.475469476127
0.152755905511811	194.00027	851.173939096804
0.153149606299213	195.168657	855.880799769258
0.153543307086614	196.361673	838.211725576187
0.153937007874016	197.557544	836.210594620984
0.154330708661417	198.77346	822.425233322043
0.154724409448819	199.920836	871.553875974391
0.15511811023622	201.152809	811.706100701894
0.155511811023622	202.42525	785.891055066591
0.155905511811024	203.676371	799.283202823718
0.156299212598425	204.954306	782.512412603137
0.156692913385827	206.213091	794.416838459315
0.157086614173228	207.492099	781.85593835222
0.15748031496063	208.787193	772.144724630023
0.157874015748032	210.089027	768.147090950161
0.158267716535433	211.369899	780.718135769997
0.158661417322835	212.651858	780.056148441564
0.159055118110236	213.978841	753.58915675635
0.159448818897638	215.280532	768.231477362904
0.159842519685039	216.597268	759.453679401174
0.160236220472441	217.914892	758.941852911
0.160629921259843	219.216563	768.243281136325
0.161023622047244	220.552463	748.559023879043
0.161417322834646	221.886857	749.403849237929
0.161811023622047	223.202368	760.160880448729
0.162204724409449	224.467732	790.286431414198
0.16259842519685	225.708887	805.701141275672
0.162992125984252	226.998426	775.470924105442
0.163385826771654	228.295259	771.109310142482
0.163779527559055	229.617589	756.240877844398
0.164173228346457	230.92485	764.958183560906
0.164566929133858	232.236827	762.208483837743
0.16496062992126	233.535105	770.251055629082
0.165354330708661	234.838181	767.414947401377
0.165748031496063	236.224679	721.241574095302
0.166141732283465	237.536018	762.579317781289
0.166535433070866	238.784381	801.049053840921
0.166929133858268	240.032023	801.51197218432
0.167322834645669	241.31497	779.455425672313
0.167716535433071	242.659754	743.613844305105
0.168110236220472	243.919812	793.614262200619
0.168503937007874	245.181881	792.349705127059
0.168897637795276	246.468472	777.247781151905
0.169291338582677	247.798812	751.687538523983
0.169685039370079	249.161269	733.968117892892
0.17007874015748	250.569324	710.199530558115
0.170472440944882	251.985011	706.370829145147
0.170866141732283	253.416209	698.715341972238
0.171259842519685	254.866468	689.532007731038
0.171653543307087	256.331056	682.785875618266
0.172047244094488	257.745534	706.974587091477
0.17244094488189	259.203467	685.902575769958
0.172834645669291	260.684912	675.01662228432
0.173228346456693	262.135423	689.412214040428
0.173622047244094	263.586685	689.055456561262
0.174015748031496	264.919736	750.158846135663
0.174409448818898	266.272598	739.173692512605
0.174803149606299	267.606544	749.655533282474
0.175196850393701	269.019986	707.492772961308
0.175590551181102	270.511591	670.418777089112
0.175984251968504	271.931433	704.303718301042
0.176377952755906	273.387525	686.769792018657
0.176771653543307	274.737927	740.520230272154
0.177165354330709	276.118912	724.120826801155
0.17755905511811	277.607144	671.93824618743
0.177952755905512	279.142332	651.386019171591
0.178346456692913	280.623473	675.155167536388
0.178740157480315	282.075446	688.718040900205
0.179133858267717	283.433827	736.170485305664
0.179527559055118	284.918396	673.596175051495
0.17992125984252	286.446642	654.34491567456
0.180314960629921	287.967712	657.431939358474
0.180708661417323	289.413764	691.538063638095
0.181102362204724	290.843297	699.529146931204
0.181496062992126	292.268881	701.46690759716
0.181889763779528	293.841494	635.884352984496
0.182283464566929	295.398375	642.309848986541
0.182677165354331	296.938131	649.453549783208
0.183070866141732	298.490981	643.977203207016
0.183464566929134	300.077911	630.147517533857
0.183858267716535	301.633433	642.871010503205
0.184251968503937	303.214668	632.417066406957
0.184645669291339	304.82774	619.935129988003
0.18503937007874	306.457343	613.646391176265
0.185433070866142	308.077892	617.074830813493
0.185826771653543	309.69508	618.357296739773
0.186220472440945	311.259697	639.134050058258
0.186614173228346	312.928186	599.344676530694
0.187007874015748	314.493864	638.700933397548
0.18740157480315	316.185647	591.092356407396
0.187795275590551	317.868662	594.17176911675
0.188188976377953	319.54166	597.729345761319
0.188582677165354	321.08296	648.802958541476
0.188976377952756	322.594405	661.618517379073
0.189370078740157	324.136786	648.348235617538
0.189763779527559	325.700012	639.702768505624
0.190157480314961	327.373858	597.426525498773
0.190551181102362	329.025521	605.450385459973
0.190944881889764	330.733353	585.537687547723
0.191338582677165	332.341685	621.762173481609
0.191732283464567	334.022433	594.973190508038
0.192125984251969	335.579071	642.410117188445
0.19251968503937	337.178329	625.289978227395
0.192913385826772	338.953256	563.403452649041
0.193307086614173	340.624861	598.227452059548
0.193700787401575	342.161624	650.718425677866
0.194094488188976	343.801488	609.806666894332
0.194488188976378	345.504408	587.226645996287
0.19488188976378	347.189603	593.403137322399
0.195275590551181	348.815948	614.875687507872
0.195669291338583	350.369376	643.737591957916
0.196062992125984	352.05007	594.992306749468
0.196456692913386	353.879035	546.757319030167
0.196850393700787	355.660251	561.414224889055
0.197244094488189	357.541037	531.692600859428
0.197637795275591	359.28846	572.271281767504
0.198031496062992	361.071745	560.762861797178
0.198425196850394	362.951433	532.003183507054
0.198818897637795	364.779843	546.923283071078
0.199212598425197	366.573329	557.573351562273
0.199606299212598	368.387349	551.261838347987
0.2	370.128433	574.354827222581
0.200393700787402	371.91566	559.526014322738
0.200787401574803	373.746488	546.200953885347
0.201181102362205	375.567059	549.278220953764
0.201574803149606	377.230025	601.335204688476
0.201968503937008	379.072082	542.871366086931
0.202362204724409	380.916146	542.280528224616
0.202755905511811	382.814565	526.754104336295
0.203149606299213	384.946157	469.132929753909
0.203543307086614	386.905684	510.327237134273
0.203937007874016	388.899532	501.542745485109
0.204330708661417	390.685123	560.038665069451
0.204724409448819	392.456662	564.480940018814
0.20511811023622	394.435523	505.341203854138
0.205511811023622	396.325106	529.217292915946
0.205905511811024	398.257494	517.494416235248
0.206299212598425	400.186119	518.504115626415
0.206692913385827	402.151965	508.686845256445
0.207086614173228	404.127744	506.12948108063
0.20748031496063	406.118031	502.440100347345
0.207874015748031	407.88102	567.218513558506
0.208267716535433	409.692646	551.990311466039
0.208661417322835	411.67662	504.038863412527
0.209055118110236	413.632406	511.303383908058
0.209448818897638	415.557954	519.332678281717
0.209842519685039	417.494076	516.496377810899
0.210236220472441	419.578703	479.702124168973
0.210629921259843	421.626636	488.297224567405
0.211023622047244	423.488915	536.976468080239
0.211417322834646	425.532349	489.372301723474
0.211811023622047	427.88144	425.696577952921
0.212204724409449	430.185878	433.945282971379
0.21259842519685	432.281262	477.239494049772
0.212992125984252	434.304398	494.282144156407
0.213385826771654	436.356499	487.30544939065
0.213779527559055	438.288703	517.543696214268
0.214173228346457	440.298764	497.497339632975
0.214566929133858	442.271377	506.941807642967
0.21496062992126	444.06086	558.820620257354
0.215354330708661	446.159373	476.527903329638
0.215748031496063	448.462029	434.281108424367
0.216141732283465	450.671807	452.534145963978
0.216535433070866	452.797966	470.331710845714
0.216929133858268	455.020915	449.852875617024
0.217322834645669	457.358378	427.814258450292
0.217716535433071	459.740022	419.878033828734
0.218110236220472	462.03541	435.656194072636
0.218503937007874	464.19693	462.637403308784
0.218897637795276	466.385043	457.014788541545
0.219291338582677	468.497498	473.382864960435
0.219685039370079	470.880093	419.710441766229
0.22007874015748	473.080097	454.544628100669
0.220472440944882	475.253916	460.019900460898
0.220866141732283	477.471548	450.931443990711
0.221259842519685	479.791728	431.001043022525
0.221653543307087	482.141487	425.575559025414
0.222047244094488	484.529472	418.763099433202
0.22244094488189	486.885533	424.437228068371
0.222834645669291	489.153734	440.878035059508
0.223228346456693	491.393822	446.411033852239
0.223622047244094	493.577714	457.898101188151
0.224015748031496	495.71945	466.910954478054
0.224409448818898	498.159906	409.759487571178
0.224803149606299	500.396618	447.08482808694
0.225196850393701	502.633035	447.143801893829
0.225590551181102	504.982385	425.649647774914
0.225984251968504	507.198804	451.178229387138
0.226377952755905	509.636589	410.208447422555
0.226771653543307	512.21579	387.716971263588
0.227165354330709	514.583839	422.288559062748
0.22755905511811	516.935756	425.185072432411
0.227952755905512	519.330291	417.617616781543
0.228346456692913	521.613444	437.990796061417
0.228740157480315	524.151128	394.060095740839
0.229133858267717	526.524333	421.371099420407
0.229527559055118	528.931827	415.369674856919
0.22992125984252	531.374059	409.461508980312
0.230314960629921	533.702815	429.413815788344
0.230708661417323	536.110457	415.344141695483
0.231102362204724	538.573734	405.963275750158
0.231496062992126	541.01035	410.405250560601
0.231889763779528	543.382868	421.493114066993
0.232283464566929	545.870887	401.926191078121
0.232677165354331	548.140584	440.587444050911
0.233070866141732	550.42002	438.705012994436
0.233464566929134	552.853022	411.014869695958
0.233858267716535	555.256035	416.14423226175
0.234251968503937	557.824657	389.31380327662
0.234645669291339	560.058444	447.670256832902
0.23503937007874	562.091279	491.923840351042
0.235433070866142	564.297354	453.293745679533
0.235826771653543	566.83267	394.428150179312
0.236220472440945	569.359745	395.714412908209
0.236614173228346	571.749074	418.527544762572
0.237007874015748	574.405357	376.465911199969
0.23740157480315	576.863745	406.770615541564
0.237795275590551	579.345175	402.993435236933
0.238188976377953	581.915032	389.126710163257
0.238582677165354	584.552909	379.092732526952
0.238976377952756	587.118494	389.774651785062
0.239370078740157	589.382543	441.686553603743
0.239763779527559	591.947445	389.87844369883
0.240157480314961	594.400621	407.634837451535
0.240551181102362	597.019357	381.863616645586
0.240944881889764	599.6299	383.062067929928
0.241338582677165	602.034976	415.787276576705
0.241732283464567	604.633847	384.782469002898
0.242125984251968	607.108067	404.167778128047
0.24251968503937	609.700965	385.668853923295
0.242913385826772	612.307502	383.650797974477
0.243307086614173	614.747144	409.896206082688
0.243700787401575	617.16066	414.333279746236
0.244094488188976	619.872116	368.805542114643
0.244488188976378	622.520788	377.547691824427
0.24488188976378	625.127362	383.645352098208
0.245275590551181	627.675076	392.508735281897
0.245669291338583	630.339959	375.250996009952
0.246062992125984	632.943866	384.038293226304
0.246456692913386	635.349889	415.623624545567
0.246850393700787	637.461921	473.477674580688
0.247244094488189	640.166656	369.721987551457
0.247637795275591	642.712832	392.74582746832
0.248031496062992	645.313612	384.500034605005
0.248425196850394	647.960711	377.772044037655
0.248818897637795	650.448549	401.955432789432
0.249212598425197	652.764952	431.703809742944
0.249606299212598	655.317609	391.748675987419
0.25	657.954114	379.290007035821
0.250393700787402	660.658521	369.766828735475
0.250787401574803	663.050704	418.028219412972
0.251181102362205	665.409553	423.935571967521
0.251574803149606	667.74236	428.668123852509
0.251968503937008	670.249255	398.899834257121
0.252362204724409	672.558814	432.983093309149
0.252755905511811	675.056271	400.407294299753
0.253149606299213	677.70441	377.62368214055
0.253543307086614	680.296135	385.843405453897
0.253937007874016	682.740289	409.139522305074
0.254330708661417	685.117304	420.695704486504
0.254724409448819	687.726423	383.27113481601
0.25511811023622	690.123881	417.108454037563
0.255511811023622	692.510099	419.073194486005
0.255905511811024	694.996725	402.151348855839
0.256299212598425	697.49154	400.831324166318
0.256692913385827	699.889813	416.966708960987
0.257086614173228	702.594864	369.678797183488
0.25748031496063	705.280006	372.419782640928
0.257874015748031	707.794137	397.751748019491
0.258267716535433	710.499477	369.639305965242
0.258661417322835	713.184105	372.491086288293
0.259055118110236	715.861412	373.509649808568
0.259448818897638	718.486972	380.87112844497
0.259842519685039	721.174752	372.054260393339
0.260236220472441	723.758414	387.047531759185
0.260629921259843	726.406837	377.583188184066
0.261023622047244	729.049181	378.451859409678
0.261417322834646	731.740717	371.535063993194
0.261811023622047	734.067202	429.832988392372
0.262204724409449	736.403379	428.04975821609
0.26259842519685	738.718671	431.910964146207
0.262992125984252	741.017355	435.031522384116
0.263385826771654	743.589393	388.796744060543
0.263779527559055	746.034779	408.933395382163
0.264173228346457	748.59032	391.306576572231
0.264566929133858	751.194171	384.046552586924
0.26496062992126	753.694156	400.002400014394
0.265354330708661	756.36307	374.684234861075
0.265748031496063	759.176826	355.396843223078
0.266141732283465	762.083509	344.03476402483
0.266535433070866	764.808478	366.976651844481
0.266929133858268	767.733871	341.834413359164
0.267322834645669	770.534975	357.002096316308
0.267716535433071	773.236013	370.228038257895
0.268110236220472	776.103412	348.748116324226
0.268503937007874	778.919776	355.067739823415
0.268897637795276	781.796655	347.598908400384
0.269291338582677	784.646608	350.882979473693
0.269685039370079	787.339694	371.321227766214
0.27007874015748	789.964703	380.951074834413
0.270472440944882	792.741082	360.181372932151
0.270866141732283	795.548112	356.248419147648
0.271259842519685	798.327595	359.779138782281
0.271653543307087	801.141184	355.417937730069
0.272047244094488	803.951405	355.843899821393
0.27244094488189	806.722966	360.807501620925
0.272834645669291	809.484799	362.078373312229
0.273228346456693	812.236323	363.434954592434
0.273622047244095	815.035943	357.191333109493
0.274015748031496	817.88546	350.936667512425
0.274409448818898	820.923335	329.177467802331
0.274803149606299	823.911485	334.655221458091
0.275196850393701	826.818154	344.036421071671
0.275590551181102	829.24885	411.404799283844
0.275984251968504	831.860052	382.965392949294
0.276377952755905	834.582833	367.271550668225
0.276771653543307	837.242196	376.029898889323
0.277165354330709	840.024985	359.351715131836
0.27755905511811	842.788064	361.915095442446
0.277952755905512	845.535053	364.034948811228
0.278346456692913	848.112662	387.956435595926
0.278740157480315	850.593653	403.064743080484
0.279133858267717	853.069613	403.883746102524
0.279527559055118	855.568383	400.196896873256
0.27992125984252	858.245964	373.47142812861
0.280314960629921	861.160876	343.063529876708
0.280708661417323	864.192299	329.878080360278
0.281102362204724	867.192737	333.284673770972
0.281496062992126	870.123802	341.172918376086
0.281889763779528	873.06002	340.574167176954
0.282283464566929	875.98402	341.99726402189
0.282677165354331	878.944949	337.731840243387
0.283070866141732	881.914011	336.806708650745
0.283464566929134	885.121601	311.760542962152
0.283858267716535	888.029099	343.938327730588
0.284251968503937	891.076694	328.127589131758
0.284645669291339	893.949687	348.069069433854
0.28503937007874	896.980405	329.954815987501
0.285433070866142	899.886814	344.067197699987
0.285826771653543	902.878071	334.307617165624
0.286220472440945	905.842787	337.300436196917
0.286614173228346	908.868558	330.494277326345
0.287007874015748	911.863259	333.923152929128
0.28740157480315	914.832288	336.810452171403
0.287795275590551	917.790854	338.001585903439
0.288188976377953	920.793528	333.036486811414
0.288582677165354	923.701968	343.826931275882
0.288976377952756	926.746191	328.491046812275
0.289370078740157	929.84193	323.024647749687
0.289763779527559	932.935816	323.218114694595
0.290157480314961	936.06663	319.405751986545
0.290551181102362	939.155897	323.701382884683
0.290944881889764	942.26296	321.84735230666
0.291338582677165	945.391315	319.656816441874
0.291732283464567	948.728533	299.650786972861
0.292125984251969	951.848769	320.488578428044
0.29251968503937	954.464775	382.262120193902
0.292913385826772	957.578763	321.131616435264
0.293307086614173	960.699829	320.403349368449
0.293700787401575	963.848317	317.612771590688
0.294094488188976	966.904995	327.152549270806
0.294488188976378	970.064253	316.530020656747
0.29488188976378	973.155472	323.496976435507
0.295275590551181	975.922097	361.451226675104
0.295669291338583	978.731368	355.964234137615
0.296062992125984	981.880444	317.553466477147
0.296456692913386	985.091349	311.438675389023
0.296850393700787	987.92146	353.343031421737
0.297244094488189	990.844657	342.091210411072
0.297637795275591	994.036291	313.319133710191
0.298031496062992	997.261792	310.029356679783
0.298425196850394	1000.341016	324.757146605773
0.298818897637795	1003.649423	302.260272088653
0.299212598425197	1006.888882	308.693519504336
0.299606299212598	1010.154595	306.211844090402
0.3	1013.394401	308.660456829818
0.300393700787402	1016.554536	316.442177312048
0.300787401574803	1019.352415	357.413597943304
0.301181102362205	1022.705808	298.205429545529
0.301574803149606	1025.992026	304.301175393734
0.301968503937008	1029.172423	314.426154973726
0.302362204724409	1032.325783	317.122053936117
0.302755905511811	1035.356055	330.003379234607
0.303149606299213	1038.571603	310.988982282323
0.303543307086614	1041.564558	334.117953661188
0.303937007874016	1044.444852	347.1867802384
0.304330708661417	1047.311955	348.784121114611
0.304724409448819	1050.241995	341.292269047499
0.30511811023622	1053.169523	341.585118912619
0.305511811023622	1055.99726	353.639677240131
0.305905511811024	1058.77838	359.567368542186
0.306299212598425	1061.724892	339.384329675225
0.306692913385827	1064.594746	348.449781765898
0.307086614173228	1067.868349	305.473815853655
0.30748031496063	1070.95255	324.233083382061
0.307874015748031	1073.992274	328.977236091174
0.308267716535433	1076.826321	352.852299203217
0.308661417322835	1079.938715	321.296082693901
0.309055118110236	1082.948695	332.228121117079
0.309448818897638	1085.91859	336.712240668447
0.309842519685039	1088.98055	326.588198408862
0.310236220472441	1092.057116	325.037720627483
0.310629921259843	1095.085315	330.229288101598
0.311023622047244	1098.134682	327.936912808454
0.311417322834646	1101.226962	323.385980570986
0.311811023622047	1104.308062	324.559410600099
0.312204724409449	1107.381119	325.408868107573
0.31259842519685	1110.311869	341.209587989424
0.312992125984252	1113.310708	333.462383275651
0.313385826771654	1116.220061	343.719033063364
0.313779527559055	1119.559697	299.433830513272
0.314173228346457	1122.850793	303.850145969596
0.314566929133858	1125.922253	325.578063852382
0.31496062992126	1129.071144	317.572123010922
0.315354330708661	1132.205361	319.058954756479
0.315748031496063	1135.382336	314.76483132541
0.316141732283465	1138.593306	311.432370903488
0.316535433070866	1141.79796	312.046167854615
0.316929133858268	1145.235653	290.892758602948
0.317322834645669	1148.30097	326.230533416278
0.317716535433071	1151.301534	333.270678445792
0.318110236220472	1154.412406	321.453277409038
0.318503937007874	1157.484681	325.49169589311
0.318897637795276	1160.413444	341.441079390842
0.319291338582677	1163.621148	311.749463167432
0.319685039370079	1167.284131	273.001540001692
0.32007874015748	1170.966808	271.541598679438
0.320472440944882	1174.048651	324.481162732802
0.320866141732283	1177.033441	335.031945295987
0.321259842519685	1180.020384	334.79045298154
0.321653543307087	1183.073995	327.481136267843
0.322047244094488	1186.088666	331.711155213937
0.32244094488189	1189.168716	324.670054057585
0.322834645669291	1192.589366	292.342098723925
0.323228346456693	1195.772911	314.115239457891
0.323622047244094	1199.086082	301.825652826249
0.324015748031496	1202.219183	319.172602479152
0.324409448818898	1205.72252	285.442137025348
0.324803149606299	1209.328741	277.298590408075
0.325196850393701	1212.668337	299.437416980974
0.325590551181102	1216.269364	277.698556550678
0.325984251968504	1219.84177	279.92339056647
0.326377952755906	1223.072048	309.570879038894
0.326771653543307	1226.722551	273.934852265559
0.327165354330709	1230.674652	253.029970640942
0.32755905511811	1234.537772	258.85812503883
0.327952755905512	1238.282271	267.05842357014
0.328346456692913	1241.739046	289.286979916261
0.328740157480315	1245.444901	269.843261541522
0.329133858267717	1249.185138	267.362736639418
0.329527559055118	1252.496556	301.985433430633
0.32992125984252	1255.722178	310.017726813626
0.330314960629921	1259.342326	276.231800467828
0.330708661417323	1263.072731	268.067408230472
0.331102362204724	1266.858521	264.145660483007
0.331496062992126	1270.629614	265.175109709584
0.331889763779528	1274.505395	258.012514122963
0.332283464566929	1278.455942	253.129503332061
0.332677165354331	1282.447595	250.52277840784
0.333070866141732	1286.270545	261.578100681412
0.333464566929134	1290.03018	265.983266992681
0.333858267716535	1293.655035	275.873103889671
0.334251968503937	1297.119977	288.605119508489
0.334645669291339	1300.49012	296.723314114576
0.33503937007874	1303.902607	293.041409388515
0.335433070866142	1307.655641	266.451089971469
0.335826771653543	1311.21975	280.575032918472
0.336220472440945	1314.746795	283.523459439839
0.336614173228346	1318.156414	293.287901082201
0.337007874015748	1321.836761	271.713509622871
0.33740157480315	1325.305108	288.321785565286
0.337795275590551	1328.884414	279.383768808807
0.338188976377953	1332.330886	290.151784201363
0.338582677165354	1335.845094	284.559138218337
0.338976377952756	1339.343518	285.842996732252
0.339370078740157	1342.799091	289.387606628465
0.339763779527559	1346.44126	274.561669159231
0.340157480314961	1350.19607	266.325060389214
0.340551181102362	1353.911982	269.112939165397
0.340944881889764	1357.566336	273.646176588255
0.341338582677165	1361.101726	282.854225417846
0.341732283464567	1364.808813	269.753582799648
0.342125984251968	1368.409834	277.699019250378
0.34251968503937	1372.078839	272.553457953862
0.342913385826772	1375.581812	285.471797812896
0.343307086614173	1379.523377	253.706332383198
0.343700787401575	1383.267324	267.097798125886
0.344094488188976	1387.097072	261.113786076779
0.344488188976378	1390.682266	278.924934048199
0.34488188976378	1394.407037	268.47288061468
0.345275590551181	1397.945762	282.587655158275
0.345669291338583	1401.430047	287.002928864889
0.346062992125984	1404.90584	287.70412967632
0.346456692913386	1408.180614	305.364583937681
0.346850393700787	1411.853578	272.259679103862
0.347244094488189	1415.357541	285.391141401883
0.347637795275591	1419.08456	268.310947703787
0.348031496062992	1422.700527	276.551196401962
0.348425196850394	1426.375443	272.115063310295
0.348818897637795	1430.284666	255.805309648483
0.349212598425197	1434.163374	257.817809435516
0.349606299212598	1437.88027	269.041695005716
0.35	1441.500968	276.189839638659
0.350393700787402	1445.205842	269.914712349191
0.350787401574803	1449.282404	245.304744537188
0.351181102362205	1453.670415	227.893685772437
0.351574803149606	1457.636767	252.120840510379
0.351968503937008	1461.563707	254.651204245541
0.352362204724409	1465.40492	260.334430816521
0.352755905511811	1469.095168	270.984497518858
0.353149606299213	1472.85732	265.805315681024
0.353543307086614	1476.795849	253.901900938141
0.353937007874016	1480.537776	267.241985212446
0.354330708661417	1484.343592	262.755740161896
0.354724409448819	1488.165467	261.651676206044
0.35511811023622	1491.843897	271.85511209946
0.355511811023622	1495.51436	272.445192881666
0.355905511811024	1499.317752	262.923201184625
0.356299212598425	1503.180634	258.874073813274
0.356692913385827	1507.245386	246.017469208454
0.357086614173228	1510.997487	266.517345881678
0.35748031496063	1514.880566	257.527596013373
0.357874015748032	1518.749314	258.481555273188
0.358267716535433	1522.309544	280.88072961578
0.358661417322835	1525.925006	276.589824481631
0.359055118110236	1529.500777	279.659967039274
0.359448818897638	1533.11225	276.895327751313
0.359842519685039	1536.626484	284.557032912437
0.360236220472441	1540.402759	264.811222699606
0.360629921259843	1544.596913	238.427105919333
0.361023622047244	1548.846341	235.325789729826
0.361417322834646	1553.005328	240.443165607393
0.361811023622047	1556.881608	257.979299740992
0.362204724409449	1560.564957	271.492057907074
0.36259842519685	1564.336532	265.141220842752
0.362992125984252	1568.087723	266.582000223391
0.363385826771654	1571.95417	258.635382820463
0.363779527559055	1576.246306	232.984229763454
0.364173228346457	1580.509972	234.539947547483
0.364566929133858	1584.71702	237.696360963793
0.36496062992126	1588.432195	269.166324601126
0.365354330708661	1592.189123	266.174917379304
0.365748031496063	1595.842069	273.751651406842
0.366141732283465	1599.521371	271.790682036973
0.366535433070866	1603.437826	255.332947780579
0.366929133858268	1607.515915	245.212892607305
0.367322834645669	1611.369366	259.507646522562
0.367716535433071	1615.291958	254.933472560993
0.368110236220472	1619.101056	262.529344217453
0.368503937007874	1622.960746	259.088165111706
0.368897637795276	1626.866299	256.045686743974
0.369291338582677	1630.818761	253.006860028005
0.369685039370079	1634.531053	269.375361636428
0.37007874015748	1638.44151	255.724586665946
0.370472440944882	1642.36941	254.588966114215
0.370866141732283	1645.996112	275.732607752165
0.371259842519685	1649.641133	274.346841897478
0.371653543307087	1653.507792	258.621202438589
0.372047244094488	1657.289301	264.444696548394
0.37244094488189	1661.272358	251.063441974348
0.372834645669291	1664.968462	270.555157538849
0.373228346456693	1668.960559	250.494915328958
0.373622047244094	1672.85576	256.726161243039
0.374015748031496	1676.762149	255.990890820142
0.374409448818898	1680.713905	253.052060906584
0.374803149606299	1685.016693	232.407453028132
0.375196850393701	1689.279152	234.606362196092
0.375590551181102	1693.358268	245.151155299341
0.375984251968504	1697.336275	251.382161972067
0.376377952755906	1701.488259	240.84871232644
0.376771653543307	1705.547463	246.353718610833
0.377165354330709	1710.087279	220.273244554406
0.37755905511811	1714.29109	237.879390867009
0.377952755905512	1718.224484	254.233366909078
0.378346456692913	1722.238943	249.099567338962
0.378740157480315	1726.405944	239.980743945104
0.379133858267717	1730.740834	230.686361130278
0.379527559055118	1735.194749	224.521572593996
0.37992125984252	1739.730324	220.479211566334
0.380314960629921	1744.197254	223.867398862315
0.380708661417323	1748.547004	229.898270015514
0.381102362204724	1752.943487	227.454535818745
0.381496062992126	1757.34383	227.255011711586
0.381889763779528	1761.852923	221.7740907096
0.382283464566929	1766.141739	233.164584351486
0.382677165354331	1770.029698	257.204358379285
0.383070866141732	1774.505827	223.407323604843
0.383464566929134	1779.063287	219.420466663449
0.383858267716535	1783.555802	222.592467693479
0.384251968503937	1788.032469	223.380474804139
0.384645669291339	1792.722742	213.207205636008
0.38503937007874	1797.146402	226.057156291389
0.385433070866142	1801.649125	222.087834405989
0.385826771653543	1805.990441	230.344900025706
0.386220472440945	1810.615387	216.218740716101
0.386614173228346	1815.131123	221.447843718064
0.387007874015748	1819.867894	211.114280171024
0.38740157480315	1824.625806	210.176228564125
0.387795275590551	1828.929957	232.333856316841
0.388188976377953	1833.820685	204.468537199376
0.388582677165354	1838.127618	232.183783680866
0.388976377952756	1842.830893	212.617803551777
0.389370078740157	1847.471939	215.468668054574
0.389763779527559	1852.505511	198.666076495973
0.390157480314961	1857.296787	208.712668608533
0.390551181102362	1862.067947	209.59263575315
0.390944881889764	1866.909582	206.541798380093
0.391338582677165	1871.537985	216.057244799127
0.391732283464567	1876.623839	196.623811851455
0.392125984251968	1881.427061	208.193583390482
0.39251968503937	1886.375452	202.08589014086
0.392913385826772	1891.261117	204.680427331795
0.393307086614173	1895.942885	213.594522411195
0.393700787401575	1900.241813	232.61613127737
0.394094488188976	1904.570368	231.023979133924
0.394488188976378	1908.805779	236.104595280121
0.39488188976378	1913.48046	213.918340096363
0.395275590551181	1918.161426	213.63111802137
0.395669291338583	1922.92877	209.760403276957
0.396062992125984	1927.47671	219.879769741909
0.396456692913386	1932.102995	216.156159856124
0.396850393700787	1936.870812	209.739593612762
0.397244094488189	1941.27529	227.041660782496
0.397637795275591	1945.295781	248.725839704653
0.398031496062992	1949.167017	258.315432073894
0.398425196850394	1953.370863	237.877410352323
0.398818897637795	1957.976516	217.124477245688
0.399212598425197	1962.27026	232.896977556181
0.399606299212598	1966.304803	247.859546917706
0.4	1970.346799	247.402520932732
0.400393700787402	1974.343903	250.181131138942
0.400787401574803	1978.338942	250.310447532544
0.401181102362205	1982.392023	246.725885813778
0.401574803149606	1986.481451	244.532976249979
0.401968503937008	1990.545602	246.053849869271
0.402362204724409	1994.692891	241.121368682047
0.402755905511811	1998.749832	246.491137041428
0.403149606299213	2002.944691	238.387035178062
0.403543307086614	2007.123013	239.330525507609
0.403937007874016	2011.316619	238.458262411869
0.404330708661417	2015.541147	236.712835138034
0.404724409448819	2019.610432	245.74341684104
0.40511811023622	2023.784947	239.548785906857
0.405511811023622	2027.923004	241.659310154506
0.405905511811024	2032.007894	244.804633662101
0.406299212598425	2036.127012	242.770418327428
0.406692913385827	2040.20868	244.997878318372
0.407086614173228	2044.266171	246.457724736788
0.40748031496063	2048.345908	245.113839446035
0.407874015748032	2052.710318	229.126044528348
0.408267716535433	2056.880411	239.802805357088
0.408661417322835	2061.1159	236.100247220586
0.409055118110236	2065.277794	240.275220848952
0.409448818897638	2069.406297	242.21854749773
0.409842519685039	2073.544023	241.678641843374
0.410236220472441	2078.028248	223.003975045848
0.410629921259843	2082.17977	240.875515052063
0.411023622047244	2086.222378	247.365067303103
0.411417322834646	2090.390615	239.909582876413
0.411811023622047	2094.634149	235.652642349503
0.412204724409449	2098.912891	233.713554124088
0.41259842519685	2103.184288	234.115442793073
0.412992125984252	2107.371887	238.800324481889
0.413385826771654	2111.886448	221.50547971329
0.413779527559055	2116.694361	207.990452406288
0.414173228346457	2121.509469	207.679661598442
0.414566929133858	2126.170332	214.552541020834
0.41496062992126	2130.511654	230.344581673521
0.415354330708661	2134.755632	235.627988646503
0.415748031496063	2139.562671	208.028268545345
0.416141732283465	2144.392056	207.065702982885
0.416535433070866	2148.552414	240.363930219462
0.416929133858268	2152.825126	234.043389772119
0.417322834645669	2156.961941	241.731863764765
0.417716535433071	2161.136029	239.573291219557
0.418110236220472	2165.267995	242.015544174349
0.418503937007874	2169.501442	236.214129998553
0.418897637795276	2173.702753	238.020941558491
0.419291338582677	2177.94062	235.967763971838
0.419685039370079	2182.784304	206.454426011278
0.42007874015748	2187.131667	230.024499909469
0.420472440944882	2191.509141	228.442247743796
0.420866141732283	2195.828176	231.533201282232
0.421259842519685	2200.207472	228.347204664856
0.421653543307087	2204.95926	210.447099070917
0.422047244094488	2209.575611	216.621309774749
0.42244094488189	2213.944201	228.906809748705
0.422834645669291	2218.363513	226.279565688053
0.423228346456693	2222.782036	226.319971628514
0.423622047244094	2227.258753	223.377979890174
0.424015748031496	2231.607339	229.95980762482
0.424409448818898	2236.00331	227.481027513607
0.424803149606299	2240.960674	201.720107702405
0.425196850393701	2245.866835	203.825353468837
0.425590551181102	2250.531447	214.380102782395
0.425984251968504	2254.825136	232.899960849512
0.426377952755906	2259.268302	225.064739872423
0.426771653543307	2263.553106	233.382903862119
0.427165354330709	2267.746825	238.451837140238
0.42755905511811	2272.177566	225.695882472046
0.427952755905512	2276.832398	214.830524495828
0.428346456692913	2281.4431	216.886712695813
0.428740157480315	2286.576258	194.811848768337
0.429133858267717	2291.671128	196.275861798244
0.429527559055118	2296.761719	196.440845473536
0.42992125984252	2301.386383	216.231925173378
0.430314960629921	2305.801659	226.486407644723
0.430708661417323	2310.283041	223.145449327911
0.431102362204724	2314.983693	212.736445922821
0.431496062992126	2319.66013	213.838013855417
0.431889763779528	2324.030067	228.836250957397
0.432283464566929	2328.485752	224.432382450739
0.432677165354331	2333.125835	215.51338629073
0.433070866141732	2337.684042	219.384507987459
0.433464566929134	2342.18129	222.358206618797
0.433858267716535	2346.492014	231.979593219147
0.434251968503937	2351.097286	217.142440229361
0.434645669291339	2355.726284	216.029473333121
0.43503937007874	2360.661676	202.618150696021
0.435433070866142	2365.52557	205.596585780874
0.435826771653543	2370.3969	205.282746190449
0.436220472440945	2375.040934	215.330034190107
0.436614173228346	2379.741843	212.724815562281
0.437007874015748	2384.391993	215.04682644644
0.43740157480315	2388.902864	221.686676475566
0.437795275590551	2393.379946	223.359768706498
0.438188976377953	2398.203472	207.317219809735
0.438582677165354	2402.899132	212.962608025289
0.438976377952756	2407.403985	221.982826076682
0.439370078740157	2411.92777	221.053829923401
0.439763779527559	2416.517063	217.898486760379
0.440157480314961	2421.285451	209.714477932566
0.440551181102362	2425.945652	214.583019058634
0.440944881889764	2430.645905	212.754504917077
0.441338582677165	2435.231897	218.055330231702
0.441732283464567	2439.656305	226.018938578909
0.442125984251969	2444.221405	219.053251845533
0.44251968503937	2448.840395	216.497546000298
0.442913385826772	2453.214435	228.621594681363
0.443307086614173	2458.029602	207.677116909955
0.443700787401575	2462.540968	221.662352378428
0.444094488188976	2467.136433	217.605835318064
0.444488188976378	2471.924284	208.861971686251
0.44488188976378	2476.617325	213.08145400818
0.445275590551181	2481.32597	212.3753224123
0.445669291338583	2486.475432	194.195044064786
0.446062992125984	2491.560647	196.648519285827
0.446456692913386	2496.448134	204.604124778217
0.446850393700787	2501.564584	195.448015714021
0.447244094488189	2506.275272	212.283216379448
0.447637795275591	2510.972666	212.883994827759
0.448031496062992	2515.881788	203.702413588417
0.448425196850394	2520.689993	207.97782124515
0.448818897637795	2525.472951	209.075638966504
0.449212598425197	2530.995132	181.087870897392
0.449606299212598	2535.895519	204.065515641922
0.45	2541.01252	195.426969820797
0.450393700787402	2545.933961	203.192520239501
0.450787401574803	2551.144819	191.906975780191
0.451181102362205	2556.419675	189.578634942831
0.451574803149606	2561.286602	205.468460899453
0.451968503937008	2566.337144	197.9985514426
0.452362204724409	2571.2986	201.553737451264
0.452755905511811	2576.858641	179.854788840595
0.453149606299213	2582.240607	185.805707431063
0.453543307086614	2587.728204	182.229125061485
0.453937007874016	2593.205907	182.558273057155
0.454330708661417	2598.737254	180.787790026549
0.454724409448819	2604.167008	184.170406246773
0.45511811023622	2609.584743	184.578979961183
0.455511811023622	2614.844372	190.127478573104
0.455905511811024	2619.612924	209.707265434035
0.456299212598425	2624.430856	207.557931494262
0.456692913385827	2629.813604	185.778713772222
0.457086614173228	2635.648262	171.389651287181
0.45748031496063	2641.460958	172.037209583988
0.457874015748031	2646.84135	185.860063727698
0.458267716535433	2651.625335	209.030755740245
0.458661417322835	2656.530991	203.846335739811
0.459055118110236	2661.373379	206.509680760813
0.459448818897638	2666.187734	207.71214420208
0.459842519685039	2671.347057	193.823879605915
0.460236220472441	2676.158583	207.834271289401
0.460629921259843	2681.137984	200.827368593128
0.461023622047244	2686.658177	181.153086495351
0.461417322834646	2692.067461	184.867350281469
0.461811023622047	2696.989168	203.181538437783
0.462204724409449	2701.797622	207.967051364119
0.46259842519685	2706.653305	205.94425130307
0.462992125984252	2712.006352	186.809493733193
0.463385826771654	2717.422297	184.639984342523
0.463779527559055	2722.016984	217.642681645136
0.464173228346457	2726.690604	213.96690359935
0.464566929133858	2731.659295	201.260251442481
0.46496062992126	2736.785713	195.067979240075
0.465354330708661	2741.649976	205.580989350291
0.465748031496063	2746.496661	206.326592299686
0.466141732283465	2751.517195	199.181999365017
0.466535433070866	2756.571085	197.867385321005
0.466929133858268	2761.325616	210.325687223407
0.467322834645669	2766.436902	195.645479435123
0.467716535433071	2771.442027	199.795209909837
0.468110236220472	2776.229738	208.868079130092
0.468503937007874	2781.277827	198.094764177102
0.468897637795276	2786.719422	183.769648421089
0.469291338582677	2791.743877	199.02656108972
0.469685039370079	2797.348028	178.439160543676
0.47007874015748	2802.395783	198.107871717227
0.470472440944882	2807.265	205.37182877658
0.470866141732283	2812.062193	208.455236218332
0.471259842519685	2816.994684	202.737318730047
0.471653543307087	2821.896129	204.021467138755
0.472047244094488	2826.917658	199.142532085361
0.47244094488189	2831.821673	203.914547569692
0.472834645669291	2836.625578	208.163983259443
0.473228346456693	2841.463461	206.701981011129
0.473622047244095	2846.258702	208.540092145514
0.474015748031496	2850.951433	213.095530086847
0.474409448818898	2855.777882	207.19166409923
0.474803149606299	2860.762957	200.598787380328
0.475196850393701	2865.799373	198.553892291665
0.475590551181102	2870.756346	201.736019139088
0.475984251968504	2875.77531	199.244306195467
0.476377952755905	2880.732392	201.731583217712
0.476771653543307	2885.674201	202.355048525756
0.477165354330709	2891.008647	187.460890971611
0.47755905511811	2896.206906	192.372099966555
0.477952755905512	2901.249479	198.311457265956
0.478346456692913	2905.998731	210.559473365487
0.478740157480315	2911.048331	198.035487959449
0.479133858267717	2915.902181	206.022023754341
0.479527559055118	2920.885585	200.666050755666
0.47992125984252	2925.801623	203.415840154212
0.480314960629921	2930.778894	200.913311732465
0.480708661417323	2935.873953	196.268580991907
0.481102362204724	2940.800191	202.994658398558
0.481496062992126	2945.971602	193.370822779305
0.481889763779528	2950.895332	203.098057773274
0.482283464566929	2955.881441	200.557187979647
0.482677165354331	2961.040299	193.841350159288
0.483070866141732	2965.872622	206.939809280129
0.483464566929134	2970.862169	200.418995952934
0.483858267716535	2975.825536	201.476135051072
0.484251968503937	2981.244489	184.537492759199
0.484645669291339	2986.513333	189.794953124453
0.48503937007874	2991.772455	190.145807608193
0.485433070866142	2997.126588	186.771602423763
0.485826771653543	3002.329831	192.18783362607
0.486220472440945	3007.565983	190.979940994839
0.486614173228346	3012.804727	190.885448878578
0.487007874015748	3017.700903	204.241024015487
0.48740157480315	3023.010909	188.323704342325
0.487795275590551	3028.22733	191.702318505348
0.488188976377953	3033.306333	196.889035111819
0.488582677165354	3038.896293	178.89215665229
0.488976377952756	3044.384858	182.196985915258
0.489370078740157	3049.541835	193.912053515069
0.489763779527559	3055.542059	166.660444676735
0.490157480314961	3061.470442	168.680059975884
0.490551181102362	3067.513414	165.48148824783
0.490944881889764	3073.270085	173.711507918376
0.491338582677165	3079.311389	165.527177576236
0.491732283464567	3085.23388	168.847871613474
0.492125984251969	3091.110429	170.167899561472
0.49251968503937	3097.093397	167.141124605707
0.492913385826772	3103.052353	167.814630616506
0.493307086614173	3108.992503	168.345917190646
0.493700787401575	3115.126618	163.022701726333
0.494094488188976	3121.035715	169.230594793073
0.494488188976378	3127.161624	163.241079813628
0.49488188976378	3133.215105	165.194208092821
0.495275590551181	3139.238098	166.030410462052
0.495669291338583	3145.399604	162.297983642301
0.496062992125984	3151.402623	166.582847730457
0.496456692913386	3157.324175	168.874646376483
0.496850393700787	3162.813376	182.175875869735
0.497244094488189	3168.110059	188.797403960176
0.497637795275591	3174.137852	165.898198561238
0.498031496062992	3180.259809	163.346459310307
0.498425196850394	3186.280968	166.080982083353
0.498818897637795	3191.779971	181.851146471464
0.499212598425197	3197.315737	180.643473730646
0.499606299212598	3202.413271	196.173286926581
0.5	3207.667608	190.318968882267
0.500393700787402	3212.958182	189.015407401931
0.500787401574803	3218.064665	195.82949752305
0.501181102362205	3223.249198	192.881403204489
0.501574803149606	3228.350885	196.013593150663
0.501968503937008	3233.664901	188.18159373249
0.502362204724409	3238.98584	187.936753268559
0.502755905511811	3244.220023	191.0517840129
0.503149606299213	3249.48661	189.876289900838
0.503543307086614	3254.839366	186.819649541275
0.503937007874016	3260.271827	184.078633974551
0.504330708661417	3265.431874	193.796684410051
0.504724409448819	3270.986865	180.018293458982
0.50511811023622	3276.332561	187.066380130846
0.505511811023622	3281.550435	191.648935945945
0.505905511811024	3286.673134	195.209595566712
0.506299212598425	3291.904658	191.148888927975
0.506692913385827	3297.063796	193.830829878945
0.507086614173228	3302.24985	192.824833678931
0.50748031496063	3307.378297	194.990803258762
0.507874015748031	3312.973777	178.715677654108
0.508267716535433	3318.358394	185.714230000027
0.508661417322835	3323.689145	187.590829134583
0.509055118110236	3329.155961	182.921832379209
0.509448818897638	3334.516945	186.53292007587
0.509842519685039	3339.882403	186.377379153832
0.510236220472441	3345.241729	186.590627254256
0.510629921259843	3350.941932	175.432348637398
0.511023622047244	3356.455585	181.367960588017
0.511417322834646	3362.036389	179.18565138644
0.511811023622047	3367.454679	184.560073381083
0.512204724409449	3373.062201	178.33189062833
0.51259842519685	3378.570921	181.530373662127
0.512992125984252	3384.053996	182.379413011856
0.513385826771654	3389.640444	179.004619751226
0.513779527559055	3395.153795	181.377895221978
0.514173228346457	3400.793883	177.302198121742
0.514566929133858	3406.207502	184.719316228189
0.51496062992126	3412.0552	171.007463107717
0.515354330708661	3417.666861	178.200358147068
0.515748031496063	3423.127306	183.135257291311
0.516141732283465	3428.528452	185.145893112308
0.516535433070866	3433.822765	188.881919146077
0.516929133858268	3439.283781	183.116108797331
0.517322834645669	3445.078142	172.581584060786
0.517716535433071	3450.622902	180.350457008051
0.518110236220472	3456.242882	177.93657628675
0.518503937007874	3462.270647	165.89896918676
0.518897637795276	3468.331005	165.006753726425
0.519291338582677	3474.178954	171.00012329109
0.519685039370079	3480.094268	169.052733295312
0.52007874015748	3485.730926	177.410089453704
0.520472440944882	3491.384783	176.870408996909
0.520866141732284	3497.392997	166.438811933132
0.521259842519685	3503.180583	172.783609608568
0.521653543307087	3508.989493	172.149336106079
0.522047244094488	3514.632205	177.219748234542
0.52244094488189	3520.043547	184.797042951626
0.522834645669291	3525.551365	181.560102385387
0.523228346456693	3531.12177	179.520160562819
0.523622047244094	3536.656155	180.688549856942
0.524015748031496	3541.998603	187.180109193393
0.524409448818898	3547.522813	181.021358710113
0.524803149606299	3553.29743	173.171657964501
0.525196850393701	3558.724932	184.246822939908
0.525590551181102	3563.979156	190.323061978332
0.525984251968504	3569.772009	172.626510633019
0.526377952755905	3575.809096	165.642800907122
0.526771653543307	3581.481033	176.30661271449
0.527165354330709	3586.884541	185.064961502791
0.52755905511811	3592.483816	178.5945501873
0.527952755905512	3598.308645	171.678859585402
0.528346456692913	3603.836132	180.914039237004