0,0
1,0
2,2
3,0
4,0
5,0
6,2
7,0
8,0
9,2
10,0
11,2
12,0
13,2
14,2
15,2
16,0
17,0
18,2
19,2
20,2
21,0
22,0
23,2
24,0
25,0
26,0
27,2
28,2
29,0
30,0
31,2
32,1
33,0
34,2
35,0
36,0
37,1
38,0
39,1
40,1
41,0
42,2
43,1
44,0
45,2
46,2
47,1
48,2
49,2
50,0
51,2
52,0
53,2
54,2
55,1
56,0
57,1
58,1
59,2
60,2
61,0
62,1
63,1
64,2
65,1
66,0
67,1
68,2
69,1
70,1
71,2
72,0
73,2
74,1
75,0
76,2
77,1
78,2
79,2
80,1
81,1
82,0
83,0
84,1
85,2
86,1
87,2
88,0
89,1
90,1
91,0
92,2
93,2
94,0
95,1
96,1
97,1
98,0
99,0
100,0
101,1
102,2
103,0
104,2
105,2
106,1
107,1
108,2
109,0
110,1
111,2
112,1
113,1
114,0
115,2
116,2
117,0
118,0
119,2
120,2
121,2
122,2
123,1
124,1
125,0
126,0
127,2
128,1
129,0
130,1
131,0
132,0
133,1
134,0
135,2
136,1
137,1
138,1
139,0
140,1
141,1
142,1
143,2
144,1
145,1
146,2
147,2
148,2
149,2
150,2
151,0
152,2
153,1
154,2
155,0
156,2
157,0
158,0
159,0
160,2
161,0
162,1
163,1
164,0
165,2
166,1
167,2
168,1
169,2
170,2
171,1
172,2
173,0
174,2
175,1
176,1
177,1
178,2
179,2
180,2
181,0
182,1
183,0
184,1
185,0
186,0
187,0
188,0
189,1
190,1
191,0
192,1
193,1
194,2
195,2
196,1
197,2
198,1
199,1
200,2
201,1
202,0
203,0
204,0
205,2
206,2
207,0
208,2
209,0
210,1
211,2
212,0
213,2
214,1
215,1
216,0
217,1
218,2
219,1
220,2
221,2
222,0
223,2
224,1
225,0
226,0
227,0
228,2
229,1
230,1
231,1
232,1
233,2
234,2
235,1
236,2
237,0
238,2
239,2
240,1
241,2
242,2
243,1
244,1
245,2
246,1
247,2
248,1
249,2
250,0
251,2
252,2
253,2
254,2
255,0
256,2
257,2
258,0
259,1
260,0
261,0
262,0
263,1
264,2
265,1
266,1
267,1
268,0
269,0
270,1
271,1
272,0
273,2
274,1
275,1
276,2
277,1
278,0
279,0
280,2
281,1
282,0
283,0
284,0
285,0
286,2
287,1
288,1
289,1
290,2
291,1
292,0
293,0
294,2
295,0
296,1
297,0
298,0
299,0
300,0
301,2
302,0
303,0
304,0
305,2
306,1
307,0
308,0
309,2
310,0
311,2
312,0
313,1
314,1
315,0
316,1
317,0
318,1
319,0
320,0
321,2
322,0
323,1
324,1
325,0
326,0
327,2
328,1
329,1
330,2
331,1
332,2
333,0
334,0
335,2
336,1
337,0
338,2
339,1
340,0
341,0
342,0
343,1
344,2
345,1
346,1
347,1
348,0
349,2
350,1
351,2
352,0
353,0
354,1
355,1
356,1
357,2
358,0
359,1
360,0
361,2
362,1
363,0
364,0
365,1
366,1
367,1
368,1
369,2
370,0
371,2
372,2
373,2
374,1
375,1
376,1
377,2
378,0
379,1
380,2
381,0
382,0
383,2
384,0
385,2
386,1
387,0
388,0
389,2
390,0
391,1
392,2
393,1
394,2
395,1
396,1
397,1
398,1
399,0
400,2
401,2
402,2
403,2
404,2
405,1
406,0
407,0
408,1
409,2
410,0
411,0
412,0
413,2
414,0
415,1
416,2
417,2
418,0
419,2
420,2
421,0
422,0
423,0
424,1
425,0
426,0
427,0
428,0
429,0
430,0
431,1
432,2
433,0
434,0
435,1
436,1
437,2
438,1
439,2
440,0
441,1
442,0
443,1
444,1
445,2
446,1
447,1
448,2
449,2
450,2
451,0
452,0
453,0
454,2
455,2
456,1
457,1
458,2
459,2
460,1
461,2
462,2
463,0
464,1
465,0
466,1
467,1
468,2
469,2
470,0
471,2
472,2
473,2
474,0
475,2
476,2
477,2
478,1
479,1
480,1
481,2
482,0
483,1
484,2
485,2
486,2
487,1
488,1
489,1
490,1
491,1
492,1
493,2
494,1
495,2
496,1
497,0
498,2
499,2
500,1
501,0
502,2
503,1
504,0
505,2
506,2
507,2
508,1
509,0
510,2
511,2
512,1
513,2
514,1
515,1
516,0
517,2
518,0
519,0
520,1
521,1
522,2
523,1
524,2
525,2
526,1
527,0
528,0
529,2
530,0
531,2
532,2
533,1
534,2
535,1
536,2
537,2
538,2
539,2
540,2
541,0
542,1
543,1
544,0
545,1
546,0
547,0
548,1
549,1
550,2
551,0
552,1
553,2
554,2
555,1
556,2
557,1
558,0
559,2
560,0
561,2
562,2
563,2
564,1
565,2
566,2
567,2
568,2
569,2
570,1
571,0
572,2
573,2
574,1
575,2
576,1
577,2
578,0
579,0
580,0
581,2
582,2
583,2
584,2
585,1
586,0
587,2
588,1
589,2
590,0
591,2
592,1
593,1
594,2
595,0
596,0
597,1
598,1
599,1
600,1
601,0
602,2
603,2
604,0
605,2
606,2
607,1
608,0
609,1
610,0
611,2
612,1
613,1
614,2
615,2
616,1
617,1
618,1
619,2
620,0
621,2
622,2
623,1
624,1
625,2
626,1
627,0
628,2
629,1
630,0
631,2
632,1
633,1
634,1
635,1
636,1
637,1
638,2
639,2
640,0
641,1
642,1
643,1
644,2
645,1
646,2
647,0
648,0
649,0
650,2
651,1
652,2
653,0
654,2
655,2
656,2
657,1
658,0
659,1
660,2
661,2
662,1
663,1
664,2
665,0
666,0
667,1
668,1
669,0
670,2
671,0
672,1
673,0
674,0
675,2
676,0
677,1
678,0
679,2
680,0
681,0
682,1
683,2
684,2
685,2
686,0
687,2
688,0
689,1
690,1
691,2
692,2
693,1
694,1
695,0
696,1
697,0
698,2
699,2
700,1
701,1
702,1
703,0
704,2
705,1
706,2
707,0
708,0
709,2
710,2
711,2
712,0
713,0
714,0
715,2
716,2
717,0
718,1
719,2
720,2
721,0
722,1
723,2
724,0
725,1
726,2
727,1
728,0
729,2
730,1
731,2
732,1
733,1
734,0
735,1
736,2
737,2
738,1
739,1
740,0
741,0
742,2
743,2
744,1
745,2
746,2
747,1
748,1
749,1
750,1
751,0
752,1
753,0
754,0
755,0
756,0
757,0
758,1
759,0
760,2
761,2
762,2
763,1
764,1
765,0
766,2
767,2
768,1
769,0
770,0
771,1
772,1
773,0
774,0
775,1
776,0
777,0
778,1
779,0
780,2
781,0
782,0
783,1
784,0
785,1
786,2
787,0
788,0
789,2
790,1
791,0
792,0
793,2
794,0
795,1
796,2
797,0
798,0
799,2
800,2
801,2
802,0
803,2
804,0
805,1
806,0
807,0
808,2
809,0
810,2
811,0
812,1
813,0
814,0
815,2
816,2
817,1
818,0
819,0
820,0
821,1
822,1
823,2
824,1
825,2
826,1
827,2
828,2
829,2
830,1
831,0
832,0
833,1
834,0
835,0
836,1
837,0
838,2
839,1
840,1
841,2
842,0
843,1
844,1
845,0
846,0
847,2
848,0
849,2
850,1
851,1
852,2
853,2
854,2
855,0
856,1
857,0
858,2
859,0
860,1
861,0
862,0
863,0
864,2
865,2
866,2
867,1
868,0
869,1
870,2
871,0
872,2
873,2
874,2
875,1
876,0
877,0
878,1
879,1
880,1
881,0
882,0
883,2
884,0
885,1
886,1
887,1
888,1
889,0
890,2
891,0
892,1
893,0
894,0
895,1
896,2
897,2
898,1
899,1
900,1
901,0
902,1
903,1
904,0
905,2
906,1
907,1
908,0
909,0
910,0
911,1
912,2
913,0
914,1
915,2
916,2
917,0
918,1
919,2
920,0
921,2
922,2
923,2
924,2
925,1
926,0
927,1
928,0
929,2
930,1
931,1
932,2
933,0
934,0
935,1
936,2
937,1
938,2
939,1
940,1
941,0
942,1
943,0
944,1
945,2
946,1
947,0
948,1
949,2
950,2
951,0
952,2
953,2
954,1
955,2
956,2
957,0
958,2
959,2
960,0
961,2
962,1
963,0
964,0
965,0
966,2
967,1
968,0
969,0
970,1
971,1
972,2
973,0
974,2
975,0
976,0
977,1
978,2
979,0
980,0
981,0
982,2
983,1
984,0
985,1
986,2
987,1
988,0
989,2
990,2
991,2
992,2
993,1
994,2
995,1
996,2
997,0
998,1
999,1
