1128700 0.487304
1128700 0.950664
1128700 1.424703
1128700 2.330811
1128700 3.235770
1128700 4.083971
1128700 4.914132
1590000 0.661059
1590000 1.318978
1590000 2.528086
1590000 3.752710
1590000 4.914199
2650000 1.056042
2650000 2.939746
2650000 4.903717
415800 0.180660
415800 0.360291
415800 0.540661
415800 0.705242
415800 0.882955
415800 1.010004
415800 1.207767
415800 1.394736
415800 1.723516
415800 2.049245
415800 2.383622
415800 2.716353
415800 3.044946
415800 3.379764
415800 3.670370
415800 3.993383
415800 4.315363
415800 4.629865
415800 4.917106
464700 0.203387
464700 0.400590
464700 0.590620
464700 0.789310
464700 0.985090
464700 1.144382
464700 1.362633
464700 1.699421
464700 2.067942
464700 2.441635
464700 2.814025
464700 3.182351
464700 3.554286
464700 3.879310
464700 4.237430
464700 4.592527
464700 4.919215
527800 0.222815
527800 0.457521
527800 0.667122
527800 0.890594
527800 1.074609
527800 1.317601
527800 1.675337
527800 2.094402
527800 2.514888
527800 2.926348
527800 3.352650
527800 3.716588
527800 4.129831
527800 4.531885
527800 4.898699
607700 0.259149
607700 0.526312
607700 0.774645
607700 1.026208
607700 1.265716
607700 1.644140
607700 2.126899
607700 2.611814
607700 3.098588
607700 3.585423
607700 4.017983
607700 4.483214
607700 4.921310
718200 0.308015
718200 0.606408
718200 0.913928
718200 1.188637
718200 1.589339
718200 2.156660
718200 2.732676
718200 3.290905
718200 3.804019
718200 4.351655
718200 4.877006
7900000 4.799303
877800 0.378062
877800 0.743022
877800 1.074051
877800 1.532969
877800 2.232700
877800 2.916493
877800 3.565751
877800 4.250199
877800 4.892881
